/*--------------------------------*- C++ -*----------------------------------*\
| =========                 |                                                 |
| \\      /  F ield         | OpenFOAM: The Open Source CFD Toolbox           |
|  \\    /   O peration     | Version:  2.4.0                                 |
|   \\  /    A nd           | Web:      www.OpenFOAM.org                      |
|    \\/     M anipulation  |                                                 |
\*---------------------------------------------------------------------------*/
FoamFile
{
    version     2.0;
    format      ascii;
    class       volScalarField;
    location    "0.55";
    object      alphas;
}
// * * * * * * * * * * * * * * * * * * * * * * * * * * * * * * * * * * * * * //

dimensions      [0 0 0 0 0 0 0];

internalField   nonuniform List<scalar> 
575
(
3
3
3
3
3
3
3
3
3
3
3
3
3
3
3
3
3
3
3
3
3
3
3
3
3
3
3
3
3
3
3
3
3
3
3
3
3
3
3
3
2.99999
2.99999
3
2.99999
2.99999
3
2.99999
2.99999
2.99999
2.99999
3
2.99999
3
3
2.99999
2.99999
3
3
3
2.99999
3
3
3
2.99999
3
3
3
2.99999
3
3
3
3
3
3
3
3
3
3
3
3
3
3
3
3
3
3
3
3
3
3
3
3
3
3
3
3
3
3
3
3
3
2.99999
2.99999
2.99999
2.99999
3
3
3
3
3
3
3
3
2.99897
2.9815
2.9247
2.88048
2.00562
1.03244
3
2.99999
2.99999
2.99999
2.99999
3
3
3
3
3
3
3
3
3
2.99995
2.99974
2.99953
2.8675
1.27205
3
3
2.99999
2.99999
2.99999
3
3
3
3
3
3
3
3
3
3
3
3
2.99284
1.60351
3
3
3
2.99999
2.99999
3
3
3
3
3
3
3
3
3
3
3
3
2.99778
1.71209
3
3
3
2.99999
2.99999
3
3
3
3
3
3
3
3
3
3
3
3
2.99927
1.64505
3
3
3
3
3
3
3
3
3
3
3
3
3
3
3
3
3
2.99977
1.61041
3
3
3
3
3
3
3
3
3
3
3
3
3
3
3
3
3
2.99992
1.77354
3
3
3
3
3
3
3
3
3
3
3
3
3
3
3
3
3
2.99997
1.88075
3
3
2.99999
2.99999
2.99999
3
3
3
3
3
3
3
3
3
3
3
3
2.99998
1.93341
2.99999
2.99999
2.99999
2.99999
2.99999
3
3
3
3
3
3
3
3
3
3
3
3
2.99999
2.0682
2.99999
2.99999
2.99999
2.99999
2.99999
2.99999
3
3
3
3
3
3
3
3
3
3
3
2.99998
2.18797
2.99999
2.99999
2.99999
2.99999
2.99999
2.99999
3
3
3
3
3
3
3
3
3
3
3
2.99985
2.35413
2.99999
2.99999
2.99999
2.99999
2.99999
2.99999
3
3
3
3
3
3
3
3
3
3
3
2.99892
2.67787
2.99999
2.99999
2.99999
2.99999
2.99999
2.99999
3
3
3
3
3
3
3
3
2.99993
2.99998
2.99998
2.99719
2.95263
2.99999
2.99999
2.99999
2.99999
2.99999
2.99999
3
3
3
3
3
3
3
3
2.99986
2.99975
2.99998
2.99839
2.99803
2.99999
2.99999
2.99999
2.99999
2.99999
3
3
3
3
3
3
3
3
3
2.99987
2.99963
2.99998
2.9998
2.99979
2.99999
2.99999
2.99999
2.99999
2.99999
3
3
3
3
3
3
3
3
3
2.99988
2.99941
2.99986
2.99963
2.99881
2.99999
2.99999
2.99999
2.99999
3
3
3
3
3
3
3
3
3
3
2.99997
2.99885
2.99206
2.95665
2.65043
3
2.99999
2.99999
3
3
3
3
3
3
3
3
3
3
3
2.99998
2.99653
2.89518
2.33478
1.36922
3
3
3
3
3
3
3
3
3
3
3
3
3
3
2.99999
2.99503
2.75511
1.55695
1.03008
3
3
3
3
3
3
3
3
3
3
3
3
3
3
3
2.99869
2.88724
1.68717
1.02835
3
3
3
3
3
3
3
3
3
3
3
3
3
3
3
2.99993
2.99079
2.14115
1.02835
3
3
3
3
3
3
3
3
3
3
3
3
3
3
3
3
2.99984
2.65601
1.02835
3
3
3
3
3
3
3
3
3
3
3
3
3
3
3
3
3
2.95006
1.26763
3
3
3
3
3
3
3
3
3
3
3
3
3
3
3
3
3
2.9976
2.11244
)
;

boundaryField
{
    leftWall
    {
        type            zeroGradient;
    }
    rightWall
    {
        type            zeroGradient;
    }
    lowerWall
    {
        type            zeroGradient;
    }
    atmosphere
    {
        type            zeroGradient;
    }
    defaultFaces
    {
        type            empty;
    }
    procBoundary3to1
    {
        type            processor;
        value           nonuniform List<scalar> 
23
(
3
3
3
3
3
2.99999
2.99999
2.99999
3
3
3
3
3
3.00001
3
3
2.99798
2.92744
2.51144
1.77157
1.25623
1.02431
1.01298
)
;
    }
    procBoundary3to2
    {
        type            processor;
        value           nonuniform List<scalar> 
25
(
3
3
3
3
3
3
3
2.99999
2.99999
2.99999
2.99999
2.99999
2.99999
2.99999
3
3
3
3
3
3
3
3
3
3
3
)
;
    }
}


// ************************************************************************* //
