/*--------------------------------*- C++ -*----------------------------------*\
| =========                 |                                                 |
| \\      /  F ield         | OpenFOAM: The Open Source CFD Toolbox           |
|  \\    /   O peration     | Version:  2.4.0                                 |
|   \\  /    A nd           | Web:      www.OpenFOAM.org                      |
|    \\/     M anipulation  |                                                 |
\*---------------------------------------------------------------------------*/
FoamFile
{
    version     2.0;
    format      ascii;
    class       surfaceScalarField;
    location    "0.55";
    object      phi;
}
// * * * * * * * * * * * * * * * * * * * * * * * * * * * * * * * * * * * * * //

dimensions      [0 3 -1 0 0 0 0];

internalField   nonuniform List<scalar> 
4432
(
2.48918e-06
-2.48918e-06
5.19157e-06
-2.70239e-06
7.04048e-06
-1.84892e-06
1.02775e-05
-3.23698e-06
1.2793e-05
-2.51556e-06
1.46361e-05
-1.84308e-06
1.71367e-05
-2.5006e-06
1.97519e-05
-2.61523e-06
2.27876e-05
-3.03569e-06
2.45376e-05
-1.74994e-06
2.54148e-05
-8.77207e-07
2.6213e-05
-7.9825e-07
2.67483e-05
-5.35265e-07
2.66227e-05
1.25559e-07
2.48794e-05
1.7433e-06
2.17147e-05
3.16472e-06
1.6997e-05
4.71768e-06
1.17295e-05
5.26751e-06
6.98175e-06
4.74776e-06
4.36025e-06
2.62151e-06
2.91774e-06
1.44251e-06
2.86474e-07
2.63127e-06
2.86476e-07
2.50634e-06
-4.99551e-06
5.14323e-06
-5.33929e-06
7.27771e-06
-3.9834e-06
1.02034e-05
-6.16262e-06
1.26248e-05
-4.93698e-06
1.48049e-05
-4.02323e-06
1.7409e-05
-5.10469e-06
1.99556e-05
-5.16179e-06
2.25089e-05
-5.589e-06
2.41339e-05
-3.37491e-06
2.55964e-05
-2.33971e-06
2.68346e-05
-2.03643e-06
2.74102e-05
-1.11094e-06
2.68717e-05
6.64138e-07
2.53913e-05
3.22368e-06
2.2197e-05
6.35897e-06
1.73922e-05
9.52249e-06
1.18348e-05
1.0825e-05
7.54111e-06
9.04142e-06
4.71417e-06
5.44844e-06
2.86212e-06
3.29456e-06
5.67387e-07
4.926e-06
8.53863e-07
2.52504e-06
-7.52055e-06
5.04405e-06
-7.85829e-06
7.47312e-06
-6.41247e-06
1.00384e-05
-8.7279e-06
1.25007e-05
-7.39933e-06
1.5058e-05
-6.58048e-06
1.77005e-05
-7.74717e-06
2.00774e-05
-7.53875e-06
2.20605e-05
-7.57207e-06
2.37567e-05
-5.07107e-06
2.61282e-05
-4.71127e-06
2.79582e-05
-3.86647e-06
2.88528e-05
-2.00547e-06
2.821e-05
1.30689e-06
2.56758e-05
5.75791e-06
2.15219e-05
1.05129e-05
1.6522e-05
1.45224e-05
1.09736e-05
1.63734e-05
6.89649e-06
1.31185e-05
5.12861e-06
7.21633e-06
4.3198e-06
4.10336e-06
3.21126e-06
6.03455e-06
4.06513e-06
2.531e-06
-1.00516e-05
4.81432e-06
-1.01416e-05
7.86672e-06
-9.46487e-06
9.65822e-06
-1.05194e-05
1.22992e-05
-1.00403e-05
1.53592e-05
-9.64053e-06
1.77377e-05
-1.01257e-05
1.97604e-05
-9.56143e-06
2.15573e-05
-9.36897e-06
2.39791e-05
-7.49289e-06
2.65862e-05
-7.31838e-06
2.78776e-05
-5.15784e-06
2.78186e-05
-1.94646e-06
2.6542e-05
2.58354e-06
2.53977e-05
6.90214e-06
2.27173e-05
1.31933e-05
1.7739e-05
1.95007e-05
1.19868e-05
2.21256e-05
7.47533e-06
1.763e-05
4.73176e-06
9.9599e-06
3.76365e-06
5.07148e-06
2.87848e-06
6.91971e-06
6.94361e-06
2.26325e-06
-1.23148e-05
4.23707e-06
-1.21154e-05
7.40218e-06
-1.263e-05
8.71401e-06
-1.18312e-05
1.0928e-05
-1.22543e-05
1.41236e-05
-1.28361e-05
1.60222e-05
-1.20243e-05
1.77395e-05
-1.12787e-05
1.9716e-05
-1.13455e-05
2.27145e-05
-1.04914e-05
2.45737e-05
-9.17757e-06
2.65196e-05
-7.10371e-06
2.89892e-05
-4.41606e-06
2.97805e-05
1.79223e-06
2.52492e-05
1.14335e-05
2.10043e-05
1.74382e-05
1.69335e-05
2.35714e-05
1.14182e-05
2.76409e-05
7.78954e-06
2.12587e-05
4.34011e-06
1.34093e-05
2.54527e-06
6.86632e-06
2.55107e-06
6.91392e-06
9.49468e-06
4.86143e-07
-1.28009e-05
1.14816e-06
-1.27775e-05
2.11718e-06
-1.3599e-05
2.93052e-06
-1.26446e-05
3.59738e-06
-1.29212e-05
5.36681e-06
-1.46056e-05
7.10139e-06
-1.37589e-05
8.60274e-06
-1.27801e-05
1.04901e-05
-1.32328e-05
1.2387e-05
-1.23883e-05
1.3692e-05
-1.04825e-05
1.5497e-05
-8.9088e-06
1.64321e-05
-5.35113e-06
1.56398e-05
2.58451e-06
1.51407e-05
1.19327e-05
1.43375e-05
1.82414e-05
1.11506e-05
2.67583e-05
9.02946e-06
2.97621e-05
7.24812e-06
2.304e-05
3.68269e-06
1.69748e-05
7.34225e-07
9.81479e-06
7.64869e-07
6.88328e-06
1.02595e-05
-6.66038e-07
-1.21349e-05
-1.1437e-06
-1.22998e-05
-1.45585e-06
-1.32868e-05
-1.17305e-06
-1.29274e-05
-4.49446e-07
-1.36448e-05
7.12302e-07
-1.57673e-05
1.91972e-06
-1.49663e-05
3.58184e-06
-1.44422e-05
4.6986e-06
-1.43496e-05
5.35682e-06
-1.30465e-05
4.94592e-06
-1.00716e-05
4.07863e-06
-8.0415e-06
3.18787e-06
-4.46038e-06
5.61123e-06
1.61157e-07
1.04798e-05
7.06408e-06
1.08898e-05
1.78314e-05
3.4618e-06
3.41863e-05
3.91282e-06
2.9311e-05
4.0092e-06
2.29436e-05
2.69872e-06
1.82852e-05
3.90784e-08
1.24744e-05
-1.419e-07
7.06426e-06
1.01176e-05
-8.02939e-07
-1.1332e-05
-1.47052e-06
-1.16322e-05
-1.64111e-06
-1.31163e-05
-1.73876e-06
-1.28297e-05
-1.16111e-06
-1.42224e-05
5.49015e-07
-1.74774e-05
1.98576e-06
-1.6403e-05
3.86128e-06
-1.63177e-05
5.77695e-06
-1.62653e-05
7.52998e-06
-1.47996e-05
8.46132e-06
-1.1003e-05
9.52384e-06
-9.10402e-06
6.47502e-06
-1.41156e-06
-1.6353e-06
8.27148e-06
-7.36361e-06
1.27924e-05
-3.29979e-06
1.37676e-05
-3.19614e-06
3.40826e-05
-8.3857e-06
3.45006e-05
-4.65445e-06
1.92124e-05
-1.68824e-06
1.5319e-05
-8.33164e-07
1.16193e-05
3.84349e-08
6.19266e-06
1.01561e-05
-1.72556e-05
1.72556e-05
-9.87285e-06
-7.38276e-06
8.13083e-06
-1.80037e-05
1.78982e-05
-9.76732e-06
2.16785e-05
-3.78031e-06
2.73304e-05
-5.65188e-06
3.54941e-05
-8.16372e-06
4.17104e-05
-6.21628e-06
4.34695e-05
-1.75912e-06
4.32884e-05
1.81114e-07
4.47378e-05
-1.44937e-06
5.2166e-05
-7.42821e-06
5.85376e-05
-6.37171e-06
5.27648e-05
5.77282e-06
3.39315e-05
1.88332e-05
1.51005e-05
1.8831e-05
1.64279e-06
1.34576e-05
3.15502e-06
-1.51227e-06
3.15499e-06
-1.1268e-05
2.85236e-05
1.22167e-06
-1.98724e-05
2.35412e-05
-4.03232e-05
3.80028e-05
-2.42289e-05
4.64822e-05
-1.22597e-05
5.4971e-05
-1.41407e-05
6.36607e-05
-1.68535e-05
6.94441e-05
-1.19996e-05
7.01241e-05
-2.43916e-06
6.6848e-05
3.45721e-06
6.54964e-05
-9.77645e-08
7.25954e-05
-1.45273e-05
8.42587e-05
-1.8035e-05
8.66956e-05
3.33592e-06
5.456e-05
5.09689e-05
2.0131e-05
5.32599e-05
1.48573e-05
1.87313e-05
1.79021e-05
-4.55703e-06
2.10571e-05
-3.63222e-06
3.21558e-05
1.19814e-05
-3.54861e-05
2.88839e-05
-5.72257e-05
4.41098e-05
-3.94548e-05
5.70563e-05
-2.52063e-05
6.57962e-05
-2.28805e-05
7.1039e-05
-2.20963e-05
7.53311e-05
-1.62917e-05
7.64374e-05
-3.54548e-06
7.33501e-05
6.54453e-06
7.16595e-05
1.59279e-06
7.66223e-05
-1.949e-05
8.72532e-05
-2.86659e-05
8.61168e-05
4.47233e-06
5.37653e-05
8.33204e-05
2.02159e-05
8.68093e-05
9.8881e-07
3.79584e-05
1.5845e-06
-5.15276e-06
2.26416e-05
7.9622e-06
2.41936e-05
2.24749e-05
-4.99989e-05
3.38099e-05
-6.85606e-05
4.59441e-05
-5.1589e-05
5.71187e-05
-3.6381e-05
6.5114e-05
-3.08757e-05
6.90828e-05
-2.60652e-05
7.064e-05
-1.78488e-05
7.18953e-05
-4.80082e-06
6.96439e-05
8.79594e-06
6.75575e-05
3.67917e-06
7.14577e-05
-2.33901e-05
7.79584e-05
-3.51667e-05
7.79938e-05
4.43689e-06
6.01569e-05
0.000101157
2.30251e-05
0.000123941
-9.25606e-06
7.02395e-05
-3.48881e-06
-1.092e-05
1.91528e-05
1.87209e-05
5.47267e-06
2.898e-05
-6.02579e-05
3.51531e-05
-7.47337e-05
4.39047e-05
-6.03406e-05
5.30892e-05
-4.55655e-05
5.9134e-05
-3.69205e-05
6.0498e-05
-2.74291e-05
6.12996e-05
-1.86505e-05
6.10896e-05
-4.59073e-06
5.98169e-05
1.00686e-05
6.03719e-05
3.12417e-06
6.69766e-05
-2.99947e-05
7.43705e-05
-4.25606e-05
7.49525e-05
3.85497e-06
6.41606e-05
0.000111949
3.32407e-05
0.000154861
-1.13758e-07
0.000103594
2.00727e-06
-1.3041e-05
2.116e-05
2.45197e-05
-1.90471e-05
3.24274e-05
-6.81656e-05
3.56102e-05
-7.79165e-05
4.16555e-05
-6.63859e-05
4.8979e-05
-5.2889e-05
5.45536e-05
-4.24951e-05
5.63723e-05
-2.92479e-05
5.55834e-05
-1.78615e-05
5.26163e-05
-1.62366e-06
5.34535e-05
9.23146e-06
5.49305e-05
1.64712e-06
5.92458e-05
-3.431e-05
6.15068e-05
-4.48216e-05
6.91145e-05
-3.75269e-06
6.22611e-05
0.000118803
3.36221e-05
0.0001835
-4.03772e-06
0.000141254
4.31838e-06
-2.13971e-05
2.54784e-05
2.53472e-05
-4.43943e-05
3.34685e-05
-7.62869e-05
3.62964e-05
-8.07444e-05
4.03617e-05
-7.04512e-05
4.67831e-05
-5.93104e-05
5.18285e-05
-4.75405e-05
5.32435e-05
-3.06628e-05
4.88004e-05
-1.34184e-05
4.48822e-05
2.29462e-06
4.77184e-05
6.39524e-06
4.81124e-05
1.25315e-06
4.22177e-05
-2.84153e-05
2.42627e-05
-2.68665e-05
2.27151e-05
-2.20472e-06
6.09291e-05
8.05888e-05
4.46872e-05
0.000199741
-1.74059e-06
0.00018768
4.67598e-06
-2.78137e-05
3.01544e-05
2.61374e-05
-7.05317e-05
3.40206e-05
-8.417e-05
3.64528e-05
-8.31767e-05
4.09331e-05
-7.49315e-05
4.72553e-05
-6.56326e-05
5.10582e-05
-5.13434e-05
5.19522e-05
-3.15568e-05
4.5838e-05
-7.30424e-06
4.47616e-05
3.37107e-06
4.71202e-05
4.03666e-06
4.35561e-05
4.81721e-06
2.73703e-05
-1.22294e-05
1.57743e-06
-1.07365e-06
-5.09703e-05
5.03431e-05
-3.54969e-05
6.51159e-05
3.80326e-05
0.000126213
-7.79608e-06
0.000233508
-1.09563e-05
-2.46534e-05
1.9198e-05
-1.82919e-06
-9.50278e-06
-3.12093e-06
-1.03405e-05
-4.37573e-06
-1.18614e-05
-3.74284e-06
-1.34626e-05
-2.59463e-06
-1.53706e-05
-5.38112e-07
-1.9534e-05
3.24204e-06
-2.01832e-05
7.60251e-06
-2.06782e-05
9.30869e-06
-1.79714e-05
8.78221e-06
-1.42731e-05
7.61249e-06
-9.83325e-06
6.40835e-06
-7.89988e-06
9.46774e-06
-4.47096e-06
1.76222e-05
1.17057e-07
2.16805e-05
8.73403e-06
1.76282e-05
1.78199e-05
9.64876e-06
4.20621e-05
-1.27279e-05
5.68773e-05
-2.58744e-05
3.23588e-05
-2.26623e-05
1.2107e-05
-9.61257e-06
-1.43043e-06
5.50366e-06
-8.92358e-06
-7.73513e-06
2.33949e-05
-2.32567e-06
-7.1771e-06
-4.21341e-06
-8.45273e-06
-4.94653e-06
-1.11283e-05
-3.96814e-06
-1.4441e-05
-2.21701e-06
-1.71218e-05
9.87816e-07
-2.27388e-05
6.84305e-06
-2.60384e-05
1.35962e-05
-2.74313e-05
1.80003e-05
-2.23755e-05
2.16055e-05
-1.78783e-05
2.42494e-05
-1.24772e-05
2.60819e-05
-9.73236e-06
2.16055e-05
5.46573e-09
1.54037e-05
6.31882e-06
1.19105e-05
1.22273e-05
1.2938e-05
1.67924e-05
2.47014e-05
3.02987e-05
3.09833e-05
5.05954e-05
7.55445e-06
5.57877e-05
-4.1366e-06
2.3798e-05
-2.31539e-06
-3.25165e-06
4.69134e-06
-1.59303e-05
-2.23728e-05
1.9329e-05
-2.56921e-06
-4.60789e-06
-5.07911e-06
-5.94283e-06
-7.13429e-06
-9.07315e-06
-7.85183e-06
-1.37235e-05
-8.08192e-06
-1.68917e-05
-3.1648e-06
-2.76559e-05
6.67374e-06
-3.58769e-05
1.48358e-05
-3.55934e-05
1.74617e-05
-2.50015e-05
1.7984e-05
-1.84006e-05
1.91821e-05
-1.36753e-05
2.01939e-05
-1.07441e-05
2.39332e-05
-3.73381e-06
2.97816e-05
4.70412e-07
3.25606e-05
9.4482e-06
3.38691e-05
1.5484e-05
4.00731e-05
2.40946e-05
5.90427e-05
3.16258e-05
7.59916e-05
3.88388e-05
7.53335e-05
2.44561e-05
6.51461e-05
6.93575e-06
5.82178e-05
-9.00197e-06
-3.00786e-05
6.59236e-05
-7.54861e-06
2.94072e-06
-1.50452e-05
1.55374e-06
-1.71264e-05
-6.99188e-06
-1.33307e-05
-1.75192e-05
-9.88054e-06
-2.03418e-05
-4.05983e-06
-3.34766e-05
2.52352e-06
-4.24603e-05
3.87592e-06
-3.69458e-05
4.41213e-06
-2.55377e-05
6.8345e-06
-2.08229e-05
1.01056e-05
-1.69464e-05
1.32003e-05
-1.38389e-05
1.733e-05
-7.86352e-06
2.04454e-05
-2.64495e-06
2.62494e-05
3.64419e-06
3.31297e-05
8.60366e-06
4.15701e-05
1.56542e-05
5.69714e-05
1.62244e-05
7.48261e-05
2.09841e-05
9.1267e-05
8.01524e-06
0.000103047
-4.8443e-06
0.000113469
-1.94238e-05
-3.66961e-05
0.000120086
1.06196e-06
1.87874e-06
-2.95014e-06
5.56584e-06
-1.06165e-05
6.74466e-07
-2.14929e-05
-6.64273e-06
-2.93159e-05
-1.25189e-05
-3.82622e-05
-2.45303e-05
-5.48673e-05
-2.58552e-05
-6.64566e-05
-2.53565e-05
-6.62769e-05
-2.57173e-05
-5.52685e-05
-3.18313e-05
-3.84991e-05
-3.37159e-05
-2.54665e-05
-2.68714e-05
-1.0792e-05
-2.2538e-05
1.01084e-06
-1.44477e-05
1.30427e-05
-8.38772e-06
2.22996e-05
-6.53211e-07
3.20662e-05
5.88767e-06
4.42097e-05
4.08095e-06
6.09797e-05
4.21413e-06
7.85974e-05
-9.60252e-06
8.88787e-05
-1.51256e-05
9.90299e-05
-2.95751e-05
-4.40886e-05
0.000106422
7.28758e-06
-5.40881e-06
-5.07945e-06
1.79329e-05
-5.37488e-05
4.93438e-05
-5.98853e-05
-5.06211e-07
-1.38561e-05
-5.85481e-05
-5.53501e-05
1.69637e-05
-0.000106258
2.50526e-05
-0.000132111
4.9633e-07
-0.000128271
-2.95573e-05
-0.000110426
-4.96762e-05
-9.70663e-05
-4.70754e-05
-8.91631e-05
-3.47746e-05
-7.57494e-05
-3.59518e-05
-5.94219e-05
-3.07752e-05
-3.95482e-05
-2.82614e-05
-1.88458e-05
-2.13556e-05
3.4441e-06
-1.64023e-05
2.11919e-05
-1.36669e-05
3.63031e-05
-1.08971e-05
5.15254e-05
-2.48248e-05
6.36663e-05
-2.72665e-05
7.2634e-05
-3.85428e-05
-4.77059e-05
7.62513e-05
8.97772e-07
-6.30657e-06
1.1014e-05
7.81667e-06
7.49239e-05
-1.45661e-05
0.000134188
-5.97705e-05
0.000144067
-6.84269e-05
0.000130025
3.10059e-05
4.45407e-05
0.000110537
-5.16382e-05
9.66752e-05
-0.000101779
2.05832e-05
-0.00011061
-4.08446e-05
-9.91339e-05
-5.85518e-05
-8.73161e-05
-4.65923e-05
-8.52969e-05
-3.7971e-05
-7.85012e-05
-3.7571e-05
-6.64395e-05
-4.03231e-05
-5.39747e-05
-3.38203e-05
-3.89657e-05
-3.14113e-05
-2.28801e-05
-2.97526e-05
-9.5341e-06
-2.4243e-05
3.18616e-07
-3.46775e-05
1.24016e-05
-3.93496e-05
1.96079e-05
-4.5749e-05
-5.34373e-05
2.53394e-05
-4.2617e-05
3.63104e-05
-5.08167e-05
1.60164e-05
-3.83337e-05
-2.70491e-05
-3.29511e-05
-6.51531e-05
-2.6939e-05
-7.4439e-05
2.26295e-05
-1.85627e-05
3.27422e-05
0.000100424
3.80249e-05
9.13925e-05
5.67193e-05
1.88877e-06
5.66052e-05
-4.07306e-05
5.61787e-05
-5.81253e-05
5.11094e-05
-4.1523e-05
2.89706e-06
1.02413e-05
-3.87694e-05
4.09544e-06
-5.05686e-05
-2.85239e-05
-4.45806e-05
-3.98084e-05
-3.91534e-05
-3.68385e-05
-2.93079e-05
-3.95981e-05
-2.08642e-05
-3.26866e-05
-2.12571e-05
-3.42847e-05
-1.11467e-05
-4.946e-05
-6.00174e-06
-5.08941e-05
-5.31258e-05
-6.31322e-06
2.17831e-05
1.45273e-05
4.62766e-05
-8.47706e-06
4.60534e-05
-2.6826e-05
1.96688e-05
-3.87686e-05
-1.24506e-05
-4.23196e-05
-1.04787e-05
-2.05345e-05
4.77469e-05
4.21986e-05
8.72061e-05
5.19333e-05
4.58947e-05
4.32001e-05
-1.00853e-05
1.52494e-05
-4.0344e-05
-2.78666e-05
-3.78252e-05
-4.40418e-05
9.90951e-06
-3.74934e-05
6.28009e-05
-4.8796e-05
8.7216e-05
-5.2939e-05
9.26141e-05
-4.52065e-05
9.61211e-05
-4.03456e-05
9.37083e-05
-3.71855e-05
7.5193e-05
-1.41715e-05
6.37024e-05
-2.27943e-05
4.51509e-05
-3.09086e-05
4.24115e-05
-4.81548e-05
-5.93725e-05
4.86583e-05
-1.16481e-06
1.56922e-05
-1.02099e-05
5.68009e-07
-1.41127e-05
-2.29232e-05
-1.70416e-05
-3.58396e-05
-2.12025e-05
-3.81588e-05
-1.56892e-05
-2.60478e-05
3.26476e-05
-6.13821e-06
6.59643e-05
1.86165e-05
7.27697e-05
3.63948e-05
6.52541e-05
2.2765e-05
3.90763e-05
-1.68875e-06
2.72204e-05
-3.2186e-05
2.88068e-05
-3.90798e-05
2.45256e-05
-4.45148e-05
2.29621e-05
-5.13755e-05
2.85592e-05
-5.08037e-05
3.48025e-05
-4.6589e-05
4.06101e-05
-4.29931e-05
6.12032e-05
-3.47647e-05
7.21237e-05
-3.37148e-05
7.93175e-05
-3.81026e-05
7.74747e-05
-4.63119e-05
-5.26304e-05
7.07326e-05
1.10633e-05
4.62891e-06
2.0015e-05
-8.38373e-06
1.39173e-05
-1.68255e-05
1.68343e-06
-2.36058e-05
-8.71142e-06
-2.77639e-05
-1.23325e-05
-2.24268e-05
-2.61075e-06
-1.58599e-05
2.34992e-05
-7.49338e-06
4.39653e-05
1.59287e-05
4.89087e-05
1.78216e-05
4.42206e-05
2.99929e-06
3.88162e-05
-2.67815e-05
4.07273e-05
-4.09909e-05
4.3627e-05
-4.74145e-05
4.29261e-05
-5.06746e-05
4.38149e-05
-5.16926e-05
4.75154e-05
-5.02895e-05
4.91994e-05
-4.46772e-05
5.04819e-05
-3.60473e-05
4.55624e-05
-2.87954e-05
3.67128e-05
-2.9253e-05
2.77299e-05
-3.73291e-05
-4.46757e-05
1.97753e-05
3.01749e-06
1.61143e-06
4.03207e-06
-9.39832e-06
4.5387e-06
-1.73321e-05
1.7893e-06
-2.08564e-05
-3.21485e-06
-2.27598e-05
-5.53324e-06
-2.01084e-05
-4.0514e-06
-1.73418e-05
1.68732e-06
-1.32321e-05
1.85753e-05
-9.59337e-07
3.02879e-05
6.10898e-06
3.63965e-05
-3.10935e-06
3.278e-05
-2.3165e-05
2.58321e-05
-3.40431e-05
2.05938e-05
-4.21763e-05
1.65703e-05
-4.66511e-05
1.24793e-05
-4.76016e-05
8.99568e-06
-4.68059e-05
9.06078e-06
-4.47424e-05
1.36427e-05
-4.06293e-05
2.13167e-05
-3.64694e-05
2.66032e-05
-3.45395e-05
2.49607e-05
-3.56865e-05
-3.71265e-05
1.74114e-05
5.68384e-06
-4.07242e-06
7.37763e-06
-1.10921e-05
5.77265e-06
-1.57271e-05
3.19737e-06
-1.82811e-05
-5.23144e-07
-1.90392e-05
-3.44597e-06
-1.71855e-05
-5.02338e-06
-1.57644e-05
-5.19979e-06
-1.30557e-05
3.26532e-06
-9.42445e-06
1.42205e-05
-4.8462e-06
2.15546e-05
-1.04435e-05
1.99609e-05
-2.15712e-05
1.64818e-05
-3.0564e-05
1.28494e-05
-3.85439e-05
9.13535e-06
-4.29372e-05
5.85173e-06
-4.4318e-05
2.72534e-06
-4.36796e-05
-4.34257e-07
-4.15828e-05
-2.98457e-06
-3.8079e-05
-4.85036e-06
-3.46036e-05
-6.37126e-06
-3.30185e-05
-8.60719e-06
-3.34507e-05
-3.39081e-05
-1.18255e-05
3.59464e-06
-7.66707e-06
5.906e-06
-1.34035e-05
5.70348e-06
-1.55246e-05
3.96046e-06
-1.65381e-05
1.63229e-06
-1.67111e-05
2.20931e-07
-1.57742e-05
-5.98788e-07
-1.49447e-05
-1.84494e-07
-1.347e-05
3.10106e-06
-1.271e-05
8.81426e-06
-1.05594e-05
1.21051e-05
-1.37343e-05
1.05436e-05
-2.00098e-05
7.49233e-06
-2.75128e-05
3.21013e-06
-3.42617e-05
-1.24843e-06
-3.84786e-05
-5.49876e-06
-4.00677e-05
-9.21638e-06
-3.9962e-05
-1.16836e-05
-3.91156e-05
-1.28231e-05
-3.69395e-05
-1.23191e-05
-3.51076e-05
-1.14409e-05
-3.38968e-05
-1.17109e-05
-3.31807e-05
-3.27676e-05
-1.28515e-05
1.7935e-06
-9.46058e-06
2.77822e-06
-1.43882e-05
2.51087e-06
-1.52573e-05
1.74233e-06
-1.57695e-05
9.93388e-07
-1.59621e-05
6.93098e-07
-1.54739e-05
8.83032e-07
-1.51346e-05
1.96988e-06
-1.45568e-05
3.81488e-06
-1.4555e-05
6.82285e-06
-1.35674e-05
8.73421e-06
-1.56456e-05
7.97059e-06
-1.92462e-05
5.04016e-06
-2.45824e-05
6.16255e-07
-2.98378e-05
-3.55353e-06
-3.43089e-05
-6.696e-06
-3.69253e-05
-9.13444e-06
-3.75236e-05
-1.10923e-05
-3.71577e-05
-1.2677e-05
-3.53548e-05
-1.37374e-05
-3.40472e-05
-1.43062e-05
-3.33279e-05
-1.49503e-05
-3.25366e-05
-3.17333e-05
-1.59845e-05
1.07337e-06
-1.05339e-05
1.36021e-06
-1.4675e-05
1.23476e-06
-1.51318e-05
1.0486e-06
-1.55834e-05
9.29497e-07
-1.5843e-05
1.22748e-06
-1.57719e-05
1.85084e-06
-1.57579e-05
2.86857e-06
-1.55746e-05
4.13747e-06
-1.58239e-05
6.09026e-06
-1.55202e-05
7.39272e-06
-1.69481e-05
7.61292e-06
-1.94664e-05
6.38026e-06
-2.33498e-05
3.52413e-06
-2.69817e-05
-2.39941e-07
-3.05448e-05
-3.84188e-06
-3.33234e-05
-6.60961e-06
-3.47558e-05
-8.7429e-06
-3.50244e-05
-1.06151e-05
-3.34826e-05
-1.2665e-05
-3.19973e-05
-1.42805e-05
-3.17123e-05
-1.53471e-05
-3.14701e-05
-3.06895e-05
-1.63909e-05
6.1153e-07
-1.11455e-05
8.5128e-07
-1.49148e-05
9.75737e-07
-1.52563e-05
1.02686e-06
-1.56345e-05
1.13296e-06
-1.59491e-05
1.51034e-06
-1.61492e-05
2.06782e-06
-1.63154e-05
2.92985e-06
-1.64366e-05
3.90385e-06
-1.67979e-05
5.35314e-06
-1.69695e-05
6.47066e-06
-1.80656e-05
7.1297e-06
-2.01254e-05
6.63862e-06
-2.28587e-05
5.03987e-06
-2.5383e-05
2.57915e-06
-2.80841e-05
-5.05122e-07
-3.02391e-05
-3.73189e-06
-3.15291e-05
-6.87949e-06
-3.18768e-05
-9.2334e-06
-3.11287e-05
-1.17199e-05
-2.95108e-05
-1.42334e-05
-2.91989e-05
-1.6026e-05
-2.96773e-05
-2.93105e-05
-1.7405e-05
4.25999e-07
-1.15715e-05
7.29785e-07
-1.52186e-05
9.68422e-07
-1.54949e-05
1.13965e-06
-1.58057e-05
1.24718e-06
-1.60566e-05
1.42664e-06
-1.63287e-05
1.70409e-06
-1.65929e-05
2.16404e-06
-1.68965e-05
2.71312e-06
-1.7347e-05
3.74459e-06
-1.80009e-05
4.70205e-06
-1.90231e-05
5.13601e-06
-2.05594e-05
4.58436e-06
-2.2307e-05
3.36863e-06
-2.41673e-05
1.41813e-06
-2.61336e-05
-1.4127e-06
-2.74083e-05
-4.50491e-06
-2.84368e-05
-7.34787e-06
-2.90339e-05
-9.71116e-06
-2.87654e-05
-1.18509e-05
-2.7371e-05
-1.41851e-05
-2.68646e-05
-1.5952e-05
-2.79105e-05
-2.81997e-05
-1.70626e-05
3.69087e-07
-1.19406e-05
6.78202e-07
-1.55277e-05
8.47995e-07
-1.56647e-05
9.21426e-07
-1.58791e-05
9.10657e-07
-1.60459e-05
8.47704e-07
-1.62657e-05
8.42125e-07
-1.65873e-05
9.14753e-07
-1.69692e-05
1.07962e-06
-1.75118e-05
1.42323e-06
-1.83445e-05
1.75614e-06
-1.9356e-05
1.75477e-06
-2.0558e-05
1.26331e-06
-2.18156e-05
2.67697e-07
-2.31717e-05
-1.52002e-06
-2.43459e-05
-3.91034e-06
-2.50179e-05
-6.29745e-06
-2.60497e-05
-8.52288e-06
-2.68085e-05
-1.07651e-05
-2.65233e-05
-1.25725e-05
-2.55636e-05
-1.40381e-05
-2.5399e-05
-1.53621e-05
-2.65865e-05
-2.691e-05
-1.66519e-05
3.08628e-07
-1.22492e-05
4.04809e-07
-1.56239e-05
4.3151e-07
-1.56914e-05
4.54579e-07
-1.59022e-05
4.80541e-07
-1.60718e-05
4.99477e-07
-1.62847e-05
5.1935e-07
-1.66072e-05
5.28703e-07
-1.69785e-05
5.08202e-07
-1.74913e-05
4.12782e-07
-1.82491e-05
2.14846e-07
-1.9158e-05
-2.39029e-07
-2.01041e-05
-1.06597e-06
-2.09886e-05
-2.12639e-06
-2.21113e-05
-3.47346e-06
-2.29988e-05
-4.75034e-06
-2.3741e-05
-6.36049e-06
-2.44396e-05
-8.40763e-06
-2.47613e-05
-1.02953e-05
-2.46356e-05
-1.17323e-05
-2.41266e-05
-1.2923e-05
-2.42082e-05
-1.42273e-05
-2.52823e-05
-2.56355e-05
-1.55019e-05
1.73535e-07
-1.24227e-05
2.2581e-07
-1.56761e-05
2.95273e-07
-1.57609e-05
3.54718e-07
-1.59616e-05
4.18986e-07
-1.61361e-05
4.92151e-07
-1.63578e-05
5.13363e-07
-1.66284e-05
4.78573e-07
-1.69437e-05
3.48837e-07
-1.73616e-05
5.05185e-08
-1.79508e-05
-3.69416e-07
-1.87381e-05
-9.86592e-07
-1.9487e-05
-1.81321e-06
-2.0162e-05
-2.87173e-06
-2.10527e-05
-4.04437e-06
-2.18262e-05
-5.24026e-06
-2.25452e-05
-6.81718e-06
-2.28626e-05
-8.66618e-06
-2.29123e-05
-1.03444e-05
-2.29574e-05
-1.18304e-05
-2.26405e-05
-1.31867e-05
-2.28519e-05
-1.47224e-05
-2.37466e-05
-2.40036e-05
-1.63543e-05
9.82291e-08
-1.2521e-05
1.76572e-07
-1.57545e-05
2.63101e-07
-1.58474e-05
2.81533e-07
-1.59801e-05
2.85507e-07
-1.61401e-05
2.7441e-07
-1.63467e-05
2.51225e-07
-1.66052e-05
2.26767e-07
-1.69193e-05
1.64257e-07
-1.72991e-05
-1.01431e-07
-1.76851e-05
-5.82625e-07
-1.82569e-05
-1.1732e-06
-1.88964e-05
-1.80808e-06
-1.95271e-05
-2.79572e-06
-2.00651e-05
-3.9628e-06
-2.06591e-05
-5.37381e-06
-2.11341e-05
-6.78397e-06
-2.14525e-05
-8.03813e-06
-2.16581e-05
-9.36492e-06
-2.16306e-05
-1.05778e-05
-2.14277e-05
-1.18161e-05
-2.16135e-05
-1.34663e-05
-2.20964e-05
-2.19166e-05
-1.55534e-05
8.75003e-08
-1.26085e-05
5.46264e-08
-1.57216e-05
-1.11427e-08
-1.57816e-05
-8.88948e-08
-1.59023e-05
-1.7633e-07
-1.60526e-05
-2.76953e-07
-1.62461e-05
-3.9406e-07
-1.64881e-05
-5.30308e-07
-1.6783e-05
-7.01244e-07
-1.71281e-05
-9.44105e-07
-1.74422e-05
-1.40302e-06
-1.7798e-05
-2.00173e-06
-1.82977e-05
-2.66887e-06
-1.886e-05
-3.43164e-06
-1.93023e-05
-4.40468e-06
-1.9686e-05
-5.71513e-06
-1.98237e-05
-7.12833e-06
-2.00392e-05
-8.47486e-06
-2.03116e-05
-9.85036e-06
-2.02551e-05
-1.11522e-05
-2.01258e-05
-1.24522e-05
-2.03136e-05
-1.40542e-05
-2.04943e-05
-2.01163e-05
-1.58545e-05
-1.16722e-09
-1.26073e-05
-7.00611e-08
-1.56527e-05
-1.39358e-07
-1.57123e-05
-2.23765e-07
-1.58179e-05
-3.31242e-07
-1.59452e-05
-4.74385e-07
-1.6103e-05
-6.64921e-07
-1.62975e-05
-8.96656e-07
-1.65513e-05
-1.18633e-06
-1.68385e-05
-1.5464e-06
-1.70822e-05
-2.01808e-06
-1.73263e-05
-2.61949e-06
-1.76963e-05
-3.43552e-06
-1.8044e-05
-4.29033e-06
-1.84475e-05
-5.23686e-06
-1.87395e-05
-6.08327e-06
-1.89772e-05
-6.93821e-06
-1.91843e-05
-8.15293e-06
-1.90968e-05
-9.3766e-06
-1.90314e-05
-1.05423e-05
-1.89601e-05
-1.19217e-05
-1.89342e-05
-1.36186e-05
-1.87974e-05
-1.85873e-05
-1.51477e-05
3.68169e-08
-1.26441e-05
-1.57499e-08
-1.56001e-05
-9.46164e-08
-1.56335e-05
-2.00702e-07
-1.57118e-05
-3.37855e-07
-1.5808e-05
-4.99823e-07
-1.5941e-05
-6.93394e-07
-1.6104e-05
-9.51374e-07
-1.62933e-05
-1.31787e-06
-1.6472e-05
-1.70947e-06
-1.66906e-05
-2.06754e-06
-1.69682e-05
-2.55342e-06
-1.72104e-05
-3.20304e-06
-1.73943e-05
-4.07799e-06
-1.75725e-05
-5.02231e-06
-1.77952e-05
-6.03338e-06
-1.79662e-05
-7.29483e-06
-1.79228e-05
-8.50718e-06
-1.78845e-05
-9.57322e-06
-1.79653e-05
-1.06874e-05
-1.78459e-05
-1.20267e-05
-1.75948e-05
-1.34516e-05
-1.73725e-05
-1.71881e-05
-1.48508e-05
-7.03036e-08
-1.25738e-05
-1.9761e-07
-1.54728e-05
-3.16244e-07
-1.55148e-05
-4.54629e-07
-1.55734e-05
-6.18507e-07
-1.56441e-05
-8.24911e-07
-1.57346e-05
-1.0671e-06
-1.58618e-05
-1.35817e-06
-1.60022e-05
-1.68522e-06
-1.61449e-05
-2.09465e-06
-1.62811e-05
-2.63303e-06
-1.64299e-05
-3.24779e-06
-1.65956e-05
-3.83932e-06
-1.68028e-05
-4.57506e-06
-1.68368e-05
-5.46386e-06
-1.69064e-05
-6.38716e-06
-1.70428e-05
-7.23177e-06
-1.70782e-05
-8.04768e-06
-1.70686e-05
-9.14252e-06
-1.68705e-05
-1.03813e-05
-1.66071e-05
-1.16511e-05
-1.6325e-05
-1.29398e-05
-1.60838e-05
-1.57349e-05
-1.4393e-05
-5.45187e-08
-1.25193e-05
-1.72063e-07
-1.53553e-05
-2.9507e-07
-1.53918e-05
-4.31472e-07
-1.5437e-05
-5.85384e-07
-1.54902e-05
-7.72135e-07
-1.55478e-05
-1.00778e-06
-1.56261e-05
-1.29498e-06
-1.5715e-05
-1.62904e-06
-1.58109e-05
-2.03124e-06
-1.58789e-05
-2.55145e-06
-1.59096e-05
-3.16744e-06
-1.59796e-05
-3.88135e-06
-1.60889e-05
-4.52928e-06
-1.61888e-05
-5.14251e-06
-1.62931e-05
-5.94154e-06
-1.62438e-05
-6.91312e-06
-1.61066e-05
-8.11696e-06
-1.58647e-05
-9.28007e-06
-1.57074e-05
-1.03163e-05
-1.55709e-05
-1.13266e-05
-1.53147e-05
-1.25385e-05
-1.48719e-05
-1.44279e-05
-1.38455e-05
-8.51978e-08
-1.24341e-05
-2.28e-07
-1.52125e-05
-3.8198e-07
-1.52378e-05
-5.65775e-07
-1.52532e-05
-7.7978e-07
-1.52762e-05
-1.01478e-06
-1.53128e-05
-1.29104e-06
-1.53499e-05
-1.61923e-06
-1.53868e-05
-1.99639e-06
-1.54337e-05
-2.3749e-06
-1.55004e-05
-2.73682e-06
-1.55477e-05
-3.16277e-06
-1.55537e-05
-3.74058e-06
-1.55111e-05
-4.47993e-06
-1.54495e-05
-5.42904e-06
-1.5344e-05
-6.33709e-06
-1.53357e-05
-7.18551e-06
-1.52582e-05
-7.93564e-06
-1.51146e-05
-8.72394e-06
-1.4919e-05
-9.75514e-06
-1.45397e-05
-1.09762e-05
-1.40936e-05
-1.21349e-05
-1.37132e-05
-1.32716e-05
-1.32913e-05
-8.38109e-08
-1.23503e-05
-2.10578e-07
-1.50857e-05
-3.37042e-07
-1.51114e-05
-4.7848e-07
-1.51118e-05
-6.46662e-07
-1.5108e-05
-8.5265e-07
-1.51069e-05
-1.09978e-06
-1.51027e-05
-1.39315e-06
-1.50934e-05
-1.75407e-06
-1.50728e-05
-2.22168e-06
-1.50328e-05
-2.78822e-06
-1.49812e-05
-3.40732e-06
-1.49346e-05
-4.0083e-06
-1.49101e-05
-4.59584e-06
-1.48619e-05
-5.12609e-06
-1.48138e-05
-5.75278e-06
-1.47091e-05
-6.5402e-06
-1.44708e-05
-7.49552e-06
-1.41592e-05
-8.6025e-06
-1.38121e-05
-9.63642e-06
-1.35058e-05
-1.05462e-05
-1.31838e-05
-1.15704e-05
-1.2689e-05
-1.21257e-05
-1.27163e-05
-1.07306e-07
-1.22429e-05
-2.6053e-07
-1.49325e-05
-4.20579e-07
-1.49513e-05
-6.03769e-07
-1.49286e-05
-8.09532e-07
-1.49022e-05
-1.04555e-06
-1.48708e-05
-1.31646e-06
-1.48318e-05
-1.62391e-06
-1.4786e-05
-1.96257e-06
-1.47341e-05
-2.31436e-06
-1.4681e-05
-2.66983e-06
-1.46257e-05
-3.0779e-06
-1.45265e-05
-3.5894e-06
-1.43986e-05
-4.19835e-06
-1.4253e-05
-4.95158e-06
-1.40605e-05
-5.82045e-06
-1.38402e-05
-6.65972e-06
-1.36315e-05
-7.45706e-06
-1.33619e-05
-8.20368e-06
-1.30654e-05
-9.05031e-06
-1.26591e-05
-1.00617e-05
-1.21724e-05
-1.10748e-05
-1.16759e-05
-1.11082e-05
-1.20923e-05
-7.91844e-08
-1.21638e-05
-1.89466e-07
-1.48222e-05
-3.06682e-07
-1.48341e-05
-4.47615e-07
-1.47877e-05
-6.20496e-07
-1.47294e-05
-8.34364e-07
-1.4657e-05
-1.09394e-06
-1.45722e-05
-1.4016e-06
-1.44783e-05
-1.76059e-06
-1.43751e-05
-2.1809e-06
-1.42607e-05
-2.67092e-06
-1.41357e-05
-3.19976e-06
-1.39976e-05
-3.75275e-06
-1.38456e-05
-4.33009e-06
-1.36756e-05
-4.90907e-06
-1.34815e-05
-5.49527e-06
-1.3254e-05
-6.163e-06
-1.29638e-05
-6.92152e-06
-1.26034e-05
-7.79682e-06
-1.21901e-05
-8.69222e-06
-1.17637e-05
-9.56071e-06
-1.13039e-05
-1.04787e-05
-1.07579e-05
-1.01368e-05
-1.14501e-05
-8.58984e-08
-1.20779e-05
-2.10705e-07
-1.46974e-05
-3.41692e-07
-1.47031e-05
-4.95173e-07
-1.46342e-05
-6.72233e-07
-1.45523e-05
-8.77568e-07
-1.44516e-05
-1.11555e-06
-1.43343e-05
-1.39041e-06
-1.42035e-05
-1.70407e-06
-1.40614e-05
-2.05688e-06
-1.39079e-05
-2.45185e-06
-1.37407e-05
-2.88422e-06
-1.35653e-05
-3.36549e-06
-1.33643e-05
-3.90963e-06
-1.31315e-05
-4.52213e-06
-1.2869e-05
-5.20403e-06
-1.25721e-05
-5.92577e-06
-1.2242e-05
-6.65139e-06
-1.18777e-05
-7.37718e-06
-1.14643e-05
-8.15319e-06
-1.09877e-05
-8.99966e-06
-1.04574e-05
-9.87617e-06
-9.8814e-06
-9.23692e-06
-1.07761e-05
-4.55419e-08
-1.20323e-05
-1.3855e-07
-1.46044e-05
-2.39916e-07
-1.46018e-05
-3.6418e-07
-1.45099e-05
-5.13796e-07
-1.44027e-05
-6.94587e-07
-1.42708e-05
-9.15982e-07
-1.41129e-05
-1.18247e-06
-1.3937e-05
-1.49593e-06
-1.3748e-05
-1.85573e-06
-1.35481e-05
-2.26132e-06
-1.33351e-05
-2.71865e-06
-1.31079e-05
-3.21469e-06
-1.28682e-05
-3.73912e-06
-1.26071e-05
-4.29238e-06
-1.23158e-05
-4.87433e-06
-1.19901e-05
-5.49336e-06
-1.1623e-05
-6.16354e-06
-1.12076e-05
-6.884e-06
-1.07439e-05
-7.63594e-06
-1.02358e-05
-8.41332e-06
-9.68005e-06
-9.22683e-06
-9.06789e-06
-8.39154e-06
-1.00722e-05
-2.89519e-08
-1.20034e-05
-1.19774e-07
-1.45135e-05
-2.17994e-07
-1.45035e-05
-3.34397e-07
-1.43935e-05
-4.68366e-07
-1.42687e-05
-6.19547e-07
-1.41196e-05
-7.91326e-07
-1.39411e-05
-9.92962e-07
-1.37353e-05
-1.24135e-06
-1.34996e-05
-1.55288e-06
-1.32365e-05
-1.92653e-06
-1.29614e-05
-2.35429e-06
-1.26802e-05
-2.83118e-06
-1.23914e-05
-3.34848e-06
-1.20898e-05
-3.8996e-06
-1.17647e-05
-4.48071e-06
-1.1409e-05
-5.08989e-06
-1.10138e-05
-5.71997e-06
-1.05775e-05
-6.37408e-06
-1.00898e-05
-7.06142e-06
-9.54844e-06
-7.78721e-06
-8.95427e-06
-8.54746e-06
-8.30763e-06
-7.60163e-06
-9.33738e-06
1.03419e-08
-1.20137e-05
-9.40503e-08
-1.44092e-05
-2.03407e-07
-1.43942e-05
-3.21595e-07
-1.42753e-05
-4.52024e-07
-1.41383e-05
-5.92623e-07
-1.3979e-05
-7.40204e-07
-1.37935e-05
-9.0608e-07
-1.35694e-05
-1.09943e-06
-1.33062e-05
-1.32862e-06
-1.30073e-05
-1.60992e-06
-1.26801e-05
-1.95717e-06
-1.23329e-05
-2.37713e-06
-1.19714e-05
-2.8717e-06
-1.15952e-05
-3.42031e-06
-1.1216e-05
-4.00034e-06
-1.0829e-05
-4.59147e-06
-1.04227e-05
-5.19408e-06
-9.97488e-06
-5.81465e-06
-9.46922e-06
-6.4578e-06
-8.9053e-06
-7.12799e-06
-8.28408e-06
-7.83189e-06
-7.60373e-06
-6.86482e-06
-8.5687e-06
2.40243e-08
-1.20377e-05
-1.34806e-07
-1.42503e-05
-2.98786e-07
-1.42302e-05
-4.54601e-07
-1.41195e-05
-6.11788e-07
-1.39811e-05
-7.74336e-07
-1.38165e-05
-9.40284e-07
-1.36276e-05
-1.1087e-06
-1.3401e-05
-1.28279e-06
-1.31322e-05
-1.46733e-06
-1.28228e-05
-1.67461e-06
-1.24728e-05
-1.91611e-06
-1.20914e-05
-2.1983e-06
-1.16892e-05
-2.53456e-06
-1.12589e-05
-2.93581e-06
-1.08148e-05
-3.41719e-06
-1.03476e-05
-3.97831e-06
-9.86158e-06
-4.58777e-06
-9.36543e-06
-5.19967e-06
-8.85732e-06
-5.8084e-06
-8.29657e-06
-6.4299e-06
-7.66258e-06
-7.0809e-06
-6.95272e-06
-6.18063e-06
-7.76511e-06
-1.08339e-08
-1.20269e-05
-2.85076e-07
-1.39761e-05
-5.61662e-07
-1.39536e-05
-8.10194e-07
-1.3871e-05
-1.0406e-06
-1.37507e-05
-1.25765e-06
-1.35995e-05
-1.46176e-06
-1.34234e-05
-1.64847e-06
-1.32143e-05
-1.81535e-06
-1.29653e-05
-1.96525e-06
-1.26729e-05
-2.10952e-06
-1.23286e-05
-2.26479e-06
-1.19361e-05
-2.44595e-06
-1.1508e-05
-2.64787e-06
-1.1057e-05
-2.8891e-06
-1.05736e-05
-3.1741e-06
-1.00626e-05
-3.51714e-06
-9.51854e-06
-3.94524e-06
-8.93734e-06
-4.47241e-06
-8.33015e-06
-5.06527e-06
-7.70372e-06
-5.67405e-06
-7.0538e-06
-6.28498e-06
-6.3418e-06
-5.5458e-06
-6.9198e-06
-1.00388e-07
-1.19265e-05
-5.45822e-07
-1.35306e-05
-9.86982e-07
-1.35124e-05
-1.3879e-06
-1.34701e-05
-1.75075e-06
-1.33878e-05
-2.07995e-06
-1.32703e-05
-2.37541e-06
-1.3128e-05
-2.6306e-06
-1.29591e-05
-2.83883e-06
-1.2757e-05
-2.98982e-06
-1.25219e-05
-3.08099e-06
-1.22374e-05
-3.12777e-06
-1.18893e-05
-3.15895e-06
-1.14768e-05
-3.20056e-06
-1.10154e-05
-3.276e-06
-1.04981e-05
-3.39699e-06
-9.94161e-06
-3.55319e-06
-9.36234e-06
-3.73846e-06
-8.75208e-06
-3.98459e-06
-8.08402e-06
-4.33672e-06
-7.3516e-06
-4.82937e-06
-6.56116e-06
-5.4075e-06
-5.76365e-06
-4.93627e-06
-6.01704e-06
-2.2769e-07
-1.16988e-05
-8.39175e-07
-1.29192e-05
-1.43814e-06
-1.29135e-05
-1.99821e-06
-1.291e-05
-2.51274e-06
-1.28733e-05
-2.97236e-06
-1.28106e-05
-3.38389e-06
-1.27165e-05
-3.75062e-06
-1.25924e-05
-4.06356e-06
-1.24441e-05
-4.31618e-06
-1.22692e-05
-4.49386e-06
-1.20597e-05
-4.58201e-06
-1.18012e-05
-4.57546e-06
-1.14834e-05
-4.48775e-06
-1.11031e-05
-4.33385e-06
-1.0652e-05
-4.15612e-06
-1.01193e-05
-4.0223e-06
-9.49618e-06
-3.97591e-06
-8.79847e-06
-4.00351e-06
-8.05643e-06
-4.08036e-06
-7.27475e-06
-4.23857e-06
-6.40295e-06
-4.55971e-06
-5.4425e-06
-4.42694e-06
-5.06905e-06
-3.37609e-07
-1.13612e-05
-1.01654e-06
-1.22402e-05
-1.67733e-06
-1.22527e-05
-2.31153e-06
-1.22758e-05
-2.90723e-06
-1.22776e-05
-3.45038e-06
-1.22675e-05
-3.93191e-06
-1.22349e-05
-4.34227e-06
-1.2182e-05
-4.68151e-06
-1.21049e-05
-4.96259e-06
-1.19882e-05
-5.18759e-06
-1.18347e-05
-5.35155e-06
-1.16372e-05
-5.45042e-06
-1.13845e-05
-5.48201e-06
-1.10715e-05
-5.44086e-06
-1.06932e-05
-5.31176e-06
-1.02485e-05
-5.08329e-06
-9.72466e-06
-4.77874e-06
-9.10304e-06
-4.47008e-06
-8.36511e-06
-4.24333e-06
-7.50151e-06
-4.12719e-06
-6.51909e-06
-4.12304e-06
-5.44665e-06
-4.29906e-06
-4.25092e-06
-3.87058e-07
-1.09741e-05
-1.01677e-06
-1.16105e-05
-1.62864e-06
-1.16408e-05
-2.22449e-06
-1.16799e-05
-2.79885e-06
-1.17032e-05
-3.34542e-06
-1.17209e-05
-3.85297e-06
-1.17274e-05
-4.31605e-06
-1.1719e-05
-4.73089e-06
-1.169e-05
-5.08294e-06
-1.16361e-05
-5.36674e-06
-1.15509e-05
-5.57565e-06
-1.14283e-05
-5.70473e-06
-1.12554e-05
-5.76131e-06
-1.10149e-05
-5.7531e-06
-1.07014e-05
-5.67572e-06
-1.03258e-05
-5.52993e-06
-9.87046e-06
-5.31741e-06
-9.31556e-06
-5.0381e-06
-8.64444e-06
-4.69292e-06
-7.84669e-06
-4.31437e-06
-6.89765e-06
-3.99211e-06
-5.76891e-06
-4.48661e-06
-3.80457e-06
-4.24474e-07
-1.02044e-06
-1.61871e-06
-2.20763e-06
-2.77702e-06
-3.31902e-06
-3.82664e-06
-4.29264e-06
-4.70932e-06
-5.07124e-06
-5.37318e-06
-5.61118e-06
-5.77675e-06
-5.85382e-06
-5.83579e-06
-5.73846e-06
-5.57123e-06
-5.34135e-06
-5.05824e-06
-4.73781e-06
-4.39102e-06
-4.02813e-06
-3.69915e-06
2.94898e-05
-6.09491e-06
3.60263e-05
-6.53647e-06
4.5872e-05
-9.84578e-06
-1.41844e-05
6.00564e-05
2.7947e-05
-1.4713e-05
3.81213e-05
-1.67107e-05
4.99768e-05
-2.17013e-05
-2.69512e-05
6.27436e-05
7.27444e-05
-2.15337e-05
8.06692e-05
-2.46356e-05
8.89021e-05
-2.99342e-05
-3.34669e-05
9.54178e-05
0.000123079
-2.45263e-05
0.000125734
-2.72904e-05
0.000127191
-3.13914e-05
-3.48521e-05
0.000128576
0.000108316
-2.642e-05
0.000109867
-2.88412e-05
0.000110839
-3.2363e-05
-3.63531e-05
0.00011234
7.70268e-05
-2.71956e-05
7.81241e-05
-2.99385e-05
7.86322e-05
-3.28711e-05
-3.42791e-05
7.65582e-05
2.94762e-05
-3.13324e-05
3.77177e-05
-3.818e-05
4.52382e-05
-4.03915e-05
-2.95906e-05
4.05497e-05
-1.2567e-05
-2.50785e-05
-2.43408e-05
-2.6406e-05
-3.60141e-05
-2.87181e-05
-3.2495e-05
-3.31097e-05
5.44003e-05
-3.08205e-05
6.16307e-05
-3.36365e-05
6.95861e-05
-3.66734e-05
-3.78266e-05
7.49177e-05
6.67518e-05
-2.68395e-05
6.12838e-05
-2.81682e-05
5.45189e-05
-2.99085e-05
-3.11899e-05
4.78823e-05
1.60847e-05
-2.31489e-05
1.25703e-05
-2.46539e-05
8.65024e-06
-2.59883e-05
-2.72556e-05
4.71602e-06
1.30799e-05
-1.88173e-05
8.50278e-06
-2.00766e-05
3.3538e-06
-2.08393e-05
-2.14911e-05
-2.41062e-06
-1.30504e-05
-1.75924e-05
-1.44294e-05
-1.86976e-05
-1.62049e-05
-1.90636e-05
-1.94734e-05
-1.82225e-05
-1.41068e-05
-1.63371e-05
-1.59177e-05
-1.68865e-05
-1.78347e-05
-1.71466e-05
-1.7508e-05
-1.98e-05
-1.70239e-05
-1.52976e-05
-1.83365e-05
-1.5574e-05
-1.95924e-05
-1.58905e-05
-1.62702e-05
-2.08301e-05
-1.72735e-05
-1.44149e-05
-1.8344e-05
-1.45034e-05
-1.94606e-05
-1.47739e-05
-1.50787e-05
-2.0652e-05
-1.81268e-05
-1.3693e-05
-1.88339e-05
-1.37964e-05
-1.96437e-05
-1.3964e-05
-1.40679e-05
-2.06545e-05
-1.7625e-05
-1.31306e-05
-1.81658e-05
-1.32557e-05
-1.89029e-05
-1.32268e-05
-1.3197e-05
-1.97738e-05
-1.73403e-05
-1.24422e-05
-1.80623e-05
-1.25336e-05
-1.8855e-05
-1.2434e-05
-1.21854e-05
-1.98666e-05
-1.62786e-05
-1.16656e-05
-1.72169e-05
-1.15953e-05
-1.8156e-05
-1.14949e-05
-1.11864e-05
-1.9155e-05
-1.71403e-05
-1.08796e-05
-1.80482e-05
-1.06874e-05
-1.89246e-05
-1.06185e-05
-1.03607e-05
-1.97503e-05
-1.64315e-05
-1.00014e-05
-1.73103e-05
-9.80864e-06
-1.81048e-05
-9.82398e-06
-9.62568e-06
-1.88397e-05
-1.6584e-05
-9.27187e-06
-1.72888e-05
-9.10384e-06
-1.80196e-05
-9.09318e-06
-8.95049e-06
-1.86947e-05
-1.57789e-05
-8.6407e-06
-1.64648e-05
-8.41785e-06
-1.72562e-05
-8.30181e-06
-8.1824e-06
-1.80242e-05
-1.55268e-05
-7.96474e-06
-1.61544e-05
-7.79023e-06
-1.68351e-05
-7.62105e-06
-7.4797e-06
-1.75378e-05
-1.50633e-05
-7.29441e-06
-1.5699e-05
-7.15453e-06
-1.63139e-05
-7.00611e-06
-6.86152e-06
-1.6932e-05
-1.44362e-05
-6.70365e-06
-1.50318e-05
-6.55899e-06
-1.56315e-05
-6.40628e-06
-6.23628e-06
-1.62568e-05
-1.39042e-05
-6.09069e-06
-1.44868e-05
-5.97638e-06
-1.50729e-05
-5.82011e-06
-5.65206e-06
-1.56571e-05
-1.32561e-05
-5.55083e-06
-1.38102e-05
-5.4223e-06
-1.43536e-05
-5.27663e-06
-5.10622e-06
-1.48995e-05
-1.26094e-05
-5.03373e-06
-1.31298e-05
-4.90181e-06
-1.36523e-05
-4.75411e-06
-4.5871e-06
-1.41714e-05
-1.19224e-05
-4.56141e-06
-1.24091e-05
-4.41509e-06
-1.28992e-05
-4.26397e-06
-4.09803e-06
-1.33883e-05
-1.12174e-05
-4.12009e-06
-1.16695e-05
-3.96289e-06
-1.21291e-05
-3.80432e-06
-3.63636e-06
-1.25908e-05
-1.04831e-05
-3.70919e-06
-1.09046e-05
-3.54139e-06
-1.13351e-05
-3.37377e-06
-3.20009e-06
-1.17713e-05
-9.7216e-06
-3.32494e-06
-1.01144e-05
-3.14858e-06
-1.05175e-05
-2.97059e-06
-2.79066e-06
-1.09269e-05
-8.92767e-06
-2.96597e-06
-9.29535e-06
-2.78089e-06
-9.67244e-06
-2.59346e-06
-2.40478e-06
-1.00583e-05
-8.10018e-06
-2.63087e-06
-8.44261e-06
-2.43842e-06
-8.79407e-06
-2.24198e-06
-2.04298e-06
-9.15586e-06
-7.23188e-06
-2.31878e-06
-7.55149e-06
-2.11881e-06
-7.87955e-06
-1.91389e-06
-1.70524e-06
-8.21728e-06
-6.31066e-06
-2.02513e-06
-6.61078e-06
-1.81866e-06
-6.91848e-06
-1.60618e-06
-1.38957e-06
-7.23415e-06
-5.33815e-06
-1.75603e-06
-5.61616e-06
-1.54065e-06
-5.89933e-06
-1.32299e-06
-1.09816e-06
-6.19073e-06
-4.38389e-06
-1.62304e-06
-4.56658e-06
-1.35794e-06
-4.78754e-06
-1.10202e-06
-8.49972e-07
-5.03573e-06
-3.76838e-06
-1.65922e-06
-3.76867e-06
-1.35766e-06
-3.81074e-06
-1.05996e-06
-7.62327e-07
-3.89839e-06
-3.57155e-06
-3.46397e-06
-3.38144e-06
-3.32511e-06
6.44096e-05
-7.48849e-05
7.10644e-05
-9.08248e-05
8.28078e-05
-9.49201e-05
9.33522e-05
-8.5476e-05
9.99712e-05
-7.22516e-05
9.90049e-05
-5.03772e-05
9.2844e-05
-2.53959e-05
9.30411e-05
-7.50132e-06
9.08606e-05
5.55159e-06
8.31863e-05
1.17111e-05
7.06433e-05
1.73602e-05
4.4747e-05
1.36668e-05
3.33114e-05
1.0362e-05
6.88427e-05
1.48119e-05
7.11711e-05
6.27876e-05
0.000121298
7.60861e-05
3.53179e-05
0.00031949
-9.6796e-07
1.16327e-05
1.82301e-05
7.12887e-05
-8.343e-05
8.12103e-05
-0.000100746
8.7117e-05
-0.000100827
9.24765e-05
-9.08354e-05
9.21781e-05
-7.19533e-05
8.86178e-05
-4.68168e-05
8.72128e-05
-2.39909e-05
8.68294e-05
-7.118e-06
9.0123e-05
2.25806e-06
9.76234e-05
4.21063e-06
0.000106158
8.82553e-06
0.00010084
1.89852e-05
8.31955e-05
2.80063e-05
8.03861e-05
1.76213e-05
8.81075e-05
5.50661e-05
9.92484e-05
6.49453e-05
0.000191313
0.000227425
5.90257e-05
0.00014392
7.72558e-05
0.000106962
-9.49738e-05
0.000114356
-0.000108141
0.000117912
-0.000104383
0.000115882
-8.88059e-05
0.000112447
-6.85179e-05
0.000110657
-4.50267e-05
0.000112349
-2.56828e-05
0.000115214
-9.98341e-06
0.000121583
-4.11081e-06
0.000128037
-2.24351e-06
0.000132949
3.91375e-06
0.000138614
1.33202e-05
0.000141596
2.50236e-05
0.000115252
4.39653e-05
9.8148e-05
7.21705e-05
6.87055e-05
9.43878e-05
0.000135063
0.000161068
8.28612e-05
0.000196122
0.000160117
0.000129328
-9.57251e-05
0.000129756
-0.000108569
0.000136606
-0.000111233
0.000138649
-9.08491e-05
0.000131211
-6.108e-05
0.000124713
-3.85282e-05
0.000123784
-2.4754e-05
0.000126166
-1.23657e-05
0.000132817
-1.07612e-05
0.000137128
-6.55524e-06
0.00014207
-1.02745e-06
0.000145499
9.89075e-06
0.000139931
3.05914e-05
0.000133942
4.9955e-05
0.000128182
7.79301e-05
0.000107102
0.000115468
0.000102208
0.000165962
7.46009e-05
0.000223729
0.000234718
0.000116034
-9.94193e-05
0.000116673
-0.000109208
0.000123599
-0.000118159
0.000124098
-9.13481e-05
0.000107527
-4.45083e-05
9.12e-05
-2.22016e-05
8.71863e-05
-2.07403e-05
0.000103971
-2.915e-05
0.000118459
-2.52491e-05
0.000135665
-2.37617e-05
0.000157481
-2.28433e-05
0.000177657
-1.02854e-05
0.000172859
3.5389e-05
0.000135179
8.76356e-05
0.000142144
7.09651e-05
0.00012528
0.000132332
9.68079e-05
0.000194434
5.66086e-05
0.000263928
0.000291326
7.98795e-05
-0.000102741
8.44883e-05
-0.000113817
8.35779e-05
-0.000117248
8.84768e-05
-9.62471e-05
9.04931e-05
-4.65244e-05
0.000105716
-3.74248e-05
0.000107856
-2.28801e-05
0.000155451
-7.67442e-05
0.000191767
-6.15654e-05
0.000204364
-3.63586e-05
0.000209851
-2.8331e-05
0.000172053
2.75124e-05
0.000148612
5.88302e-05
0.000134999
0.000101248
0.000139261
6.67027e-05
0.000125446
0.000146146
9.5685e-05
0.000224195
4.69682e-05
0.000312645
0.000338294
2.66911e-05
-8.8882e-05
2.16531e-06
-8.92911e-05
-1.94488e-06
-0.000113138
1.98177e-05
-0.000118009
8.38463e-05
-0.000110553
0.000169506
-0.000123084
0.000299447
-0.000152821
0.000387618
-0.000164916
0.000416621
-9.05684e-05
0.000409815
-2.95527e-05
0.0003788
2.68361e-06
0.00036888
3.7432e-05
0.000341367
8.63435e-05
0.000259832
0.000182783
0.000148842
0.000177693
0.00012064
0.000174348
9.0433e-05
0.000254402
4.39706e-05
0.000359107
0.000382265
-5.97216e-06
-0.00011602
2.857e-05
-0.000123833
4.36356e-05
-0.000128203
5.38028e-05
-0.000128177
7.22395e-05
-0.00012899
9.00451e-05
-0.00014089
0.000107339
-0.000170115
1.90056e-05
-7.65821e-05
-4.32561e-05
-2.83067e-05
-5.44635e-05
-1.83455e-05
-3.94759e-05
-1.23039e-05
-5.60532e-06
3.56146e-06
4.44588e-05
3.62796e-05
0.000132938
9.43038e-05
0.000132826
0.000177805
9.92728e-05
0.000207901
7.81443e-05
0.000275531
4.44816e-05
0.00039277
0.000426747
6.09483e-05
-0.00010205
4.51365e-05
-0.000108021
2.42608e-05
-0.000107328
2.79526e-06
-0.000106711
-1.27723e-05
-0.000113422
-2.12218e-05
-0.00013244
-8.8096e-05
-0.000103241
-0.00012154
-4.31379e-05
-0.000112124
-3.77228e-05
-9.642e-05
-3.40497e-05
-7.73025e-05
-3.14215e-05
-5.27374e-05
-2.10036e-05
-2.08379e-05
4.38005e-06
2.69789e-05
4.6487e-05
6.94681e-05
0.000135316
6.58575e-05
0.000211512
4.6296e-05
0.000295092
2.36755e-05
0.00041539
0.000450422
2.66439e-05
-8.08116e-05
-6.89602e-07
-8.06878e-05
-2.63443e-05
-8.16728e-05
-4.7917e-05
-8.51382e-05
-6.92848e-05
-9.2054e-05
-0.000108391
-9.33345e-05
-0.000140679
-7.09527e-05
-0.00013132
-5.24971e-05
-0.00012932
-3.9722e-05
-0.000122977
-4.03929e-05
-0.000114915
-3.94841e-05
-0.000100786
-3.51324e-05
-8.13406e-05
-1.5065e-05
-5.49682e-05
2.01145e-05
-1.29986e-05
9.3346e-05
8.14152e-06
0.000190372
-6.00582e-06
0.000309239
-6.25965e-06
0.000415644
0.000444162
-9.93742e-06
-6.6158e-05
-2.49352e-05
-6.56899e-05
-4.01316e-05
-6.64763e-05
-5.90662e-05
-6.62036e-05
-8.38481e-05
-6.72721e-05
-0.000124804
-5.2379e-05
-0.000161825
-3.39319e-05
-0.000155635
-5.86869e-05
-0.000144214
-5.11427e-05
-0.000142692
-4.19154e-05
-0.000142013
-4.01625e-05
-0.000141476
-3.56699e-05
-0.000137361
-1.91797e-05
-0.000126157
8.91086e-06
-9.7639e-05
6.48276e-05
-6.96661e-05
0.000162399
-5.8164e-05
0.000297737
-3.16801e-05
0.00038916
0.000412482
-1.7181e-05
-5.13875e-05
-2.92368e-05
-5.36341e-05
-4.0651e-05
-5.5062e-05
-5.33399e-05
-5.35146e-05
-7.03415e-05
-5.02704e-05
-8.77302e-05
-3.49904e-05
-0.000109688
-1.19739e-05
-0.000156868
-1.15073e-05
-0.000158862
-4.91488e-05
-0.00015148
-4.92977e-05
-0.000156473
-3.51695e-05
-0.00016709
-2.50521e-05
-0.000177185
-9.0852e-06
-0.000181178
1.29037e-05
-0.000169145
5.27946e-05
-0.000145086
0.000138341
-0.000110852
0.000263503
-6.28869e-05
0.000341195
0.000349595
-2.34485e-05
-4.61614e-05
-2.94474e-05
-4.7635e-05
-3.6568e-05
-4.79414e-05
-4.51491e-05
-4.49334e-05
-5.57555e-05
-3.9664e-05
-6.27704e-05
-2.79755e-05
-6.58865e-05
-8.85777e-06
-9.16653e-05
1.42714e-05
-0.000147797
6.98304e-06
-0.000166491
-3.06037e-05
-0.000167573
-3.40883e-05
-0.000177643
-1.49813e-05
-0.000193034
6.30498e-06
-0.00020829
2.81599e-05
-0.000212366
5.68711e-05
-0.000194039
0.000120013
-0.000147243
0.000216707
-8.07539e-05
0.000274706
0.000268841
-2.4287e-05
-4.16743e-05
-2.93989e-05
-4.2523e-05
-3.55729e-05
-4.17673e-05
-4.16196e-05
-3.88866e-05
-4.72333e-05
-3.40502e-05
-5.03369e-05
-2.48718e-05
-4.7971e-05
-1.12236e-05
-4.06526e-05
6.95291e-06
-6.72218e-05
3.35521e-05
-0.000140012
4.21859e-05
-0.000183156
9.0559e-06
-0.000177912
-2.0225e-05
-0.000188003
1.63958e-05
-0.000205946
4.61028e-05
-0.000221046
7.19716e-05
-0.000210243
0.00010921
-0.000161146
0.00016761
-8.72996e-05
0.000200859
0.000181542
-2.38691e-05
-3.86351e-05
-2.71597e-05
-3.92324e-05
-3.13611e-05
-3.75657e-05
-3.55852e-05
-3.46626e-05
-3.92807e-05
-3.03546e-05
-4.05551e-05
-2.35973e-05
-3.78661e-05
-1.39125e-05
-2.90891e-05
-1.82417e-06
-1.70208e-05
2.14839e-05
-3.32963e-05
5.84612e-05
-0.000125138
0.000100898
-0.000184801
3.94375e-05
-0.000181294
1.28895e-05
-0.000188813
5.36212e-05
-0.000206502
8.96602e-05
-0.000206335
0.000109044
-0.000166609
0.000127884
-8.21174e-05
0.000116367
9.94245e-05
-2.38003e-05
-3.54868e-05
-2.73155e-05
-3.57171e-05
-3.0783e-05
-3.40982e-05
-3.3395e-05
-3.20504e-05
-3.47174e-05
-2.90322e-05
-3.41532e-05
-2.41614e-05
-3.00692e-05
-1.79966e-05
-2.08718e-05
-1.10214e-05
-4.01195e-06
4.62387e-06
1.93715e-05
3.50777e-05
-1.09779e-05
0.000131247
-0.00011217
0.00014063
-0.000165604
6.63233e-05
-0.000182427
7.04439e-05
-0.000185681
9.29142e-05
-0.000192239
0.000115602
-0.0001453
8.09446e-05
-6.16297e-05
3.26974e-05
3.77948e-05
-2.29237e-05
-3.32174e-05
-2.5468e-05
-3.31729e-05
-2.76834e-05
-3.18827e-05
-2.93718e-05
-3.0362e-05
-3.01339e-05
-2.827e-05
-2.91314e-05
-2.51639e-05
-2.47821e-05
-2.23457e-05
-1.5677e-05
-2.01266e-05
1.14771e-07
-1.11678e-05
2.50342e-05
1.01581e-05
3.89163e-05
0.000117365
-5.17672e-05
0.000231313
-0.000132057
0.000146613
-0.000177211
0.000115597
-0.000180233
9.59363e-05
-0.000147694
8.30631e-05
-9.77625e-05
3.10129e-05
-5.94264e-05
-5.63866e-06
-2.16316e-05
-2.20966e-05
-3.08946e-05
-2.48001e-05
-3.04693e-05
-2.71457e-05
-2.95371e-05
-2.88299e-05
-2.86778e-05
-2.93119e-05
-2.7788e-05
-2.80586e-05
-2.6417e-05
-2.3972e-05
-2.64324e-05
-1.57832e-05
-2.83152e-05
-8.16452e-07
-2.61347e-05
1.79556e-05
-8.61385e-06
4.91547e-05
8.61657e-05
1.87364e-06
0.000278594
-8.69183e-05
0.000235405
-0.000136302
0.000164981
-0.000157902
0.000117535
-0.000147217
7.23779e-05
-0.000111978
-4.22607e-06
-5.05502e-05
-6.70662e-05
-7.21818e-05
-2.22867e-05
-2.84745e-05
-2.44444e-05
-2.83116e-05
-2.58124e-05
-2.8169e-05
-2.70523e-05
-2.74379e-05
-2.81094e-05
-2.67309e-05
-2.75949e-05
-2.69315e-05
-2.53235e-05
-2.87038e-05
-2.00363e-05
-3.36024e-05
-9.27152e-06
-3.68995e-05
5.48249e-06
-2.33679e-05
4.16174e-05
5.00308e-05
3.74249e-05
0.000282787
-2.12305e-05
0.000294061
-7.2667e-05
0.000216418
-7.30965e-05
0.000117964
-5.78716e-05
5.71528e-05
-4.50243e-05
-1.70734e-05
-3.75166e-05
-7.45739e-05
-0.000109698
-2.13949e-05
-2.62345e-05
-2.3578e-05
-2.61285e-05
-2.54979e-05
-2.6249e-05
-2.73631e-05
-2.55727e-05
-2.89362e-05
-2.51578e-05
-2.94875e-05
-2.63801e-05
-2.94015e-05
-2.87898e-05
-2.8503e-05
-3.45009e-05
-2.45574e-05
-4.08451e-05
-1.42144e-05
-3.37109e-05
2.2123e-05
1.36934e-05
4.97024e-05
0.000255208
3.1771e-05
0.000311992
-2.09971e-08
0.00024821
-1.43041e-08
0.000117958
2.02539e-05
3.68844e-05
3.36168e-07
2.84424e-06
-2.33139e-06
-7.19064e-05
-0.00011203
-2.16696e-05
-2.43152e-05
-2.32654e-05
-2.45327e-05
-2.51246e-05
-2.43898e-05
-2.72486e-05
-2.34487e-05
-2.91885e-05
-2.32179e-05
-3.10984e-05
-2.44701e-05
-3.38573e-05
-2.60309e-05
-3.82309e-05
-3.01272e-05
-4.28344e-05
-3.62416e-05
-3.90719e-05
-3.74735e-05
-1.57579e-05
-9.62057e-06
3.96595e-05
0.00019979
4.41745e-05
0.000307477
4.18029e-05
0.000250581
4.19022e-05
0.000117858
4.61141e-05
3.26724e-05
4.22657e-05
6.69258e-06
1.02225e-05
-3.98632e-05
-0.000101807
-2.07274e-05
-2.24275e-05
-2.2717e-05
-2.25431e-05
-2.49184e-05
-2.21884e-05
-2.72571e-05
-2.111e-05
-2.95487e-05
-2.09262e-05
-3.24271e-05
-2.15917e-05
-3.68796e-05
-2.15784e-05
-4.36213e-05
-2.33855e-05
-5.32706e-05
-2.65923e-05
-6.29549e-05
-2.77892e-05
-6.46079e-05
-7.96762e-06
4.93298e-06
0.000130249
3.92945e-05
0.000273115
5.78288e-05
0.000232047
6.67224e-05
0.000108964
6.29329e-05
3.64619e-05
4.27851e-05
2.68404e-05
7.41843e-06
-4.49657e-06
-9.43889e-05
-2.04067e-05
-2.07155e-05
-2.23076e-05
-2.06421e-05
-2.4572e-05
-1.9924e-05
-2.68346e-05
-1.88473e-05
-2.94139e-05
-1.83469e-05
-3.28926e-05
-1.8113e-05
-3.76522e-05
-1.68188e-05
-4.46998e-05
-1.63379e-05
-5.55684e-05
-1.57237e-05
-7.12309e-05
-1.21267e-05
-8.2235e-05
3.03645e-06
-3.29367e-05
8.0951e-05
3.22813e-05
0.000207897
7.10764e-05
0.000193252
8.41278e-05
9.59131e-05
7.33114e-05
4.72781e-05
4.08807e-05
5.9271e-05
2.55195e-06
3.38322e-05
-9.1837e-05
-1.97971e-05
-1.89425e-05
-2.1816e-05
-1.86233e-05
-2.40053e-05
-1.77346e-05
-2.62155e-05
-1.66372e-05
-2.88389e-05
-1.57235e-05
-3.22793e-05
-1.46725e-05
-3.65335e-05
-1.25646e-05
-4.25771e-05
-1.02943e-05
-5.13705e-05
-6.93028e-06
-6.43066e-05
8.09375e-07
-7.67477e-05
1.54775e-05
-5.44612e-05
5.86645e-05
1.81928e-05
0.000135243
7.08357e-05
0.000140609
8.9756e-05
7.69928e-05
8.07559e-05
5.62782e-05
5.12699e-05
8.87571e-05
6.59705e-06
7.85049e-05
-8.52399e-05
-1.92462e-05
-1.7234e-05
-2.11656e-05
-1.67039e-05
-2.31672e-05
-1.57329e-05
-2.53022e-05
-1.45022e-05
-2.77545e-05
-1.32711e-05
-3.07663e-05
-1.16608e-05
-3.42346e-05
-9.0962e-06
-3.86419e-05
-5.88703e-06
-4.42703e-05
-1.3019e-06
-5.11639e-05
7.70298e-06
-5.59168e-05
2.02304e-05
-4.42717e-05
4.70194e-05
6.36725e-06
8.46043e-05
5.69695e-05
9.00067e-05
7.98144e-05
5.41478e-05
7.69897e-05
5.91029e-05
4.81706e-05
0.000117576
8.81135e-06
0.000117864
-7.64285e-05
-1.85362e-05
-1.56298e-05
-2.03576e-05
-1.48825e-05
-2.2215e-05
-1.38755e-05
-2.42026e-05
-1.25146e-05
-2.63663e-05
-1.11073e-05
-2.87708e-05
-9.25626e-06
-3.13376e-05
-6.52949e-06
-3.41265e-05
-3.09805e-06
-3.7057e-05
1.62854e-06
-3.91411e-05
9.78711e-06
-3.7937e-05
1.90263e-05
-2.72652e-05
3.63477e-05
2.27304e-06
5.5066e-05
4.0354e-05
5.19256e-05
5.62722e-05
3.82296e-05
5.69077e-05
5.84674e-05
3.0922e-05
0.000143562
7.04259e-06
0.000141744
-6.9386e-05
-1.7852e-05
-1.40345e-05
-1.94908e-05
-1.32436e-05
-2.12011e-05
-1.21652e-05
-2.29395e-05
-1.07762e-05
-2.47635e-05
-9.28338e-06
-2.66336e-05
-7.38612e-06
-2.83834e-05
-4.77967e-06
-2.98896e-05
-1.59184e-06
-3.07784e-05
2.51726e-06
-3.00481e-05
9.05692e-06
-2.6225e-05
1.52031e-05
-1.5143e-05
2.52657e-05
3.22762e-06
3.66954e-05
2.71479e-05
2.80053e-05
3.57175e-05
2.966e-05
3.96314e-05
5.45535e-05
2.68872e-05
0.000156306
1.34884e-05
0.000155142
-5.58975e-05
-1.70339e-05
-1.26577e-05
-1.85698e-05
-1.17076e-05
-2.01093e-05
-1.06257e-05
-2.16334e-05
-9.25206e-06
-2.3159e-05
-7.75782e-06
-2.45795e-05
-5.96567e-06
-2.57035e-05
-3.65567e-06
-2.63377e-05
-9.57673e-07
-2.59819e-05
2.16151e-06
-2.38037e-05
6.87872e-06
-1.93698e-05
1.07693e-05
-8.94297e-06
1.48389e-05
4.34144e-06
2.3411e-05
1.88991e-05
1.34477e-05
2.47396e-05
2.38194e-05
2.90262e-05
5.02669e-05
2.56721e-05
0.00015966
1.89319e-05
0.000161883
-3.69656e-05
-1.62418e-05
-1.13153e-05
-1.76236e-05
-1.03258e-05
-1.90182e-05
-9.23114e-06
-2.03643e-05
-7.90601e-06
-2.16494e-05
-6.47273e-06
-2.27534e-05
-4.86171e-06
-2.34816e-05
-2.92749e-06
-2.36381e-05
-8.01168e-07
-2.27479e-05
1.27137e-06
-2.00043e-05
4.13517e-06
-1.55269e-05
6.29189e-06
-6.6821e-06
5.99416e-06
4.49936e-06
1.22295e-05
1.50169e-05
2.93021e-06
2.11345e-05
1.77018e-05
2.30352e-05
4.83661e-05
2.31502e-05
0.000159545
2.03523e-05
0.000164681
-1.66133e-05
-1.53968e-05
-1.00899e-05
-1.66728e-05
-9.04983e-06
-1.79505e-05
-7.95343e-06
-1.91657e-05
-6.69082e-06
-2.0291e-05
-5.3475e-06
-2.1218e-05
-3.93473e-06
-2.17759e-05
-2.36958e-06
-2.17782e-05
-7.9879e-07
-2.08712e-05
3.64335e-07
-1.83442e-05
1.60827e-06
-1.40985e-05
2.04618e-06
-6.94223e-06
-1.1621e-06
2.996e-06
2.29127e-06
1.27194e-05
-6.79323e-06
2.13544e-05
9.06687e-06
2.25135e-05
4.72069e-05
2.4285e-05
0.000157774
2.64728e-05
0.000162493
9.85946e-06
-1.45489e-05
-8.9293e-06
-1.57312e-05
-7.86748e-06
-1.69185e-05
-6.76613e-06
-1.80509e-05
-5.55847e-06
-1.90976e-05
-4.30087e-06
-1.9978e-05
-3.05434e-06
-2.05643e-05
-1.78327e-06
-2.06727e-05
-6.90377e-07
-2.01302e-05
-1.78157e-07
-1.83212e-05
-2.00624e-07
-1.47947e-05
-1.4803e-06
-9.61327e-06
-6.34355e-06
-1.06016e-06
-6.26184e-06
8.51913e-06
-1.63725e-05
1.80418e-05
-4.55838e-07
1.73836e-05
4.78652e-05
2.00119e-05
0.000155145
2.29257e-05
0.000159579
3.27851e-05
-1.36832e-05
-7.83683e-06
-1.4796e-05
-6.75475e-06
-1.592e-05
-5.64209e-06
-1.70116e-05
-4.46693e-06
-1.80425e-05
-3.27007e-06
-1.89855e-05
-2.11127e-06
-1.97302e-05
-1.03858e-06
-2.01554e-05
-2.65098e-07
-2.02458e-05
-8.77919e-08
-1.96476e-05
-7.98734e-07
-1.79406e-05
-3.18727e-06
-1.54886e-05
-8.79562e-06
-8.58385e-06
-1.31666e-05
-2.01969e-06
-2.29367e-05
1.50049e-06
-3.97603e-06
1.34869e-06
4.8017e-05
8.31918e-06
0.000148175
8.49944e-06
0.000159399
4.12845e-05
-1.28078e-05
-6.8003e-06
-1.3866e-05
-5.69664e-06
-1.49443e-05
-4.56385e-06
-1.60209e-05
-3.39032e-06
-1.70839e-05
-2.20709e-06
-1.81194e-05
-1.07581e-06
-1.90812e-05
-7.67367e-08
-1.99862e-05
6.39941e-07
-2.08693e-05
7.95413e-07
-2.17554e-05
8.73847e-08
-2.2679e-05
-2.26367e-06
-2.41331e-05
-7.34155e-06
-2.28001e-05
-1.44996e-05
-2.59232e-05
-1.98136e-05
-3.11642e-05
1.26499e-06
-4.21723e-05
5.9025e-05
-2.87142e-05
0.000134717
-1.43676e-05
0.000145052
2.69169e-05
-1.19132e-05
-5.814e-06
-1.29249e-05
-4.68499e-06
-1.39724e-05
-3.51635e-06
-1.50445e-05
-2.31829e-06
-1.61547e-05
-1.09693e-06
-1.73053e-05
7.48472e-08
-1.85281e-05
1.14606e-06
-1.98781e-05
1.99003e-06
-2.15154e-05
2.43271e-06
-2.36736e-05
2.24556e-06
-2.68987e-05
9.61464e-07
-3.21513e-05
-2.08892e-06
-3.9569e-05
-7.08196e-06
-5.31764e-05
-6.20626e-06
-7.44356e-05
2.25242e-05
-8.52354e-05
6.98249e-05
-5.72409e-05
0.000106722
-1.33484e-05
0.000101159
1.35685e-05
-1.0993e-05
-4.87924e-06
-1.1961e-05
-3.71705e-06
-1.2978e-05
-2.4994e-06
-1.40492e-05
-1.24715e-06
-1.51901e-05
4.40529e-08
-1.6432e-05
1.31668e-06
-1.7835e-05
2.54917e-06
-1.95041e-05
3.65912e-06
-2.17013e-05
4.62995e-06
-2.48496e-05
5.39386e-06
-2.97247e-05
5.83649e-06
-3.79819e-05
6.16835e-06
-5.18498e-05
6.78591e-06
-7.50077e-05
1.69516e-05
-0.000102839
5.03555e-05
-0.000117563
8.45491e-05
-7.43129e-05
6.3472e-05
-7.76276e-06
3.46093e-05
5.8057e-06
-1.00382e-05
-3.99688e-06
-1.09624e-05
-2.79286e-06
-1.19435e-05
-1.5184e-06
-1.29944e-05
-1.96251e-07
-1.41368e-05
1.18643e-06
-1.54068e-05
2.58674e-06
-1.68738e-05
4.01622e-06
-1.86596e-05
5.44496e-06
-2.09822e-05
6.95255e-06
-2.42118e-05
8.62344e-06
-2.90093e-05
1.0634e-05
-3.66543e-05
1.38134e-05
-4.90597e-05
1.91912e-05
-6.93337e-05
3.72256e-05
-8.41823e-05
6.52041e-05
-8.28199e-05
8.31868e-05
-3.81504e-05
1.88024e-05
-4.34054e-06
7.99407e-07
1.46516e-06
-9.04419e-06
-3.16997e-06
-9.92079e-06
-1.91627e-06
-1.08572e-05
-5.82048e-07
-1.18677e-05
8.14244e-07
-1.29795e-05
2.29833e-06
-1.42284e-05
3.83566e-06
-1.56677e-05
5.45551e-06
-1.7397e-05
7.17426e-06
-1.95441e-05
9.09963e-06
-2.22985e-05
1.13778e-05
-2.58282e-05
1.41637e-05
-3.03516e-05
1.83367e-05
-3.49523e-05
2.37919e-05
-3.84906e-05
4.07639e-05
-3.54092e-05
6.21227e-05
-3.37557e-05
8.15333e-05
-1.83733e-05
3.42001e-06
-3.48394e-06
-1.40899e-05
-2.01878e-06
-8.00681e-06
-2.3973e-06
-8.8281e-06
-1.09498e-06
-9.70593e-06
2.95773e-07
-1.06558e-05
1.76409e-06
-1.17001e-05
3.3427e-06
-1.28744e-05
5.00992e-06
-1.4207e-05
6.78815e-06
-1.57557e-05
8.7229e-06
-1.75455e-05
1.08895e-05
-1.95867e-05
1.34189e-05
-2.16767e-05
1.62537e-05
-2.32061e-05
1.98661e-05
-2.30989e-05
2.36848e-05
-1.52968e-05
3.29618e-05
4.22543e-06
4.26005e-05
4.34697e-06
8.14118e-05
-8.66196e-06
1.64289e-05
-3.66022e-06
-1.90916e-05
-5.67901e-06
-6.91249e-06
-1.67555e-06
-7.6857e-06
-3.21781e-07
-8.50399e-06
1.11405e-06
-9.39968e-06
2.65977e-06
-1.03817e-05
4.32472e-06
-1.14846e-05
6.11284e-06
-1.27375e-05
8.04099e-06
-1.41499e-05
1.01353e-05
-1.56773e-05
1.24169e-05
-1.72195e-05
1.49611e-05
-1.85384e-05
1.75725e-05
-1.81904e-05
1.95181e-05
-1.69094e-05
2.24038e-05
-3.50511e-06
1.95575e-05
1.5108e-05
2.39874e-05
3.07097e-05
6.581e-05
7.3933e-06
3.97454e-05
-1.7783e-06
-9.92004e-06
-7.45731e-06
-5.6868e-06
-1.02449e-06
-6.39207e-06
3.83457e-07
-7.14994e-06
1.8719e-06
-7.957e-06
3.4668e-06
-8.83103e-06
5.19872e-06
-9.80213e-06
7.0839e-06
-1.09148e-05
9.15358e-06
-1.21954e-05
1.14158e-05
-1.36304e-05
1.38519e-05
-1.5087e-05
1.64177e-05
-1.63597e-05
1.88451e-05
-1.64382e-05
1.95966e-05
-1.5719e-05
2.16846e-05
-8.33395e-06
1.21724e-05
2.49432e-06
1.31591e-05
3.49338e-05
3.33705e-05
2.59183e-05
4.87608e-05
-2.1743e-06
1.81726e-05
-9.6316e-06
-4.28561e-06
-6.37285e-07
-4.82795e-06
9.25772e-07
-5.48908e-06
2.533e-06
-6.24233e-06
4.22001e-06
-7.07282e-06
6.02917e-06
-7.99901e-06
8.01005e-06
-9.0598e-06
1.02143e-05
-1.02847e-05
1.26407e-05
-1.17227e-05
1.52898e-05
-1.34664e-05
1.81613e-05
-1.54352e-05
2.08138e-05
-1.77786e-05
2.194e-05
-1.91957e-05
2.31016e-05
-1.91879e-05
1.21645e-05
-2.06783e-05
1.46494e-05
2.52952e-05
-1.2603e-05
1.73769e-05
5.66791e-05
7.93592e-06
2.76135e-05
-1.69568e-06
-3.31674e-06
-3.46232e-06
-3.7114e-06
-4.02879e-06
-4.39166e-06
-4.79869e-06
-5.26745e-06
-5.86438e-06
-6.67162e-06
-7.75392e-06
-9.0748e-06
-9.49449e-06
-1.12828e-05
-4.55623e-06
-1.00131e-05
1.49614e-05
1.25805e-05
1.39733e-05
)
;

boundaryField
{
    leftWall
    {
        type            calculated;
        value           uniform 0;
    }
    rightWall
    {
        type            calculated;
        value           uniform 0;
    }
    lowerWall
    {
        type            calculated;
        value           nonuniform List<scalar> 
62
(
-6.43483e-22
-1.33702e-22
-2.98389e-22
-7.96263e-23
-1.95295e-23
-1.76989e-22
3.83534e-22
-2.32666e-22
-4.21882e-22
5.89449e-23
-3.94513e-23
1.79048e-22
-3.99038e-22
2.26039e-22
-7.14793e-22
-1.34467e-22
3.98219e-22
2.53799e-22
4.88696e-23
-1.74302e-23
7.85029e-23
1.33979e-22
-2.31236e-22
0
0
0
0
0
0
0
0
-1.90507e-23
3.03716e-23
-1.10904e-22
-3.76207e-23
0
0
0
0
0
0
0
0
-2.70292e-23
-2.67296e-22
9.75407e-23
1.86746e-23
-3.79463e-22
1.78632e-22
-4.03251e-23
1.70192e-22
1.31729e-22
1.41241e-22
-2.73978e-22
-2.27475e-22
1.77172e-22
2.26374e-22
-4.32785e-22
-9.42727e-23
-1.81666e-22
-3.40479e-22
5.41286e-23
)
;
    }
    atmosphere
    {
        type            calculated;
        value           nonuniform List<scalar> 
46
(
-1.05497e-05
-1.10145e-05
-1.10425e-05
-1.1091e-05
-1.11339e-05
-1.11789e-05
-1.12197e-05
-1.1253e-05
-1.12733e-05
-1.12742e-05
-1.1249e-05
-1.11903e-05
-1.10899e-05
-1.09378e-05
-1.07194e-05
-1.04232e-05
-1.00377e-05
-9.54544e-06
-8.92756e-06
-8.16713e-06
-7.24444e-06
-6.13181e-06
-4.8156e-06
-1.78684e-06
-1.46525e-06
-1.14249e-06
-8.1867e-07
-6.4566e-07
1.07134e-06
2.78207e-06
4.53739e-06
6.39202e-06
8.41707e-06
1.06831e-05
1.32377e-05
1.6097e-05
1.92436e-05
2.21347e-05
2.23596e-05
2.489e-05
5.43786e-06
2.01063e-05
-3.75775e-05
5.906e-05
2.62207e-05
1.22776e-05
)
;
    }
    defaultFaces
    {
        type            empty;
        value           nonuniform 0();
    }
}


// ************************************************************************* //
