/*--------------------------------*- C++ -*----------------------------------*\
| =========                 |                                                 |
| \\      /  F ield         | OpenFOAM: The Open Source CFD Toolbox           |
|  \\    /   O peration     | Version:  2.4.0                                 |
|   \\  /    A nd           | Web:      www.OpenFOAM.org                      |
|    \\/     M anipulation  |                                                 |
\*---------------------------------------------------------------------------*/
FoamFile
{
    version     2.0;
    format      ascii;
    class       volVectorField;
    location    "0.55";
    object      U;
}
// * * * * * * * * * * * * * * * * * * * * * * * * * * * * * * * * * * * * * //

dimensions      [0 1 -1 0 0 0 0];

internalField   nonuniform List<vector> 
2268
(
(0.0150719 -0.00629345 0)
(0.0425165 -0.00672198 0)
(0.0731209 -0.00491393 0)
(0.0921304 -0.00818834 0)
(0.137504 -0.00651783 0)
(0.157601 -0.00518118 0)
(0.177372 -0.00589783 0)
(0.209064 -0.00687872 0)
(0.24396 -0.00747992 0)
(0.273679 -0.00490338 0)
(0.281917 -0.00302358 0)
(0.294652 -0.00281113 0)
(0.298268 -0.00330202 0)
(0.306116 -0.00698708 0)
(0.296702 -0.00878063 0)
(0.270659 -0.0145665 0)
(0.232346 -0.0027584 0)
(0.166494 -0.00271745 0)
(0.109801 0.0121837 0)
(0.0533438 -0.000637931 0)
(0.0474642 0.00629331 0)
(0.0221247 0.00909176 0)
(-0.0166866 0.00255125 0)
(0.0154958 -0.0196853 0)
(0.0415217 -0.0217096 0)
(0.0741676 -0.013898 0)
(0.0952516 -0.0264556 0)
(0.133887 -0.0194541 0)
(0.157025 -0.0136893 0)
(0.180774 -0.0204037 0)
(0.212201 -0.0208655 0)
(0.245543 -0.0241495 0)
(0.266032 -0.0129495 0)
(0.280775 -0.00558942 0)
(0.297593 -0.00489875 0)
(0.310827 -0.00145872 0)
(0.308512 0.00845022 0)
(0.299417 0.0303012 0)
(0.275336 0.0517233 0)
(0.233637 0.0548537 0)
(0.174254 0.0572617 0)
(0.105569 0.038456 0)
(0.0696023 0.027346 0)
(0.0406217 0.0103398 0)
(0.0269707 0.019494 0)
(-0.0156082 -0.000493388 0)
(0.0158795 -0.0366429 0)
(0.040879 -0.0382521 0)
(0.0744732 -0.03125 0)
(0.0979136 -0.0424206 0)
(0.128731 -0.0359002 0)
(0.159066 -0.0312959 0)
(0.183513 -0.0359357 0)
(0.216914 -0.0358572 0)
(0.243292 -0.0369131 0)
(0.258044 -0.0230626 0)
(0.281959 -0.018397 0)
(0.309805 -0.0162317 0)
(0.324628 -0.0110468 0)
(0.325897 -0.00204854 0)
(0.310903 -0.0013426 0)
(0.276743 0.0103232 0)
(0.220115 0.0463006 0)
(0.167749 0.065289 0)
(0.0909156 0.0617466 0)
(0.0704431 0.033689 0)
(0.0481229 0.0235767 0)
(0.0496216 0.0312444 0)
(0.0244647 0.0116485 0)
(0.0165589 -0.0431148 0)
(0.039218 -0.0459315 0)
(0.0742134 -0.0373391 0)
(0.101124 -0.0524743 0)
(0.122563 -0.0456669 0)
(0.159758 -0.0433885 0)
(0.186631 -0.0540595 0)
(0.218356 -0.0533143 0)
(0.233974 -0.0541156 0)
(0.255972 -0.0406677 0)
(0.287805 -0.041735 0)
(0.312703 -0.0339328 0)
(0.317572 -0.0152502 0)
(0.313609 0.0184249 0)
(0.295822 0.07594 0)
(0.275983 0.1166 0)
(0.238223 0.11201 0)
(0.179039 0.103855 0)
(0.105869 0.0754479 0)
(0.0682903 0.0417799 0)
(0.038932 0.019992 0)
(0.0468914 0.0366992 0)
(0.0179967 0.0302995 0)
(0.0153535 -0.104966 0)
(0.0340955 -0.103408 0)
(0.0668653 -0.103735 0)
(0.0962746 -0.101707 0)
(0.107829 -0.102288 0)
(0.14075 -0.0998141 0)
(0.176388 -0.0942169 0)
(0.193698 -0.0878883 0)
(0.208722 -0.0829913 0)
(0.243949 -0.0751265 0)
(0.270514 -0.0717317 0)
(0.292442 -0.0564202 0)
(0.313614 -0.0437446 0)
(0.341555 -0.032604 0)
(0.325374 -0.0185401 0)
(0.275202 0.00584329 0)
(0.222672 0.111035 0)
(0.167263 0.142389 0)
(0.105026 0.115574 0)
(0.0750983 0.0658914 0)
(0.023141 0.0343518 0)
(0.0324195 0.0348158 0)
(0.0246527 0.0419889 0)
(0.00247745 0.0779893 0)
(0.00926044 0.0779529 0)
(0.0165258 0.0732091 0)
(0.0319179 0.0774156 0)
(0.0355305 0.0729255 0)
(0.0479126 0.0595572 0)
(0.0721611 0.0600566 0)
(0.0902113 0.063248 0)
(0.106575 0.0551627 0)
(0.130794 0.0602437 0)
(0.149958 0.0748725 0)
(0.163952 0.093261 0)
(0.175887 0.133067 0)
(0.1918 0.231654 0)
(0.134087 0.301205 0)
(0.183724 0.177176 0)
(0.159937 0.108798 0)
(0.126144 0.149342 0)
(0.0894091 0.116169 0)
(0.0709857 0.0825845 0)
(0.0120974 0.04264 0)
(0.00282971 0.040334 0)
(0.013373 0.0580945 0)
(-0.0059891 -0.160383 0)
(-0.00889845 -0.161057 0)
(-0.0175016 -0.164077 0)
(-0.0149948 -0.162285 0)
(-0.0105823 -0.16174 0)
(-0.00016533 -0.166389 0)
(0.0158647 -0.161938 0)
(0.0294497 -0.157489 0)
(0.0482837 -0.154297 0)
(0.0593395 -0.150124 0)
(0.0606819 -0.143904 0)
(0.0549546 -0.142976 0)
(0.0391857 -0.150372 0)
(0.0404151 -0.177109 0)
(0.0798862 -0.115024 0)
(0.16249 0.105052 0)
(0.0178995 0.242256 0)
(0.0676997 0.150554 0)
(0.0364495 0.133714 0)
(0.0463723 0.0946274 0)
(0.013102 0.059952 0)
(-0.0119496 0.0371919 0)
(0.00831705 0.0548736 0)
(-0.00529843 -0.0187751 0)
(-0.0133444 -0.0192925 0)
(-0.0189051 -0.0275475 0)
(-0.0193937 -0.0230969 0)
(-0.0196682 -0.0309219 0)
(-0.00513188 -0.0488743 0)
(0.0160657 -0.0417559 0)
(0.0303026 -0.0392089 0)
(0.0569864 -0.0408959 0)
(0.0767559 -0.0317858 0)
(0.0914047 -0.00564712 0)
(0.103656 0.0143089 0)
(0.101552 0.067319 0)
(0.0423807 0.154709 0)
(-0.0779145 0.159246 0)
(-0.0688533 0.1008 0)
(-0.0349743 0.218904 0)
(-0.10291 0.181289 0)
(-0.0762251 0.102216 0)
(-0.0304574 0.109892 0)
(-0.0094462 0.0736658 0)
(-0.00974154 0.0354271 0)
(0.00989631 0.0565924 0)
(-0.177109 -0.0600702 0)
(-0.177729 -0.170472 0)
(0.00315649 -0.180235 0)
(0.161112 -0.175171 0)
(0.212825 -0.183992 0)
(0.278763 -0.225925 0)
(0.375324 -0.269905 0)
(0.451975 -0.298116 0)
(0.494692 -0.318293 0)
(0.503013 -0.340154 0)
(0.500153 -0.323445 0)
(0.545868 -0.301848 0)
(0.649219 -0.32086 0)
(0.666874 -0.356861 0)
(0.507486 -0.486896 0)
(0.237845 -0.592835 0)
(0.0868431 -0.266794 0)
(-0.0158278 -0.143349 0)
(0.110321 -0.208387 0)
(-0.135077 0.169955 0)
(-0.108848 0.0626938 0)
(0.150072 -0.0472323 0)
(0.356964 0.0343185 0)
(0.464704 0.0937807 0)
(0.57924 0.105118 0)
(0.694439 0.107187 0)
(0.76405 0.140116 0)
(0.803763 0.185739 0)
(0.78471 0.218199 0)
(0.756515 0.181777 0)
(0.77989 0.104246 0)
(0.877582 0.114072 0)
(1.001 0.224028 0)
(0.947325 0.454686 0)
(0.330738 0.615072 0)
(0.0826678 0.308883 0)
(0.214453 0.039383 0)
(0.257864 0.142251 0)
(-0.110585 0.160539 0)
(0.0504848 -0.191641 0)
(0.249454 -0.267489 0)
(0.405954 -0.197243 0)
(0.564601 -0.151367 0)
(0.72084 -0.163465 0)
(0.794465 -0.176012 0)
(0.83573 -0.151311 0)
(0.872957 -0.103568 0)
(0.859943 -0.0672984 0)
(0.835181 -0.0812303 0)
(0.835285 -0.151265 0)
(0.913154 -0.187758 0)
(1.02146 -0.0530667 0)
(0.914017 0.279753 0)
(0.422106 0.173285 0)
(0.010529 0.0268993 0)
(-0.0949484 0.0754491 0)
(0.170914 0.102009 0)
(-0.0164825 0.171997 0)
(0.215819 -0.187999 0)
(0.331795 -0.293474 0)
(0.436088 -0.210714 0)
(0.589186 -0.132309 0)
(0.717878 -0.106393 0)
(0.779106 -0.0896183 0)
(0.796356 -0.0525765 0)
(0.821109 0.0112629 0)
(0.814721 0.0647835 0)
(0.796548 0.0458816 0)
(0.782907 -0.0744571 0)
(0.798873 -0.134173 0)
(0.911143 0.0416277 0)
(0.897657 0.440337 0)
(0.476508 0.496373 0)
(0.0869184 0.269191 0)
(-0.40092 -0.0527759 0)
(0.167889 0.0992248 0)
(0.15533 0.113587 0)
(0.297335 -0.261175 0)
(0.371442 -0.343741 0)
(0.439778 -0.273246 0)
(0.557986 -0.205294 0)
(0.658095 -0.172165 0)
(0.700144 -0.138597 0)
(0.696289 -0.102878 0)
(0.70198 -0.0356921 0)
(0.701728 0.0357162 0)
(0.699125 0.00801015 0)
(0.7059 -0.147263 0)
(0.748202 -0.226821 0)
(0.882015 -0.0344093 0)
(0.912299 0.512541 0)
(0.512778 0.73221 0)
(0.29378 0.458043 0)
(-0.336899 -0.05254 0)
(0.180037 0.0945782 0)
(0.275071 -0.013889 0)
(0.323925 -0.3017 0)
(0.387384 -0.376749 0)
(0.437392 -0.313681 0)
(0.520256 -0.24443 0)
(0.600866 -0.197998 0)
(0.648393 -0.140143 0)
(0.646229 -0.0862904 0)
(0.619671 -0.0275499 0)
(0.612287 0.068319 0)
(0.63115 0.0264648 0)
(0.63417 -0.141888 0)
(0.610391 -0.207202 0)
(0.770831 -0.0108249 0)
(0.898227 0.494365 0)
(0.554128 0.769205 0)
(0.170486 0.493415 0)
(-0.321747 -0.0682609 0)
(0.16939 0.124195 0)
(0.310571 -0.190653 0)
(0.31704 -0.367772 0)
(0.396363 -0.401506 0)
(0.441646 -0.355236 0)
(0.499122 -0.301996 0)
(0.569002 -0.246195 0)
(0.612312 -0.170869 0)
(0.59627 -0.100775 0)
(0.53459 0.00344878 0)
(0.526778 0.0330495 0)
(0.555242 0.00474099 0)
(0.535096 -0.169962 0)
(0.371502 -0.111982 0)
(-0.377666 0.250185 0)
(0.783479 0.521816 0)
(0.713835 0.873254 0)
(0.155807 0.695201 0)
(-0.236545 -0.214683 0)
(0.190281 0.122468 0)
(0.32479 -0.295718 0)
(0.322141 -0.412365 0)
(0.401023 -0.419204 0)
(0.449479 -0.369105 0)
(0.513195 -0.314008 0)
(0.569657 -0.253262 0)
(0.600245 -0.1459 0)
(0.570162 -0.0270706 0)
(0.509224 0.00849542 0)
(0.520204 -0.00501933 0)
(0.531183 -0.0212331 0)
(0.441861 -0.109188 0)
(0.173214 -0.0444153 0)
(-0.483319 0.256369 0)
(-0.920189 0.810756 0)
(0.624716 0.994811 0)
(-0.33961 1.10741 0)
(-0.263579 -0.0687987 0)
(0.212059 0.139286 0)
(-0.00574896 -0.0894043 0)
(-0.0132335 -0.0939007 0)
(-0.0215118 -0.100146 0)
(-0.0233112 -0.107692 0)
(-0.0169715 -0.114226 0)
(-0.0120317 -0.129902 0)
(0.00669476 -0.130041 0)
(0.026888 -0.134504 0)
(0.0500647 -0.129551 0)
(0.0502661 -0.121041 0)
(0.0432758 -0.112307 0)
(0.0393847 -0.119649 0)
(0.0363085 -0.133329 0)
(0.0722591 -0.124402 0)
(0.103177 -0.0641344 0)
(0.119557 0.0380024 0)
(0.098061 0.199454 0)
(-0.0338211 0.360053 0)
(-0.128529 0.109032 0)
(-0.139612 0.00187723 0)
(-0.0943598 0.0438473 0)
(-0.00644382 0.0423864 0)
(0.0610002 0.0547606 0)
(-0.00653806 -0.037019 0)
(-0.0180259 -0.0416503 0)
(-0.0254598 -0.0513981 0)
(-0.0260825 -0.061055 0)
(-0.0148083 -0.0749533 0)
(-0.00932563 -0.106154 0)
(0.0199424 -0.114751 0)
(0.0520074 -0.116316 0)
(0.0901669 -0.0919172 0)
(0.106534 -0.0628581 0)
(0.120023 -0.0245407 0)
(0.141252 0.00233964 0)
(0.129771 0.0581759 0)
(0.105831 0.112074 0)
(0.0690337 0.132075 0)
(0.06118 0.128547 0)
(0.0876788 0.204052 0)
(0.195738 0.312128 0)
(0.101954 0.354205 0)
(-0.023037 0.123202 0)
(-0.0198198 -0.0798424 0)
(-0.00196878 -0.161532 0)
(0.0594445 -0.152095 0)
(-0.00648346 -0.0357571 0)
(-0.0208577 -0.0493492 0)
(-0.0330134 -0.0761489 0)
(-0.0419027 -0.108229 0)
(-0.0421041 -0.126791 0)
(-0.0404688 -0.156067 0)
(0.00867995 -0.177156 0)
(0.0563645 -0.18007 0)
(0.0953778 -0.140775 0)
(0.0926123 -0.109065 0)
(0.102031 -0.08368 0)
(0.108245 -0.0783514 0)
(0.111457 -0.0482489 0)
(0.152487 -0.0200352 0)
(0.164118 0.0256602 0)
(0.187648 0.0751682 0)
(0.187792 0.144472 0)
(0.26531 0.22898 0)
(0.36268 0.300601 0)
(0.411536 0.228371 0)
(0.393596 0.128445 0)
(0.327217 0.032475 0)
(0.312958 -0.0699912 0)
(-0.0189416 -0.0103831 0)
(-0.0646143 -0.00555449 0)
(-0.0911613 -0.00412942 0)
(-0.0844511 -0.0123975 0)
(-0.0574439 -0.0223745 0)
(-0.0430855 -0.102665 0)
(0.00150213 -0.172834 0)
(0.0185758 -0.194602 0)
(0.0275975 -0.147936 0)
(0.022748 -0.11323 0)
(0.0555538 -0.0879773 0)
(0.0569755 -0.0628821 0)
(0.0835002 -0.0141504 0)
(0.108114 0.0167453 0)
(0.119081 0.0587829 0)
(0.16945 0.0782 0)
(0.196139 0.120248 0)
(0.260796 0.135878 0)
(0.351167 0.163207 0)
(0.444923 0.0911405 0)
(0.517702 -0.0116239 0)
(0.575482 -0.0928695 0)
(0.631403 -0.170089 0)
(0.00773802 -0.152494 0)
(-0.00294785 -0.15797 0)
(-0.0233831 -0.185911 0)
(-0.0857953 -0.230905 0)
(-0.146738 -0.233988 0)
(-0.159833 -0.300549 0)
(-0.2599 -0.335819 0)
(-0.368473 -0.252992 0)
(-0.367427 -0.162174 0)
(-0.33893 -0.128184 0)
(-0.235668 -0.0872974 0)
(-0.180845 -0.0647524 0)
(-0.0974954 -0.0559903 0)
(-0.0184767 -0.0360078 0)
(0.0300344 -0.0170509 0)
(0.110302 -0.00039582 0)
(0.144288 0.0259394 0)
(0.201514 0.0195161 0)
(0.286047 0.0422792 0)
(0.360265 -0.0266355 0)
(0.462281 -0.0564843 0)
(0.493475 -0.144011 0)
(0.552704 -0.242494 0)
(0.0054855 0.90751 0)
(0.107923 0.932912 0)
(-0.218001 1.39871 0)
(-0.44423 1.04942 0)
(-0.0698536 0.213983 0)
(-0.0969692 0.00412728 0)
(-0.497097 -0.00787472 0)
(-0.683853 -0.127867 0)
(-0.729919 -0.228949 0)
(-0.645825 -0.290394 0)
(-0.546713 -0.30139 0)
(-0.498706 -0.24605 0)
(-0.445571 -0.180976 0)
(-0.363922 -0.100733 0)
(-0.267976 -0.0548888 0)
(-0.158461 0.0182872 0)
(-0.0289181 0.0629718 0)
(0.064887 0.0449603 0)
(0.179214 0.0204419 0)
(0.213328 -0.0606132 0)
(0.322704 -0.0871498 0)
(0.365811 -0.178518 0)
(0.411839 -0.264218 0)
(0.00329138 -0.907783 0)
(0.00913073 -0.618035 0)
(0.16853 -0.544473 0)
(0.617834 -0.771161 0)
(0.658849 -0.443268 0)
(0.945474 0.554505 0)
(0.531506 0.89548 0)
(-0.0714511 0.870747 0)
(-0.565554 0.754936 0)
(-0.5136 0.486985 0)
(-0.500739 0.0802075 0)
(-0.459821 -0.278227 0)
(-0.469025 -0.401305 0)
(-0.438442 -0.359933 0)
(-0.398765 -0.321159 0)
(-0.319061 -0.286705 0)
(-0.261072 -0.258686 0)
(-0.158854 -0.206851 0)
(-0.0718366 -0.144967 0)
(-0.0420313 -0.226461 0)
(0.0484737 -0.226846 0)
(0.0832495 -0.268382 0)
(0.129131 -0.303764 0)
(-0.151086 0.757652 0)
(-0.314434 0.610648 0)
(-0.228859 0.233694 0)
(-0.150968 -0.145131 0)
(-0.248119 -0.338977 0)
(-0.0389137 -0.103209 0)
(0.326796 0.547607 0)
(0.0136848 0.411511 0)
(0.327856 -0.386885 0)
(0.350101 -0.675895 0)
(0.257888 -0.46142 0)
(0.357152 0.049483 0)
(0.174465 0.701366 0)
(-0.156779 0.870503 0)
(-0.235415 0.56334 0)
(-0.243732 0.210102 0)
(-0.216244 -0.0529109 0)
(-0.173828 -0.205768 0)
(-0.146883 -0.269125 0)
(-0.0984552 -0.128846 0)
(-0.100524 -0.094152 0)
(-0.0452454 0.223162 0)
(-0.0220001 0.378473 0)
(0.0336218 -0.193234 0)
(0.201884 -0.323545 0)
(0.270873 -0.375248 0)
(0.208915 -0.360031 0)
(-0.00842404 -0.311764 0)
(-0.150989 -0.0550032 0)
(0.0777079 0.444901 0)
(0.384289 0.415779 0)
(0.470627 0.360956 0)
(0.078572 0.100236 0)
(-0.206362 -0.251406 0)
(-0.245612 -0.434242 0)
(-0.0942384 -0.508699 0)
(0.205257 -0.689402 0)
(0.414636 -0.635795 0)
(0.495008 -0.392356 0)
(0.493007 -0.147025 0)
(0.520631 0.0375487 0)
(0.464801 0.249239 0)
(0.385389 0.0304139 0)
(0.273633 -0.129239 0)
(0.232968 -0.429226 0)
(0.244408 -0.614621 0)
(0.00767435 0.263056 0)
(-0.029303 0.162472 0)
(-0.0648825 -0.0239275 0)
(-0.0771826 -0.16392 0)
(-0.114171 -0.230244 0)
(-0.116724 -0.201077 0)
(-0.0223263 -0.0257714 0)
(0.330561 0.184981 0)
(0.399018 0.188899 0)
(0.386107 0.107364 0)
(0.280387 -0.0153542 0)
(0.158425 -0.0946483 0)
(0.146824 -0.025006 0)
(0.142291 -0.0312809 0)
(0.127896 -0.131293 0)
(0.135216 -0.229599 0)
(0.169028 -0.310227 0)
(0.196153 -0.386204 0)
(0.255132 -0.388407 0)
(0.367929 -0.378367 0)
(0.418966 -0.350247 0)
(0.42561 -0.298336 0)
(0.39841 -0.255496 0)
(0.0292384 -0.0269431 0)
(0.0976495 -0.123265 0)
(0.0989872 -0.145152 0)
(0.0444555 -0.151398 0)
(-0.0264735 -0.143198 0)
(-0.0651126 -0.0875342 0)
(-0.0472441 -0.0429181 0)
(0.0103632 0.00990961 0)
(0.229191 0.15842 0)
(0.264753 0.121514 0)
(0.248357 0.003643 0)
(0.225885 -0.210753 0)
(0.21076 -0.313395 0)
(0.225762 -0.339058 0)
(0.23215 -0.315803 0)
(0.224681 -0.262721 0)
(0.240027 -0.209577 0)
(0.259267 -0.12207 0)
(0.275468 -0.029598 0)
(0.26004 0.0261886 0)
(0.228975 0.00216259 0)
(0.171373 -0.100784 0)
(0.13035 -0.19527 0)
(0.00786983 0.0504935 0)
(0.0207205 -0.00927498 0)
(0.0261716 -0.0835739 0)
(0.0227369 -0.135709 0)
(-0.00653422 -0.158391 0)
(-0.0260671 -0.14388 0)
(-0.0270574 -0.119014 0)
(-0.0224203 -0.0855167 0)
(0.0397208 0.0283175 0)
(0.16048 0.0664709 0)
(0.17441 0.0227943 0)
(0.20384 -0.105564 0)
(0.158346 -0.175241 0)
(0.116263 -0.229142 0)
(0.0982111 -0.273014 0)
(0.0781266 -0.294428 0)
(0.0525921 -0.310738 0)
(0.0446404 -0.32633 0)
(0.0553273 -0.323894 0)
(0.0941194 -0.311845 0)
(0.135983 -0.298912 0)
(0.142992 -0.292481 0)
(0.12175 -0.287143 0)
(0.0169731 -0.0215674 0)
(0.0384519 -0.060462 0)
(0.0375635 -0.0766589 0)
(0.0268775 -0.0908523 0)
(0.00645666 -0.0979134 0)
(-0.011052 -0.0861874 0)
(-0.0249658 -0.0783332 0)
(-0.0306889 -0.0670332 0)
(-0.0254317 -0.0414526 0)
(0.0577998 -0.00509912 0)
(0.105351 -0.0533533 0)
(0.11649 -0.129107 0)
(0.100038 -0.17039 0)
(0.0783999 -0.206386 0)
(0.0578103 -0.225137 0)
(0.0393437 -0.227177 0)
(0.0223886 -0.210546 0)
(0.00561146 -0.181139 0)
(-0.0108075 -0.145156 0)
(-0.0225076 -0.114652 0)
(-0.0281791 -0.107048 0)
(-0.0392316 -0.122486 0)
(-0.0522368 -0.138952 0)
(0.0110788 -0.036566 0)
(0.0275421 -0.0755564 0)
(0.0334587 -0.0925883 0)
(0.027458 -0.099315 0)
(0.0141059 -0.0990561 0)
(0.00452226 -0.0904241 0)
(-0.00208455 -0.0826877 0)
(-0.00409917 -0.0681588 0)
(0.00167631 -0.0618406 0)
(0.0320754 -0.0494879 0)
(0.0654902 -0.0695205 0)
(0.0625546 -0.117059 0)
(0.0498033 -0.166125 0)
(0.0299474 -0.208394 0)
(0.00335094 -0.231533 0)
(-0.0181373 -0.239425 0)
(-0.0404398 -0.243773 0)
(-0.0576498 -0.24506 0)
(-0.0676515 -0.238761 0)
(-0.0677228 -0.229618 0)
(-0.0634695 -0.220069 0)
(-0.0616331 -0.211526 0)
(-0.0634471 -0.203766 0)
(0.00589833 -0.0422941 0)
(0.0136614 -0.0725003 0)
(0.0150384 -0.080939 0)
(0.0115025 -0.0846616 0)
(0.00674803 -0.085757 0)
(0.00446082 -0.0829434 0)
(0.00280602 -0.0797391 0)
(0.0068027 -0.0762668 0)
(0.0138203 -0.0742611 0)
(0.0282951 -0.0664644 0)
(0.0456256 -0.0778639 0)
(0.0479124 -0.101666 0)
(0.0374721 -0.135592 0)
(0.0164927 -0.168426 0)
(-0.0101834 -0.192946 0)
(-0.0289299 -0.203942 0)
(-0.0428397 -0.202093 0)
(-0.0556709 -0.195553 0)
(-0.065049 -0.181666 0)
(-0.0703831 -0.172832 0)
(-0.0754986 -0.169086 0)
(-0.078196 -0.167667 0)
(-0.0806694 -0.168138 0)
(0.0041609 -0.0559436 0)
(0.00712095 -0.0795053 0)
(0.00700801 -0.0820397 0)
(0.00613162 -0.0846725 0)
(0.00494051 -0.08579 0)
(0.00528714 -0.0840471 0)
(0.00762532 -0.0832441 0)
(0.0126661 -0.0809745 0)
(0.0176602 -0.082161 0)
(0.0276425 -0.0793418 0)
(0.0378546 -0.0881122 0)
(0.0411341 -0.103289 0)
(0.0401444 -0.126565 0)
(0.028635 -0.14873 0)
(0.00867549 -0.171039 0)
(-0.0119196 -0.188315 0)
(-0.0298522 -0.195275 0)
(-0.0422968 -0.195195 0)
(-0.0510307 -0.186738 0)
(-0.0618677 -0.180688 0)
(-0.0734188 -0.177945 0)
(-0.0797119 -0.173296 0)
(-0.0837739 -0.167648 0)
(0.00239059 -0.0589744 0)
(0.00398848 -0.0798813 0)
(0.00494976 -0.0820744 0)
(0.00541039 -0.0842995 0)
(0.00550497 -0.0860394 0)
(0.00683281 -0.0863954 0)
(0.0091742 -0.0869246 0)
(0.0133743 -0.0867271 0)
(0.0177639 -0.0881448 0)
(0.0247917 -0.0875315 0)
(0.0324394 -0.0934225 0)
(0.0371328 -0.105663 0)
(0.0387028 -0.124701 0)
(0.0329758 -0.142041 0)
(0.0206223 -0.158633 0)
(0.00663312 -0.172281 0)
(-0.0122124 -0.180618 0)
(-0.0289772 -0.18404 0)
(-0.0438883 -0.177388 0)
(-0.0545949 -0.167481 0)
(-0.0705487 -0.165633 0)
(-0.0820009 -0.166418 0)
(-0.088679 -0.162618 0)
(0.00139604 -0.0615261 0)
(0.00310295 -0.0813988 0)
(0.00459327 -0.0830032 0)
(0.00577687 -0.0847707 0)
(0.00639758 -0.0864963 0)
(0.00706091 -0.0879461 0)
(0.00821528 -0.0892972 0)
(0.0102663 -0.0906333 0)
(0.0127958 -0.0927615 0)
(0.0167138 -0.0946471 0)
(0.0232595 -0.100582 0)
(0.0274513 -0.110629 0)
(0.0271276 -0.121864 0)
(0.0223373 -0.132174 0)
(0.0133298 -0.145687 0)
(0.00173166 -0.15533 0)
(-0.0169093 -0.160542 0)
(-0.0325444 -0.161415 0)
(-0.0454708 -0.15996 0)
(-0.0582096 -0.151522 0)
(-0.0691473 -0.148807 0)
(-0.0822268 -0.153162 0)
(-0.0883577 -0.1539 0)
(0.00103537 -0.0631082 0)
(0.00287597 -0.0828286 0)
(0.00432464 -0.0842241 0)
(0.00475707 -0.0857811 0)
(0.00511653 -0.0870339 0)
(0.00467425 -0.0885278 0)
(0.00440388 -0.089988 0)
(0.00467464 -0.0918344 0)
(0.00509298 -0.0945455 0)
(0.00666191 -0.0988471 0)
(0.00852991 -0.104429 0)
(0.0103381 -0.111639 0)
(0.0083352 -0.119284 0)
(0.00537334 -0.128717 0)
(-0.00259075 -0.136893 0)
(-0.0138957 -0.140357 0)
(-0.0280131 -0.146353 0)
(-0.0404076 -0.151158 0)
(-0.0514649 -0.150052 0)
(-0.0637794 -0.143817 0)
(-0.0713785 -0.141147 0)
(-0.0793659 -0.148115 0)
(-0.0847532 -0.150178 0)
(0.00111983 -0.0651898 0)
(0.0021718 -0.0840182 0)
(0.00217009 -0.0842605 0)
(0.00239195 -0.0852829 0)
(0.00249808 -0.0864277 0)
(0.00262897 -0.0876519 0)
(0.00275122 -0.0894924 0)
(0.00283735 -0.0915008 0)
(0.00284936 -0.0945258 0)
(0.00268859 -0.098796 0)
(0.00169751 -0.10355 0)
(0.000584989 -0.108944 0)
(-0.00328962 -0.115398 0)
(-0.00844636 -0.122041 0)
(-0.0149337 -0.126781 0)
(-0.0222308 -0.131017 0)
(-0.029417 -0.136878 0)
(-0.0392234 -0.140175 0)
(-0.0513569 -0.137799 0)
(-0.0598793 -0.133431 0)
(-0.0655876 -0.133464 0)
(-0.0732021 -0.139398 0)
(-0.0792557 -0.141244 0)
(0.000715588 -0.0665286 0)
(0.00110439 -0.0840731 0)
(0.00132106 -0.0845932 0)
(0.00181615 -0.0857186 0)
(0.00199552 -0.0866255 0)
(0.00249249 -0.0877069 0)
(0.00279133 -0.0892809 0)
(0.00272165 -0.0910102 0)
(0.00243097 -0.0933666 0)
(0.00141548 -0.0969612 0)
(-0.000908774 -0.102237 0)
(-0.00321729 -0.107662 0)
(-0.00723031 -0.111133 0)
(-0.0126877 -0.116357 0)
(-0.0184481 -0.120926 0)
(-0.0252239 -0.125576 0)
(-0.0316124 -0.126767 0)
(-0.0416806 -0.127156 0)
(-0.0518167 -0.127664 0)
(-0.0599025 -0.125939 0)
(-0.0674153 -0.127178 0)
(-0.0745688 -0.132486 0)
(-0.0830012 -0.133942 0)
(0.00041756 -0.0671073 0)
(0.0006153 -0.0847107 0)
(0.00129395 -0.0852457 0)
(0.0014928 -0.0862908 0)
(0.00154809 -0.0871382 0)
(0.00152929 -0.088283 0)
(0.00140773 -0.0896203 0)
(0.00129534 -0.0913642 0)
(0.00118071 -0.0937294 0)
(0.000557927 -0.0962954 0)
(-0.00177677 -0.0996679 0)
(-0.00468705 -0.103138 0)
(-0.00762565 -0.106477 0)
(-0.0122254 -0.110783 0)
(-0.0179541 -0.114806 0)
(-0.025117 -0.118411 0)
(-0.0327905 -0.120524 0)
(-0.0399576 -0.120993 0)
(-0.046952 -0.121658 0)
(-0.0535772 -0.119556 0)
(-0.0607282 -0.120494 0)
(-0.0665761 -0.124767 0)
(-0.0774264 -0.125444 0)
(0.000390676 -0.0676891 0)
(0.000533665 -0.0846947 0)
(6.75795e-05 -0.0851233 0)
(-0.000230329 -0.085667 0)
(-0.000672497 -0.0867151 0)
(-0.00118002 -0.0880935 0)
(-0.00173275 -0.0895639 0)
(-0.00238986 -0.0911372 0)
(-0.00326915 -0.0925709 0)
(-0.00443074 -0.094285 0)
(-0.00569872 -0.0964234 0)
(-0.00920294 -0.0993652 0)
(-0.0126052 -0.103466 0)
(-0.0162121 -0.105439 0)
(-0.0208151 -0.107984 0)
(-0.0267233 -0.109161 0)
(-0.0346835 -0.110507 0)
(-0.0424622 -0.112564 0)
(-0.0491145 -0.111702 0)
(-0.056574 -0.111122 0)
(-0.0636823 -0.112005 0)
(-0.0707265 -0.113172 0)
(-0.0800476 -0.111282 0)
(0.000111143 -0.0678445 0)
(-0.000138605 -0.0845137 0)
(-0.000572709 -0.0848572 0)
(-0.000921917 -0.0855711 0)
(-0.00146304 -0.0862672 0)
(-0.00205816 -0.0870388 0)
(-0.00296612 -0.0882214 0)
(-0.00414663 -0.0898064 0)
(-0.00555575 -0.0917584 0)
(-0.00725617 -0.0929794 0)
(-0.00946273 -0.095035 0)
(-0.0121577 -0.0980573 0)
(-0.0162251 -0.0998629 0)
(-0.0206458 -0.1024 0)
(-0.0257238 -0.104346 0)
(-0.0306365 -0.105043 0)
(-0.0348278 -0.106451 0)
(-0.0402071 -0.10741 0)
(-0.0473961 -0.10681 0)
(-0.0539381 -0.106911 0)
(-0.0594749 -0.10715 0)
(-0.069398 -0.107476 0)
(-0.0769778 -0.105152 0)
(0.000216392 -0.0682126 0)
(0.000167383 -0.0842857 0)
(-0.000309744 -0.0844518 0)
(-0.000741043 -0.0848681 0)
(-0.00138333 -0.0854287 0)
(-0.00222491 -0.0862756 0)
(-0.00315665 -0.0872156 0)
(-0.00432869 -0.0882977 0)
(-0.00591475 -0.0894842 0)
(-0.00830264 -0.0913565 0)
(-0.0102718 -0.0927574 0)
(-0.0120611 -0.0937285 0)
(-0.0151906 -0.095222 0)
(-0.0194483 -0.097164 0)
(-0.0244763 -0.0983618 0)
(-0.0293215 -0.0996145 0)
(-0.0359288 -0.100256 0)
(-0.042704 -0.0986725 0)
(-0.0490545 -0.099291 0)
(-0.0538993 -0.0984043 0)
(-0.0611494 -0.0981512 0)
(-0.0687394 -0.096305 0)
(-0.0760411 -0.0961502 0)
(-9.26141e-05 -0.067756 0)
(-0.000691735 -0.0835928 0)
(-0.00139609 -0.083876 0)
(-0.00202665 -0.0843216 0)
(-0.00283353 -0.0848356 0)
(-0.00384447 -0.0854977 0)
(-0.00502516 -0.0862985 0)
(-0.00646519 -0.0872203 0)
(-0.00817572 -0.0880563 0)
(-0.0100706 -0.08857 0)
(-0.0124296 -0.0895594 0)
(-0.0159342 -0.0910573 0)
(-0.0191492 -0.0920145 0)
(-0.0222629 -0.092167 0)
(-0.0266536 -0.0930696 0)
(-0.0321885 -0.0943751 0)
(-0.0367658 -0.0938626 0)
(-0.0412547 -0.0950374 0)
(-0.0454383 -0.0947612 0)
(-0.0526915 -0.0935091 0)
(-0.0590346 -0.0908897 0)
(-0.0666419 -0.0903546 0)
(-0.0729642 -0.0893582 0)
(-8.03807e-05 -0.0678125 0)
(-0.000530592 -0.0832737 0)
(-0.00128227 -0.0834679 0)
(-0.00192794 -0.0837388 0)
(-0.00272758 -0.0840291 0)
(-0.00357742 -0.0842831 0)
(-0.00472502 -0.0847689 0)
(-0.00615637 -0.0853498 0)
(-0.00782572 -0.0860128 0)
(-0.00966568 -0.086755 0)
(-0.0122305 -0.0875337 0)
(-0.0153344 -0.0879778 0)
(-0.0187312 -0.0890168 0)
(-0.0229565 -0.0894376 0)
(-0.0260606 -0.0902112 0)
(-0.0291882 -0.0897086 0)
(-0.0345536 -0.0896913 0)
(-0.0401633 -0.0886606 0)
(-0.0468743 -0.0868297 0)
(-0.0531373 -0.086291 0)
(-0.05804 -0.0864091 0)
(-0.0638789 -0.084082 0)
(-0.0713441 -0.0807888 0)
(-0.000166558 -0.0670777 0)
(-0.000772244 -0.0821884 0)
(-0.00164244 -0.0823636 0)
(-0.00250056 -0.082547 0)
(-0.00360343 -0.0828273 0)
(-0.00478687 -0.0832247 0)
(-0.00614704 -0.0836318 0)
(-0.0077675 -0.0840155 0)
(-0.00967546 -0.0844438 0)
(-0.0117964 -0.0847537 0)
(-0.0138445 -0.0845609 0)
(-0.0155944 -0.0848714 0)
(-0.0184922 -0.0850234 0)
(-0.0217643 -0.0854075 0)
(-0.0263988 -0.0847779 0)
(-0.0318443 -0.0849088 0)
(-0.0365133 -0.0844505 0)
(-0.0408588 -0.0832334 0)
(-0.0447956 -0.0837119 0)
(-0.0487842 -0.0822088 0)
(-0.055746 -0.0785098 0)
(-0.0627085 -0.0766694 0)
(-0.0681214 -0.0752152 0)
(-0.0001895 -0.0669845 0)
(-0.000732837 -0.0818829 0)
(-0.00149833 -0.0820058 0)
(-0.00216325 -0.0820122 0)
(-0.00298183 -0.0819762 0)
(-0.00399167 -0.0819846 0)
(-0.00521161 -0.0820186 0)
(-0.00665425 -0.0820838 0)
(-0.00837208 -0.0821612 0)
(-0.0105105 -0.0823274 0)
(-0.0132771 -0.0826197 0)
(-0.0167601 -0.0824369 0)
(-0.0199203 -0.0821475 0)
(-0.023189 -0.0816795 0)
(-0.0262786 -0.0817417 0)
(-0.0290673 -0.0816842 0)
(-0.0326696 -0.0807728 0)
(-0.03757 -0.0797206 0)
(-0.0431433 -0.0765522 0)
(-0.0494457 -0.07481 0)
(-0.0541502 -0.074272 0)
(-0.0593002 -0.0716871 0)
(-0.0654964 -0.0682858 0)
(-0.000249568 -0.0661357 0)
(-0.000923575 -0.0807455 0)
(-0.00184282 -0.0808923 0)
(-0.00271812 -0.0808772 0)
(-0.00377439 -0.0808703 0)
(-0.00495413 -0.0808428 0)
(-0.00631305 -0.080738 0)
(-0.00786241 -0.0805545 0)
(-0.00960322 -0.0802949 0)
(-0.0115017 -0.0799323 0)
(-0.0134335 -0.0794626 0)
(-0.0152775 -0.079183 0)
(-0.01778 -0.0789998 0)
(-0.0208105 -0.0785444 0)
(-0.0243615 -0.0775303 0)
(-0.0288832 -0.0761751 0)
(-0.033706 -0.0750186 0)
(-0.038042 -0.0735638 0)
(-0.0421232 -0.0731699 0)
(-0.0459897 -0.0713467 0)
(-0.0512621 -0.0681897 0)
(-0.0570537 -0.0656282 0)
(-0.0622954 -0.0628263 0)
(-0.000209998 -0.0659545 0)
(-0.000653778 -0.080379 0)
(-0.00135315 -0.0804529 0)
(-0.00198281 -0.0802562 0)
(-0.00283541 -0.0800119 0)
(-0.00386025 -0.0797298 0)
(-0.00512579 -0.0794258 0)
(-0.00664668 -0.079115 0)
(-0.00843266 -0.0787949 0)
(-0.0105006 -0.0784715 0)
(-0.0129258 -0.0781037 0)
(-0.015753 -0.0773229 0)
(-0.0186613 -0.0764151 0)
(-0.0216986 -0.0755909 0)
(-0.0248588 -0.0747223 0)
(-0.0279373 -0.07383 0)
(-0.0311637 -0.072541 0)
(-0.0350021 -0.070596 0)
(-0.0394792 -0.0678987 0)
(-0.0443679 -0.0655851 0)
(-0.0489876 -0.0635367 0)
(-0.0538512 -0.0606777 0)
(-0.059036 -0.057307 0)
(-0.000204909 -0.0652156 0)
(-0.000730537 -0.0794411 0)
(-0.00150364 -0.0794923 0)
(-0.00220828 -0.0791697 0)
(-0.00311161 -0.0787757 0)
(-0.00412876 -0.0782774 0)
(-0.00531276 -0.0776828 0)
(-0.00668559 -0.0770181 0)
(-0.00826129 -0.0762903 0)
(-0.0100517 -0.0754994 0)
(-0.012071 -0.0746981 0)
(-0.0142674 -0.0740443 0)
(-0.0167067 -0.0732179 0)
(-0.0194609 -0.0721026 0)
(-0.0225562 -0.0708195 0)
(-0.0260541 -0.0692681 0)
(-0.0298927 -0.0675454 0)
(-0.0338099 -0.0658198 0)
(-0.0376649 -0.064001 0)
(-0.0416148 -0.0616117 0)
(-0.0460008 -0.0587268 0)
(-0.0507703 -0.0557139 0)
(-0.0555611 -0.0523109 0)
(-9.46987e-05 -0.0650997 0)
(-0.000409242 -0.079193 0)
(-0.00104695 -0.0792092 0)
(-0.00157281 -0.0787953 0)
(-0.00232819 -0.0783045 0)
(-0.00320206 -0.077709 0)
(-0.00427622 -0.0770354 0)
(-0.00557947 -0.0762936 0)
(-0.00713161 -0.0754809 0)
(-0.00894181 -0.0745722 0)
(-0.0109784 -0.0734826 0)
(-0.0133111 -0.0722343 0)
(-0.0158959 -0.0709718 0)
(-0.0186401 -0.0696619 0)
(-0.0215347 -0.0681754 0)
(-0.0245823 -0.0665375 0)
(-0.027785 -0.0646754 0)
(-0.0312396 -0.0624517 0)
(-0.0350076 -0.0599209 0)
(-0.0389749 -0.0572436 0)
(-0.0430535 -0.054393 0)
(-0.0473884 -0.0511822 0)
(-0.0519059 -0.0475795 0)
(-1.3102e-05 -0.064765 0)
(-0.000307608 -0.0784068 0)
(-0.00094999 -0.0783666 0)
(-0.00143375 -0.0777939 0)
(-0.00213871 -0.077144 0)
(-0.00290838 -0.0763585 0)
(-0.0037697 -0.075404 0)
(-0.00474392 -0.0743044 0)
(-0.00592229 -0.0731118 0)
(-0.00740791 -0.071894 0)
(-0.00926376 -0.0707241 0)
(-0.0114296 -0.0695473 0)
(-0.0138615 -0.0682318 0)
(-0.0165397 -0.0666915 0)
(-0.0194202 -0.0649917 0)
(-0.0224648 -0.0630966 0)
(-0.0256689 -0.0610162 0)
(-0.0290035 -0.0587629 0)
(-0.0324472 -0.0562584 0)
(-0.0360387 -0.0534362 0)
(-0.0398246 -0.0503076 0)
(-0.043865 -0.0469125 0)
(-0.0480799 -0.0431678 0)
(0.000213703 -0.0648501 0)
(-0.000105867 -0.0782346 0)
(-0.000874338 -0.0781722 0)
(-0.00135689 -0.0775455 0)
(-0.00207621 -0.0768364 0)
(-0.00280945 -0.0759874 0)
(-0.00356186 -0.0749331 0)
(-0.0043872 -0.0737206 0)
(-0.00535132 -0.0723348 0)
(-0.00646898 -0.0707475 0)
(-0.0078155 -0.0690165 0)
(-0.00948168 -0.0672123 0)
(-0.0115173 -0.0654327 0)
(-0.0140114 -0.0637753 0)
(-0.0168395 -0.0620668 0)
(-0.0199078 -0.0602188 0)
(-0.023038 -0.0580535 0)
(-0.0262515 -0.0555772 0)
(-0.0295362 -0.0528183 0)
(-0.0329258 -0.0498145 0)
(-0.0364387 -0.0465363 0)
(-0.0401515 -0.042953 0)
(-0.0440682 -0.0390381 0)
(0.000358722 -0.064725 0)
(-0.000109877 -0.0772063 0)
(-0.00129657 -0.0771082 0)
(-0.00197145 -0.0764622 0)
(-0.00288245 -0.075695 0)
(-0.00371249 -0.0748053 0)
(-0.00460785 -0.0738336 0)
(-0.00550994 -0.0726439 0)
(-0.00642126 -0.0711967 0)
(-0.007374 -0.0695251 0)
(-0.00840248 -0.0676804 0)
(-0.00958701 -0.0657172 0)
(-0.011001 -0.063647 0)
(-0.0126416 -0.0613892 0)
(-0.014594 -0.059064 0)
(-0.0169162 -0.056729 0)
(-0.0197471 -0.0545142 0)
(-0.0229868 -0.0522363 0)
(-0.0262884 -0.0495989 0)
(-0.0295332 -0.0465197 0)
(-0.0328287 -0.0430663 0)
(-0.0362485 -0.0392978 0)
(-0.0398719 -0.0352042 0)
(0.000404811 -0.0648696 0)
(-0.000532776 -0.0762254 0)
(-0.00246645 -0.0761051 0)
(-0.00364321 -0.0755802 0)
(-0.00501592 -0.0748816 0)
(-0.00618693 -0.0740589 0)
(-0.00733114 -0.0730778 0)
(-0.00838516 -0.0718992 0)
(-0.00933838 -0.070489 0)
(-0.0101791 -0.0688353 0)
(-0.010946 -0.0669129 0)
(-0.0117292 -0.0647791 0)
(-0.0126259 -0.062498 0)
(-0.013639 -0.0600414 0)
(-0.0148053 -0.057535 0)
(-0.0162172 -0.0548716 0)
(-0.0179059 -0.0519912 0)
(-0.0198763 -0.0489698 0)
(-0.0224542 -0.0461045 0)
(-0.0255389 -0.0431464 0)
(-0.0288608 -0.0398148 0)
(-0.0320767 -0.0359606 0)
(-0.0354517 -0.0316784 0)
(0.000323682 -0.0649072 0)
(-0.00143508 -0.0745918 0)
(-0.00434287 -0.074468 0)
(-0.00635224 -0.0741337 0)
(-0.0085078 -0.0735842 0)
(-0.0103157 -0.0728216 0)
(-0.0120157 -0.0719305 0)
(-0.0134924 -0.0708893 0)
(-0.0147661 -0.0696803 0)
(-0.0157427 -0.0682448 0)
(-0.0163881 -0.0664998 0)
(-0.0167223 -0.0644041 0)
(-0.0168689 -0.0620122 0)
(-0.0170334 -0.0594557 0)
(-0.0173366 -0.0566664 0)
(-0.0178509 -0.0537644 0)
(-0.0186324 -0.0507278 0)
(-0.0195175 -0.0475157 0)
(-0.0206412 -0.0439409 0)
(-0.0221504 -0.0401893 0)
(-0.0244048 -0.0364528 0)
(-0.027378 -0.0326044 0)
(-0.0307256 -0.0282926 0)
(5.56115e-05 -0.0645236 0)
(-0.0025627 -0.0722239 0)
(-0.00633528 -0.0721489 0)
(-0.00921833 -0.0720248 0)
(-0.0121919 -0.0716731 0)
(-0.014785 -0.0711293 0)
(-0.0171255 -0.0704276 0)
(-0.0191963 -0.0695531 0)
(-0.0210538 -0.0684603 0)
(-0.0225868 -0.067273 0)
(-0.0237679 -0.0658911 0)
(-0.0244942 -0.0642141 0)
(-0.0247089 -0.0621937 0)
(-0.0244397 -0.0598206 0)
(-0.0237545 -0.0570497 0)
(-0.022786 -0.0538977 0)
(-0.0217848 -0.050438 0)
(-0.0213303 -0.0468131 0)
(-0.021318 -0.043085 0)
(-0.021717 -0.0390805 0)
(-0.022163 -0.034555 0)
(-0.0232157 -0.0296649 0)
(-0.0257407 -0.0248755 0)
(-0.000373509 -0.0625404 0)
(-0.00336023 -0.0682609 0)
(-0.00740883 -0.0682832 0)
(-0.0107002 -0.0683396 0)
(-0.0140608 -0.0682492 0)
(-0.0171356 -0.0680621 0)
(-0.0198907 -0.0676855 0)
(-0.0223337 -0.067173 0)
(-0.0242878 -0.066573 0)
(-0.0259575 -0.0657242 0)
(-0.0273231 -0.0646678 0)
(-0.028372 -0.0633563 0)
(-0.0290913 -0.0617501 0)
(-0.0294484 -0.0598839 0)
(-0.0294222 -0.0576994 0)
(-0.0289713 -0.055094 0)
(-0.0280442 -0.051992 0)
(-0.0265342 -0.0482925 0)
(-0.02475 -0.044013 0)
(-0.0231421 -0.0392149 0)
(-0.0222323 -0.0341028 0)
(-0.0221323 -0.0287944 0)
(-0.0222465 -0.0230855 0)
(-0.000664416 -0.0591583 0)
(-0.00359868 -0.0629121 0)
(-0.007213 -0.0630578 0)
(-0.0103248 -0.0632486 0)
(-0.013526 -0.0633442 0)
(-0.0165378 -0.0634051 0)
(-0.0193851 -0.0634084 0)
(-0.0219885 -0.0633281 0)
(-0.0243685 -0.06312 0)
(-0.0264355 -0.0627788 0)
(-0.0281467 -0.0622792 0)
(-0.0294835 -0.0616017 0)
(-0.0303952 -0.0606703 0)
(-0.0308839 -0.0594042 0)
(-0.0309995 -0.0577721 0)
(-0.0307663 -0.0557283 0)
(-0.0301624 -0.0532138 0)
(-0.0291857 -0.0501391 0)
(-0.0278448 -0.0464211 0)
(-0.0261702 -0.0420084 0)
(-0.0241754 -0.0367161 0)
(-0.0221398 -0.0304264 0)
(-0.0205142 -0.0235525 0)
(-0.000786192 -0.0569511 0)
(-0.00370817 -0.0594753 0)
(-0.00720975 -0.059627 0)
(-0.0102544 -0.0598877 0)
(-0.0134233 -0.0601166 0)
(-0.0164034 -0.0603565 0)
(-0.0192315 -0.0605728 0)
(-0.0218493 -0.0607473 0)
(-0.0242238 -0.0608522 0)
(-0.0263173 -0.0608516 0)
(-0.0281029 -0.06071 0)
(-0.0295627 -0.0603878 0)
(-0.0306571 -0.0598409 0)
(-0.031303 -0.0590163 0)
(-0.0314472 -0.0578347 0)
(-0.0311333 -0.0562332 0)
(-0.0304154 -0.05415 0)
(-0.0293359 -0.0514905 0)
(-0.0279386 -0.0481533 0)
(-0.0262924 -0.0440476 0)
(-0.0244668 -0.039068 0)
(-0.0225314 -0.033065 0)
(-0.020435 -0.0259644 0)
(0.149396 0.0401977 0)
(0.181698 0.0356989 0)
(0.209323 0.00602283 0)
(0.280192 -0.0361927 0)
(0.12299 -0.19771 0)
(0.177628 -0.205667 0)
(0.224285 -0.253052 0)
(0.315067 -0.307566 0)
(0.377283 -0.146069 0)
(0.402624 -0.186062 0)
(0.462193 -0.257575 0)
(0.493199 -0.310811 0)
(0.662586 -0.244207 0)
(0.669028 -0.275332 0)
(0.681499 -0.324788 0)
(0.68782 -0.365477 0)
(0.569844 -0.323792 0)
(0.577609 -0.362775 0)
(0.594248 -0.415268 0)
(0.606807 -0.458525 0)
(0.400282 -0.3281 0)
(0.414725 -0.344475 0)
(0.423416 -0.37234 0)
(0.417052 -0.40671 0)
(0.145892 -0.360004 0)
(0.189008 -0.402674 0)
(0.211862 -0.455118 0)
(0.223352 -0.397448 0)
(-0.0435204 0.409541 0)
(-0.0963049 0.390207 0)
(-0.157399 0.298166 0)
(-0.205605 0.100656 0)
(0.275984 -0.676198 0)
(0.311426 -0.717766 0)
(0.353335 -0.738005 0)
(0.384656 -0.702617 0)
(0.366074 -0.247847 0)
(0.345661 -0.253711 0)
(0.313258 -0.273977 0)
(0.275579 -0.291546 0)
(0.0973455 -0.249626 0)
(0.07668 -0.282672 0)
(0.056625 -0.312737 0)
(0.039358 -0.341582 0)
(0.0823759 -0.283563 0)
(0.0562619 -0.288886 0)
(0.0332926 -0.292365 0)
(0.00400833 -0.295244 0)
(-0.0670198 -0.16991 0)
(-0.0733339 -0.191722 0)
(-0.0805974 -0.203302 0)
(-0.0937544 -0.212942 0)
(-0.0713554 -0.21093 0)
(-0.0803505 -0.216068 0)
(-0.0894267 -0.215751 0)
(-0.101662 -0.217698 0)
(-0.0877567 -0.178106 0)
(-0.0950342 -0.183958 0)
(-0.100454 -0.187765 0)
(-0.109542 -0.192099 0)
(-0.0894198 -0.167733 0)
(-0.0955678 -0.169195 0)
(-0.100025 -0.172711 0)
(-0.108898 -0.176481 0)
(-0.0951751 -0.16105 0)
(-0.0993707 -0.161987 0)
(-0.10225 -0.165247 0)
(-0.109271 -0.168151 0)
(-0.0928069 -0.151448 0)
(-0.0961473 -0.152695 0)
(-0.0986392 -0.152878 0)
(-0.104507 -0.152795 0)
(-0.0912609 -0.148259 0)
(-0.0949593 -0.149662 0)
(-0.0985225 -0.148549 0)
(-0.105066 -0.146915 0)
(-0.0852876 -0.136959 0)
(-0.0895941 -0.137846 0)
(-0.0944188 -0.136484 0)
(-0.101353 -0.132833 0)
(-0.090086 -0.127836 0)
(-0.0943256 -0.125238 0)
(-0.098344 -0.124452 0)
(-0.104074 -0.121568 0)
(-0.0859873 -0.120597 0)
(-0.0911961 -0.118405 0)
(-0.0947543 -0.117763 0)
(-0.0990391 -0.114331 0)
(-0.0870452 -0.10815 0)
(-0.0916344 -0.106341 0)
(-0.0946336 -0.107135 0)
(-0.0977318 -0.106127 0)
(-0.0828061 -0.102717 0)
(-0.0868463 -0.100426 0)
(-0.0907736 -0.099554 0)
(-0.0944343 -0.0983571 0)
(-0.0811625 -0.095324 0)
(-0.085321 -0.092642 0)
(-0.0888425 -0.090608 0)
(-0.0919421 -0.089093 0)
(-0.0789094 -0.0862765 0)
(-0.0825973 -0.0852626 0)
(-0.0862284 -0.0834776 0)
(-0.0894209 -0.0822914 0)
(-0.075642 -0.0806043 0)
(-0.0789188 -0.0784918 0)
(-0.0825967 -0.0769147 0)
(-0.0857566 -0.0750043 0)
(-0.0728627 -0.0726527 0)
(-0.0760614 -0.0716308 0)
(-0.0793672 -0.0696884 0)
(-0.0829331 -0.0678931 0)
(-0.0696221 -0.0666196 0)
(-0.0724344 -0.0651331 0)
(-0.0755874 -0.0635009 0)
(-0.0788281 -0.0616205 0)
(-0.0662566 -0.0603305 0)
(-0.0689418 -0.0589606 0)
(-0.0717372 -0.0572767 0)
(-0.0749853 -0.0554051 0)
(-0.0627223 -0.054791 0)
(-0.0651868 -0.0532059 0)
(-0.0677579 -0.0515214 0)
(-0.0707694 -0.0496609 0)
(-0.0590342 -0.0495421 0)
(-0.0613591 -0.047839 0)
(-0.0636939 -0.0460813 0)
(-0.0664882 -0.0442068 0)
(-0.0551792 -0.0446883 0)
(-0.0573689 -0.0428422 0)
(-0.0595336 -0.0409835 0)
(-0.0620839 -0.0390571 0)
(-0.0511621 -0.0401504 0)
(-0.0532294 -0.0381926 0)
(-0.0552523 -0.0362195 0)
(-0.0575683 -0.0342139 0)
(-0.0469653 -0.0359054 0)
(-0.0489121 -0.0338475 0)
(-0.0508245 -0.0317583 0)
(-0.052936 -0.029652 0)
(-0.042586 -0.0319437 0)
(-0.044403 -0.0297945 0)
(-0.0462113 -0.0275968 0)
(-0.0481446 -0.0253791 0)
(-0.0379819 -0.028266 0)
(-0.0396801 -0.0260192 0)
(-0.0413918 -0.0237164 0)
(-0.0431729 -0.0213876 0)
(-0.0330814 -0.024788 0)
(-0.0346847 -0.0224704 0)
(-0.0363033 -0.0200891 0)
(-0.0379656 -0.0176638 0)
(-0.0279406 -0.0214615 0)
(-0.0294089 -0.0191331 0)
(-0.0309016 -0.0167129 0)
(-0.0324373 -0.0142094 0)
(-0.0230564 -0.0188284 0)
(-0.0239501 -0.0161655 0)
(-0.025069 -0.0135819 0)
(-0.0263536 -0.0110068 0)
(-0.020328 -0.0184205 0)
(-0.0201747 -0.0151006 0)
(-0.0202908 -0.0118597 0)
(-0.0206082 -0.00864979 0)
(-0.0195094 -0.020384 0)
(-0.0188251 -0.0167142 0)
(-0.0183377 -0.0130316 0)
(-0.017951 -0.00933736 0)
(0.368091 -0.340426 0)
(0.374668 -0.475814 0)
(0.41659 -0.442496 0)
(0.467997 -0.355122 0)
(0.520429 -0.289636 0)
(0.545665 -0.187681 0)
(0.528201 -0.0965381 0)
(0.499528 -0.00749682 0)
(0.484402 0.0888666 0)
(0.468142 0.157272 0)
(0.405917 0.188997 0)
(0.296731 0.051845 0)
(0.212469 -0.0439805 0)
(0.220905 0.140345 0)
(0.264542 0.120427 0)
(0.514884 0.637525 0)
(-0.0796732 2.28724 0)
(-0.0634297 -0.102641 0)
(0.351344 0.0568045 0)
(0.385566 -0.429378 0)
(0.423498 -0.445665 0)
(0.461665 -0.454563 0)
(0.468812 -0.413664 0)
(0.497104 -0.308909 0)
(0.493745 -0.1878 0)
(0.473707 -0.0880229 0)
(0.466731 -0.0271853 0)
(0.471274 0.0079477 0)
(0.493151 0.0160229 0)
(0.547411 0.0508577 0)
(0.566074 0.141051 0)
(0.441711 0.24698 0)
(0.450523 -0.0115104 0)
(0.403137 0.168755 0)
(0.412766 0.239752 0)
(0.573137 1.29613 0)
(0.487947 0.424671 0)
(0.444449 0.180215 0)
(0.541496 -0.399682 0)
(0.609001 -0.473109 0)
(0.630906 -0.455039 0)
(0.631538 -0.404389 0)
(0.605049 -0.329622 0)
(0.593192 -0.230213 0)
(0.59578 -0.135351 0)
(0.611565 -0.0465425 0)
(0.634937 -0.00807861 0)
(0.667304 -0.00367494 0)
(0.699935 0.0126531 0)
(0.718396 0.0245559 0)
(0.751838 0.0711991 0)
(0.705942 0.228577 0)
(0.575313 0.409058 0)
(0.47907 0.425164 0)
(0.490826 0.823149 0)
(0.577702 0.829355 0)
(0.479369 0.522554 0)
(0.697172 -0.447832 0)
(0.699322 -0.53269 0)
(0.72055 -0.560276 0)
(0.739479 -0.511885 0)
(0.738578 -0.417624 0)
(0.689208 -0.269548 0)
(0.657427 -0.153604 0)
(0.671131 -0.0684782 0)
(0.689263 -0.0481785 0)
(0.721222 -0.0203275 0)
(0.759838 0.043405 0)
(0.765091 0.122506 0)
(0.796661 0.202785 0)
(0.733491 0.285343 0)
(0.71332 0.387545 0)
(0.636262 0.56149 0)
(0.60362 0.803248 0)
(0.492607 1.05878 0)
(0.37155 0.969975 0)
(0.616988 -0.525673 0)
(0.640494 -0.567971 0)
(0.631689 -0.555641 0)
(0.666217 -0.425495 0)
(0.639632 -0.256866 0)
(0.542556 -0.190571 0)
(0.456284 -0.139198 0)
(0.514457 -0.0709642 0)
(0.589438 -0.0900747 0)
(0.685017 -0.0840317 0)
(0.778878 -0.100193 0)
(0.886908 -0.0748663 0)
(0.974416 0.0495383 0)
(0.808772 0.112092 0)
(0.778078 0.339538 0)
(0.699709 0.601452 0)
(0.6891 0.871531 0)
(0.396646 1.18109 0)
(0.258281 1.28625 0)
(0.413263 -0.47223 0)
(0.445276 -0.523894 0)
(0.390837 -0.304595 0)
(0.484645 0.209061 0)
(0.517372 0.676291 0)
(0.520507 0.896359 0)
(0.548786 0.828603 0)
(0.715057 0.282636 0)
(0.943663 0.211572 0)
(1.01201 0.211501 0)
(1.10881 0.273065 0)
(1.05113 0.464781 0)
(0.737099 0.383814 0)
(0.585439 0.382255 0)
(0.837381 0.220095 0)
(0.6938 0.619434 0)
(0.707586 0.964395 0)
(0.371334 1.35421 0)
(0.185272 1.51215 0)
(0.196289 -0.0541819 0)
(0.0861886 0.169268 0)
(-0.0331712 -0.341997 0)
(-0.00596492 -0.750415 0)
(0.259187 -0.866691 0)
(0.683261 -1.00635 0)
(1.24575 -0.854679 0)
(1.86415 -0.703445 0)
(2.07764 -0.516366 0)
(2.23261 -0.232836 0)
(2.20915 -0.0964339 0)
(2.19823 0.506231 0)
(2.06465 0.995311 0)
(1.50806 1.50965 0)
(0.942686 0.682767 0)
(0.68888 0.776436 0)
(0.681547 1.15181 0)
(0.356492 1.59036 0)
(0.17231 1.70265 0)
(-0.101301 -0.462596 0)
(0.0562527 -0.747981 0)
(0.207519 -0.749561 0)
(0.24418 -0.628333 0)
(0.361484 -0.489129 0)
(0.445291 -0.500206 0)
(0.687911 -0.895864 0)
(0.491287 -0.696762 0)
(-0.168808 -0.152269 0)
(-0.243294 0.00507739 0)
(-0.27554 0.020715 0)
(-0.148671 0.133775 0)
(0.111497 0.288843 0)
(0.447052 0.592598 0)
(0.807023 0.919391 0)
(0.589041 0.955898 0)
(0.560663 1.28715 0)
(0.318993 1.82316 0)
(0.232983 1.95183 0)
(0.383238 -0.680972 0)
(0.305295 -0.623838 0)
(0.195123 -0.565952 0)
(0.0722188 -0.533622 0)
(-0.0239067 -0.585158 0)
(-0.114709 -0.67668 0)
(-0.0399521 -0.61539 0)
(-0.626138 -0.211336 0)
(-0.649032 -0.177052 0)
(-0.586172 -0.164113 0)
(-0.459293 -0.131337 0)
(-0.359404 -0.0618403 0)
(-0.198749 0.0752207 0)
(-0.0480462 0.283942 0)
(0.326657 0.755169 0)
(0.349724 1.04298 0)
(0.372987 1.35558 0)
(0.180911 2.03304 0)
(0.127764 2.1772 0)
(0.213601 -0.363111 0)
(0.0822251 -0.381264 0)
(-0.0865865 -0.417725 0)
(-0.204881 -0.480026 0)
(-0.298579 -0.537632 0)
(-0.434685 -0.590537 0)
(-0.598519 -0.406869 0)
(-0.794642 -0.230218 0)
(-0.74563 -0.189208 0)
(-0.692632 -0.181981 0)
(-0.645921 -0.183796 0)
(-0.579641 -0.152013 0)
(-0.499976 -0.0422812 0)
(-0.432674 0.160173 0)
(-0.195197 0.575405 0)
(-0.0174289 0.993786 0)
(0.0703294 1.55034 0)
(-0.0512718 2.09986 0)
(0.0168305 2.22716 0)
(-0.00861564 -0.372664 0)
(-0.0969253 -0.376238 0)
(-0.176422 -0.376797 0)
(-0.258745 -0.366655 0)
(-0.371697 -0.372173 0)
(-0.544861 -0.338788 0)
(-0.71912 -0.258233 0)
(-0.881443 -0.227091 0)
(-0.812025 -0.199839 0)
(-0.785559 -0.203697 0)
(-0.770055 -0.206035 0)
(-0.751536 -0.184208 0)
(-0.759034 -0.0958995 0)
(-0.758762 0.0608804 0)
(-0.660763 0.392178 0)
(-0.501382 0.895906 0)
(-0.239334 1.56394 0)
(-0.25737 2.03585 0)
(-0.0436856 2.15264 0)
(-0.0529218 -0.289085 0)
(-0.131637 -0.285072 0)
(-0.186859 -0.287185 0)
(-0.246387 -0.28336 0)
(-0.327944 -0.276957 0)
(-0.437456 -0.190633 0)
(-0.512579 -0.0957998 0)
(-0.563376 -0.232835 0)
(-0.829538 -0.262412 0)
(-0.827734 -0.203547 0)
(-0.84855 -0.173887 0)
(-0.854136 -0.149448 0)
(-0.915816 -0.0792125 0)
(-1.00337 0.0449739 0)
(-1.00985 0.298395 0)
(-0.90444 0.808301 0)
(-0.595018 1.47284 0)
(-0.464688 1.8594 0)
(-0.174693 1.95715 0)
(-0.108175 -0.2221 0)
(-0.143715 -0.240073 0)
(-0.177345 -0.24984 0)
(-0.217433 -0.239447 0)
(-0.27338 -0.218458 0)
(-0.323319 -0.157492 0)
(-0.343897 -0.0286934 0)
(-0.382228 0.0862459 0)
(-0.455678 -0.214296 0)
(-0.852381 -0.258698 0)
(-0.877086 -0.145506 0)
(-0.902343 -0.0793838 0)
(-0.962708 0.00050398 0)
(-1.10606 0.104709 0)
(-1.19858 0.263054 0)
(-1.14909 0.631076 0)
(-0.856167 1.1871 0)
(-0.607808 1.5214 0)
(-0.221199 1.5027 0)
(-0.117485 -0.217357 0)
(-0.145863 -0.223147 0)
(-0.172085 -0.22118 0)
(-0.208718 -0.203285 0)
(-0.242673 -0.175198 0)
(-0.264298 -0.126687 0)
(-0.267705 -0.0564415 0)
(-0.234679 0.0611644 0)
(-0.240884 0.218981 0)
(-0.382582 -0.0667136 0)
(-0.841723 -0.200041 0)
(-0.907078 -0.0560055 0)
(-0.930107 0.0647715 0)
(-1.05702 0.183935 0)
(-1.21907 0.298765 0)
(-1.21324 0.526899 0)
(-0.98265 0.893986 0)
(-0.625573 1.14665 0)
(-0.294811 1.10413 0)
(-0.12033 -0.194121 0)
(-0.137395 -0.194537 0)
(-0.156105 -0.188516 0)
(-0.178645 -0.17846 0)
(-0.202097 -0.159445 0)
(-0.218091 -0.120705 0)
(-0.215267 -0.0596751 0)
(-0.180416 0.0136944 0)
(-0.134807 0.144857 0)
(-0.0491942 0.342756 0)
(-0.279585 0.246016 0)
(-0.756383 -0.18316 0)
(-0.936735 0.0904568 0)
(-0.95619 0.239312 0)
(-1.10694 0.407198 0)
(-1.17024 0.537311 0)
(-1.02684 0.707451 0)
(-0.631143 0.790295 0)
(-0.26405 0.636993 0)
(-0.118631 -0.177872 0)
(-0.136841 -0.182192 0)
(-0.157293 -0.174102 0)
(-0.17321 -0.160693 0)
(-0.183751 -0.141999 0)
(-0.186383 -0.11455 0)
(-0.176817 -0.0798957 0)
(-0.137327 -0.0359842 0)
(-0.0893322 0.0584389 0)
(0.0405442 0.226578 0)
(0.197157 0.65808 0)
(-0.305061 0.437788 0)
(-0.772687 0.000417049 0)
(-1.00154 0.295486 0)
(-0.989346 0.409149 0)
(-1.04613 0.470658 0)
(-0.959573 0.53243 0)
(-0.505559 0.364476 0)
(-0.173707 0.294473 0)
(-0.1173 -0.16857 0)
(-0.12927 -0.168907 0)
(-0.142987 -0.161389 0)
(-0.153525 -0.153202 0)
(-0.159564 -0.141599 0)
(-0.160752 -0.122335 0)
(-0.148362 -0.0998473 0)
(-0.105999 -0.0781749 0)
(-0.0722478 -0.0183935 0)
(0.0711782 0.0967384 0)
(0.241432 0.624292 0)
(0.12034 0.948055 0)
(-0.628653 0.48157 0)
(-0.860936 0.427456 0)
(-0.958212 0.508285 0)
(-0.901226 0.492591 0)
(-0.595985 0.134217 0)
(-0.381043 -0.0902973 0)
(-0.199443 0.0398499 0)
(-0.112158 -0.15267 0)
(-0.124914 -0.151084 0)
(-0.139129 -0.145757 0)
(-0.151457 -0.140297 0)
(-0.155897 -0.133527 0)
(-0.155026 -0.123884 0)
(-0.140679 -0.120387 0)
(-0.103538 -0.122746 0)
(-0.0816117 -0.0993902 0)
(0.0756856 -0.00394736 0)
(0.133182 0.482778 0)
(0.348211 1.27023 0)
(-0.309126 0.893095 0)
(-0.704594 0.62492 0)
(-0.802675 0.52524 0)
(-0.855844 0.448918 0)
(-0.823099 0.477251 0)
(-0.351119 -0.141004 0)
(-0.0826074 -0.279883 0)
(-0.112775 -0.146389 0)
(-0.125959 -0.144737 0)
(-0.136093 -0.142904 0)
(-0.139807 -0.139573 0)
(-0.147826 -0.135719 0)
(-0.149803 -0.131439 0)
(-0.140153 -0.134993 0)
(-0.12055 -0.154469 0)
(-0.112153 -0.159842 0)
(0.034848 -0.0863904 0)
(0.0185548 0.321543 0)
(0.400723 1.37545 0)
(0.0676553 1.32489 0)
(-0.336894 0.930053 0)
(-0.472892 0.572319 0)
(-0.311866 0.236349 0)
(-0.235835 -0.273061 0)
(-0.433002 -0.0626113 0)
(-0.0264586 -0.44734 0)
(-0.108702 -0.130784 0)
(-0.120116 -0.130107 0)
(-0.133212 -0.129981 0)
(-0.139133 -0.126004 0)
(-0.151772 -0.123104 0)
(-0.155949 -0.128752 0)
(-0.15537 -0.140587 0)
(-0.15338 -0.168377 0)
(-0.155154 -0.192269 0)
(-0.0595994 -0.147939 0)
(-0.140937 0.118007 0)
(0.382903 1.34435 0)
(0.229847 1.52113 0)
(0.0417486 1.21537 0)
(-0.0512368 0.600421 0)
(0.0564297 0.246491 0)
(0.212052 0.0768753 0)
(-0.218089 -0.378708 0)
(-0.000821334 -0.533196 0)
(-0.111396 -0.123482 0)
(-0.120785 -0.12361 0)
(-0.12837 -0.12378 0)
(-0.140422 -0.120454 0)
(-0.150899 -0.118592 0)
(-0.161024 -0.123349 0)
(-0.170946 -0.133006 0)
(-0.189837 -0.156678 0)
(-0.209322 -0.189536 0)
(-0.201335 -0.180372 0)
(-0.31721 -0.00877147 0)
(0.202288 1.19084 0)
(0.257421 1.52331 0)
(0.185823 1.25934 0)
(0.225616 0.613093 0)
(0.202798 0.17074 0)
(0.380296 -0.0302344 0)
(-0.0176013 -0.265916 0)
(-0.0160992 -0.507053 0)
(-0.105933 -0.112915 0)
(-0.117472 -0.114524 0)
(-0.126175 -0.11335 0)
(-0.140128 -0.107173 0)
(-0.152944 -0.106019 0)
(-0.164809 -0.111601 0)
(-0.18372 -0.114532 0)
(-0.213314 -0.127487 0)
(-0.249791 -0.150698 0)
(-0.316518 -0.160117 0)
(-0.44011 -0.051134 0)
(-0.193676 0.806868 0)
(0.246151 1.47082 0)
(0.199471 1.21564 0)
(0.364355 0.57211 0)
(0.319624 0.166899 0)
(0.443251 0.0831211 0)
(-0.0833943 -0.0912697 0)
(-0.021797 -0.475043 0)
(-0.105153 -0.104912 0)
(-0.115293 -0.104713 0)
(-0.124419 -0.101882 0)
(-0.138644 -0.0970744 0)
(-0.150607 -0.0956098 0)
(-0.166224 -0.0957535 0)
(-0.188981 -0.091559 0)
(-0.218865 -0.0942669 0)
(-0.26362 -0.0984055 0)
(-0.343943 -0.0915018 0)
(-0.462341 -0.0164851 0)
(-0.407703 0.493394 0)
(0.0925747 1.23619 0)
(0.256711 1.05717 0)
(0.443112 0.513751 0)
(0.412256 0.203546 0)
(0.460509 0.207933 0)
(-0.110728 0.0535673 0)
(-0.021424 -0.447269 0)
(-0.100818 -0.0970728 0)
(-0.112529 -0.0954986 0)
(-0.122398 -0.091502 0)
(-0.134958 -0.085854 0)
(-0.148068 -0.0821748 0)
(-0.162557 -0.0791591 0)
(-0.186541 -0.0702702 0)
(-0.210189 -0.0623089 0)
(-0.251509 -0.0507939 0)
(-0.311185 -0.0202774 0)
(-0.3906 0.0460921 0)
(-0.439912 0.29422 0)
(-0.083204 0.779331 0)
(0.258053 0.795724 0)
(0.463687 0.413822 0)
(0.448807 0.252571 0)
(0.484367 0.341987 0)
(-0.0117881 0.262544 0)
(-0.021465 -0.425562 0)
(-0.0982382 -0.0871647 0)
(-0.109208 -0.0859056 0)
(-0.118819 -0.0810807 0)
(-0.129818 -0.0758134 0)
(-0.143117 -0.0703537 0)
(-0.155798 -0.0633094 0)
(-0.176879 -0.0517218 0)
(-0.194234 -0.0376367 0)
(-0.224036 -0.0163696 0)
(-0.258506 0.0251973 0)
(-0.285797 0.0890896 0)
(-0.327508 0.241461 0)
(-0.0983628 0.479109 0)
(0.155291 0.532587 0)
(0.41909 0.295774 0)
(0.409237 0.275259 0)
(0.443971 0.488112 0)
(0.023609 0.479813 0)
(-0.0192901 -0.382107 0)
(-0.0941594 -0.0808074 0)
(-0.105025 -0.0764839 0)
(-0.114485 -0.071997 0)
(-0.12408 -0.0654177 0)
(-0.136713 -0.058996 0)
(-0.147053 -0.0504689 0)
(-0.16339 -0.0373098 0)
(-0.175281 -0.0204789 0)
(-0.193138 0.00316712 0)
(-0.208614 0.0442655 0)
(-0.202321 0.0954457 0)
(-0.215108 0.197661 0)
(-0.0490253 0.31462 0)
(0.0733954 0.314478 0)
(0.32851 0.210753 0)
(0.257301 0.28614 0)
(0.351193 0.653275 0)
(-0.0268312 0.632632 0)
(-0.0107452 -0.351353 0)
(-0.0912654 -0.0714635 0)
(-0.100396 -0.0685299 0)
(-0.109708 -0.0632268 0)
(-0.117973 -0.0565815 0)
(-0.128915 -0.0494701 0)
(-0.137458 -0.040219 0)
(-0.149186 -0.027056 0)
(-0.156528 -0.0104967 0)
(-0.16514 0.0111557 0)
(-0.167763 0.0462394 0)
(-0.144423 0.082283 0)
(-0.145904 0.146803 0)
(-0.000727274 0.214919 0)
(0.0348042 0.178412 0)
(0.24271 0.159695 0)
(0.124048 0.281149 0)
(0.292449 0.749536 0)
(0.0230459 0.726952 0)
(0.000972112 -0.298231 0)
(-0.0872806 -0.0652342 0)
(-0.0955291 -0.0604974 0)
(-0.104447 -0.0553766 0)
(-0.111577 -0.048657 0)
(-0.120958 -0.0413768 0)
(-0.127992 -0.0323548 0)
(-0.136015 -0.0203226 0)
(-0.140002 -0.00571387 0)
(-0.142884 0.011695 0)
(-0.137342 0.0387897 0)
(-0.107838 0.0619766 0)
(-0.10966 0.0943893 0)
(0.0244748 0.144143 0)
(0.0182642 0.095776 0)
(0.185787 0.132347 0)
(0.0646323 0.257448 0)
(0.24138 0.784008 0)
(0.058476 0.775228 0)
(0.00750391 -0.20603 0)
(-0.0834763 -0.0581403 0)
(-0.0907273 -0.053586 0)
(-0.0989176 -0.0482752 0)
(-0.10539 -0.0417276 0)
(-0.113344 -0.0346113 0)
(-0.119256 -0.0263505 0)
(-0.12488 -0.0160296 0)
(-0.126776 -0.00417989 0)
(-0.126583 0.00818457 0)
(-0.117633 0.0261829 0)
(-0.0874521 0.0405328 0)
(-0.0894753 0.047997 0)
(0.0273036 0.0859991 0)
(0.0147929 0.0390854 0)
(0.154687 0.105215 0)
(0.0546985 0.240757 0)
(0.199803 0.78497 0)
(0.0598986 0.795865 0)
(0.0149944 -0.0916638 0)
(-0.0793683 -0.0520929 0)
(-0.0858404 -0.0470647 0)
(-0.0934453 -0.0417927 0)
(-0.0994287 -0.0355329 0)
(-0.106379 -0.0287974 0)
(-0.111654 -0.0214889 0)
(-0.115999 -0.0130402 0)
(-0.117074 -0.00409925 0)
(-0.115928 0.00356523 0)
(-0.107139 0.0130343 0)
(-0.0810346 0.0195735 0)
(-0.0808517 0.0094109 0)
(0.0168242 0.0349561 0)
(0.00881126 -0.00905039 0)
(0.140183 0.0681465 0)
(0.0650952 0.22775 0)
(0.192327 0.757398 0)
(0.10921 0.791105 0)
(0.0446083 0.00919431 0)
(-0.0751301 -0.0462173 0)
(-0.0810561 -0.0411172 0)
(-0.0880562 -0.035797 0)
(-0.0937914 -0.0298249 0)
(-0.100128 -0.0235401 0)
(-0.105208 -0.0171413 0)
(-0.109307 -0.0103442 0)
(-0.110735 -0.00397366 0)
(-0.110089 -0.000240733 0)
(-0.104605 0.00192275 0)
(-0.0852965 -0.000687424 0)
(-0.0832184 -0.0204014 0)
(-0.00645802 -0.0113509 0)
(-0.0103685 -0.061927 0)
(0.115172 0.0168759 0)
(0.0500841 0.222194 0)
(0.152171 0.738077 0)
(0.0989234 0.780005 0)
(0.0878043 0.178512 0)
(-0.0707378 -0.0407632 0)
(-0.076268 -0.035542 0)
(-0.0827777 -0.0301789 0)
(-0.0884323 -0.024421 0)
(-0.0945061 -0.0185117 0)
(-0.0997072 -0.0127155 0)
(-0.104342 -0.00700698 0)
(-0.107232 -0.00275586 0)
(-0.108542 -0.00156575 0)
(-0.107636 -0.00391335 0)
(-0.098738 -0.0140032 0)
(-0.100168 -0.0407031 0)
(-0.0504333 -0.0532135 0)
(-0.0562338 -0.104948 0)
(0.0424643 -0.0242193 0)
(-0.0365571 0.206083 0)
(0.0593743 0.737899 0)
(0.0533173 0.774553 0)
(0.0195374 0.178883 0)
(-0.0662092 -0.0355598 0)
(-0.0714805 -0.0302565 0)
(-0.0775913 -0.0248098 0)
(-0.0832492 -0.0191587 0)
(-0.0892294 -0.0134131 0)
(-0.0947754 -0.00788649 0)
(-0.100203 -0.00299018 0)
(-0.104942 0.000343517 0)
(-0.109708 0.000865654 0)
(-0.114308 -0.00343658 0)
(-0.115992 -0.0155392 0)
(-0.126578 -0.0426952 0)
(-0.120001 -0.0769969 0)
(-0.136014 -0.111086 0)
(-0.134937 -0.0212899 0)
(-0.248974 0.267431 0)
(-0.162446 0.70608 0)
(-0.0966704 0.756765 0)
(-0.0822491 0.235535 0)
(-0.0615261 -0.0306418 0)
(-0.066605 -0.0252206 0)
(-0.0724015 -0.0196314 0)
(-0.0780782 -0.0139151 0)
(-0.0840631 -0.00809977 0)
(-0.0900311 -0.00255188 0)
(-0.0964344 0.00237208 0)
(-0.103177 0.00596059 0)
(-0.111128 0.00711691 0)
(-0.120538 0.00439372 0)
(-0.131852 -0.00531875 0)
(-0.156789 -0.0264909 0)
(-0.179808 -0.0588521 0)
(-0.250862 -0.076942 0)
(-0.343226 0.0345466 0)
(-0.510622 0.348703 0)
(-0.35188 0.6656 0)
(-0.192077 0.663492 0)
(0.0189084 0.00458374 0)
(-0.0566839 -0.0259647 0)
(-0.061593 -0.0203913 0)
(-0.0671007 -0.0146067 0)
(-0.0727459 -0.00867711 0)
(-0.0787559 -0.00259075 0)
(-0.0850531 0.00330966 0)
(-0.0921537 0.0088502 0)
(-0.100238 0.0135773 0)
(-0.110607 0.0170572 0)
(-0.123748 0.0183893 0)
(-0.142412 0.0159182 0)
(-0.180008 0.00881362 0)
(-0.223303 -0.00224757 0)
(-0.330932 0.0276255 0)
(-0.500606 0.206391 0)
(-0.654218 0.378172 0)
(-0.599362 0.432098 0)
(-0.185919 0.214407 0)
(0.0329261 -0.00362176 0)
(-0.0516518 -0.0215408 0)
(-0.0563809 -0.0157753 0)
(-0.0616084 -0.00973604 0)
(-0.0671298 -0.0034954 0)
(-0.0730575 0.002991 0)
(-0.079454 0.00945164 0)
(-0.0868269 0.015912 0)
(-0.0953792 0.022119 0)
(-0.106509 0.028274 0)
(-0.120293 0.0344354 0)
(-0.139083 0.0409073 0)
(-0.17718 0.0507049 0)
(-0.212977 0.068 0)
(-0.309648 0.142684 0)
(-0.411589 0.29003 0)
(-0.574142 0.389956 0)
(-0.409156 0.119654 0)
(-0.109687 0.0161392 0)
(0.0303698 -0.00178702 0)
(-0.0464214 -0.0173891 0)
(-0.0509329 -0.011409 0)
(-0.055861 -0.00505966 0)
(-0.0611672 0.00156212 0)
(-0.0668955 0.00853481 0)
(-0.0731797 0.0156694 0)
(-0.0804238 0.0230936 0)
(-0.0887905 0.0307857 0)
(-0.0994711 0.0392114 0)
(-0.111732 0.0491166 0)
(-0.126107 0.0615424 0)
(-0.155818 0.0804166 0)
(-0.161898 0.110481 0)
(-0.219814 0.199738 0)
(-0.158878 0.321138 0)
(-0.266569 0.381969 0)
(-0.184991 -0.00685708 0)
(-0.10015 -0.055291 0)
(0.0508712 0.00227998 0)
(-0.040964 -0.0135088 0)
(-0.0452186 -0.00729926 0)
(-0.0498077 -0.000677093 0)
(-0.0547913 0.00626362 0)
(-0.0601774 0.0136803 0)
(-0.0661168 0.0214262 0)
(-0.072864 0.0296983 0)
(-0.0805052 0.0385786 0)
(-0.0898869 0.0485582 0)
(-0.0998777 0.0602823 0)
(-0.107626 0.0746679 0)
(-0.130669 0.0944175 0)
(-0.106579 0.118605 0)
(-0.151733 0.185667 0)
(0.00665944 0.262693 0)
(0.045015 0.432254 0)
(-0.0240931 0.0527217 0)
(-0.106315 -0.0864832 0)
(0.0671747 -0.0218111 0)
(-0.0351985 -0.00988489 0)
(-0.0392159 -0.00341845 0)
(-0.0434944 0.00355695 0)
(-0.0481092 0.0109073 0)
(-0.0532078 0.0188029 0)
(-0.0588186 0.027213 0)
(-0.0651462 0.0361641 0)
(-0.0722688 0.0459136 0)
(-0.0805866 0.0566859 0)
(-0.0892092 0.0690499 0)
(-0.0919311 0.0825088 0)
(-0.113892 0.0963534 0)
(-0.0681568 0.113285 0)
(-0.126314 0.130756 0)
(0.0961414 0.145361 0)
(0.0781969 0.354534 0)
(0.212749 0.162157 0)
(-0.128993 -0.0826391 0)
(0.112299 -0.0326686 0)
(-0.0288408 -0.00662665 0)
(-0.0323829 3.80356e-05 0)
(-0.0363964 0.00713314 0)
(-0.0405887 0.0147639 0)
(-0.0450835 0.022985 0)
(-0.0500805 0.031874 0)
(-0.0556754 0.0415394 0)
(-0.0620254 0.0519758 0)
(-0.0695961 0.0631476 0)
(-0.0777303 0.0752279 0)
(-0.0807436 0.0860508 0)
(-0.101067 0.0914224 0)
(-0.0637861 0.10041 0)
(-0.118485 0.0540818 0)
(0.0387456 0.0938221 0)
(-0.0106795 0.303312 0)
(0.41775 0.227852 0)
(-0.252427 -0.0267856 0)
(0.22655 -0.0359315 0)
(-0.0217157 -0.00338214 0)
(-0.0243703 0.00374268 0)
(-0.0276442 0.011083 0)
(-0.0314503 0.0189472 0)
(-0.0356973 0.0275274 0)
(-0.0403759 0.0369398 0)
(-0.0456584 0.0473631 0)
(-0.0517623 0.0587475 0)
(-0.058898 0.0710082 0)
(-0.0671348 0.083891 0)
(-0.0746038 0.0966694 0)
(-0.0961411 0.101441 0)
(-0.0873343 0.109086 0)
(-0.128718 0.0757339 0)
(-0.0618387 0.0451394 0)
(-0.177908 0.0368147 0)
(0.492698 0.251855 0)
(-0.37895 0.148996 0)
(0.372082 -0.0594964 0)
(-0.017691 -0.00313313 0)
(-0.0180781 0.00520217 0)
(-0.0191823 0.0135026 0)
(-0.0207604 0.0220224 0)
(-0.0225791 0.031025 0)
(-0.0246168 0.0408548 0)
(-0.0269039 0.0518539 0)
(-0.0296147 0.0642526 0)
(-0.0332593 0.0781284 0)
(-0.0382627 0.0933966 0)
(-0.0428121 0.107408 0)
(-0.0584886 0.1086 0)
(-0.0357049 0.120741 0)
(-0.099029 0.0277071 0)
(0.0631805 0.097004 0)
(-0.195747 -0.180728 0)
(0.390173 0.286508 0)
(-0.293647 0.127761 0)
(0.527801 0.0704122 0)
)
;

boundaryField
{
    leftWall
    {
        type            calculated;
        value           uniform (0 0 0);
    }
    rightWall
    {
        type            calculated;
        value           uniform (0 0 0);
    }
    lowerWall
    {
        type            calculated;
        value           uniform (0 0 0);
    }
    atmosphere
    {
        type            calculated;
        value           nonuniform List<vector> 
46
(
(-0.000786192 -0.0569156 0)
(-0.00370817 -0.0594236 0)
(-0.00720975 -0.0595747 0)
(-0.0102544 -0.0598362 0)
(-0.0134233 -0.0600672 0)
(-0.0164034 -0.0603102 0)
(-0.0192315 -0.0605306 0)
(-0.0218493 -0.0607098 0)
(-0.0242238 -0.0608197 0)
(-0.0263173 -0.0608244 0)
(-0.0281029 -0.0606884 0)
(-0.0295627 -0.0603717 0)
(-0.0306571 -0.05983 0)
(-0.031303 -0.0590097 0)
(-0.0314472 -0.0578314 0)
(-0.0311332 -0.0562331 0)
(-0.0304154 -0.0541535 0)
(-0.0293359 -0.0514977 0)
(-0.0279386 -0.0481642 0)
(-0.0262924 -0.0440617 0)
(-0.0244668 -0.0390838 0)
(-0.0225314 -0.0330812 0)
(-0.020435 -0.0259802 0)
(-0.0195094 -0.0203981 0)
(-0.0188251 -0.016727 0)
(-0.0183377 -0.0130424 0)
(-0.017951 -0.00934575 0)
(-0.017691 -0.00313522 0)
(-0.0180781 0.00520227 0)
(-0.0191823 0.0135093 0)
(-0.0207604 0.0220328 0)
(-0.0225791 0.0310387 0)
(-0.0246168 0.040872 0)
(-0.0269039 0.0518753 0)
(-0.0296147 0.06428 0)
(-0.0332593 0.0781646 0)
(-0.0382627 0.0934439 0)
(-0.0428121 0.107483 0)
(-0.0584886 0.108575 0)
(-0.0357049 0.120862 0)
(-0.099029 0.0264054 0)
(0.0631805 0.0976332 0)
(-0.195747 -0.182471 0)
(0.390173 0.286787 0)
(-0.293647 0.127324 0)
(0.527801 0.0596183 0)
)
;
    }
    defaultFaces
    {
        type            empty;
    }
}


// ************************************************************************* //
