/*--------------------------------*- C++ -*----------------------------------*\
| =========                 |                                                 |
| \\      /  F ield         | OpenFOAM: The Open Source CFD Toolbox           |
|  \\    /   O peration     | Version:  2.4.0                                 |
|   \\  /    A nd           | Web:      www.OpenFOAM.org                      |
|    \\/     M anipulation  |                                                 |
\*---------------------------------------------------------------------------*/
FoamFile
{
    version     2.0;
    format      ascii;
    class       volScalarField;
    location    "0.4";
    object      alphas;
}
// * * * * * * * * * * * * * * * * * * * * * * * * * * * * * * * * * * * * * //

dimensions      [0 0 0 0 0 0 0];

internalField   nonuniform List<scalar> 
575
(
3
3
3
3
3
3
3
3
3
3
3
3
3
3
3
3
3
3
3
3
3
3
3
3
3
3
3
3
3
3
3
3
3
3
3
3
2.99999
2.99999
3
2.99999
2.99999
2.99999
2.99999
2.99999
2.99999
2.99999
2.99999
2.99999
2.99999
2.99999
2.99999
2.99999
2.99999
2.99999
2.99999
2.99999
3
3
2.99999
2.99999
3
3
3
2.99999
3
3
3
2.99999
3
3
3
3
3
3
3
3
3
3
3
3
3
3
3
3
3
3
3
3
3
3
3
3
3
3
3
3
3
3
3
3
3
3
3
3
3
3
3
3
3
3
3
3
3
3
3
3.00001
3.00001
1.79395
1.03694
3
3
3
3
3
3
3
3
3
3
3
3
3
3
3
3
3.00001
2.44698
1.07528
3
3
3
3
3
3
3
3
3
3
3
3
3
3
3
3
3
2.89628
1.15842
3
3
3
3
3
3
3
3
3
3
3
3
3
3
3
3
3
2.99076
1.25777
3
3
3
3
3
3
3
3
3
3
3
3
3
3
3
3
3
2.9994
1.33216
3
3
3
3
3
3
3
3
3
3
3
3
3
3
3
3
3
2.9997
1.51198
3
3
3
3
3
3
3
3
3
3
3
3
3
3
3
2.99999
2.99997
2.99943
2.13633
3
3
3
3
3
3
3
3
3
3
3
3
3
3
3
2.99995
2.9998
2.99701
2.73996
3
3
3
3
3
3
3
3
3
3
3
3
3
3
3
2.99991
2.99934
2.98675
2.47604
2.99999
3
3
3
3
3
3
3
3
3
3
3
3
3
3
2.99988
2.99795
2.97759
1.61769
2.99999
2.99999
2.99999
2.99999
2.99999
3
3
3
3
3
3
3
3
3
3
2.99986
2.9935
2.95294
1.1081
2.99999
2.99999
2.99999
2.99999
2.99999
2.99999
3
3
3
3
3
3
3
3
3
2.99992
2.98334
2.71177
1.02979
2.99999
2.99999
2.99999
2.99999
2.99999
2.99999
3
3
3
3
3
3
3
3
3
2.99999
2.98396
2.21141
1.02835
2.99999
2.99999
2.99999
2.99999
2.99999
2.99999
3
3
3
3
3
3
3
3
3
3
2.99575
2.19305
1.02835
2.99999
2.99999
2.99999
2.99999
2.99999
3
3
3
3
3
3
3
3
3
3
3
2.99979
2.47411
1.02835
2.99999
2.99999
2.99999
2.99999
2.99999
3
3
3
3
3
3
3
3
3
3
3
3
2.83702
1.06247
2.99999
2.99999
2.99999
2.99999
2.99999
3
3
3
3
3
3
3
3
3
3
3
3
2.97556
1.25861
2.99999
2.99999
2.99999
2.99999
3
3
3
3
3
3
3
3
3
3
3
3
3
2.99801
1.63081
3
2.99999
2.99999
3
3
3
3
3
3
3
3
3
3
3
3
3
3
2.99994
1.97148
3
3
3
3
3
3
3
3
3
3
3
3
3
3
3
3
3
3
2.19852
3
3
3
3
3
3
3
3
3
3
3
3
3
3
3
3
3
3
2.46712
3
3
3
3
3
3
3
3
3
3
3
3
3
3
3
2.99999
3
3
2.78255
3
3
3
3
3
3
3
3
3
3
3
3
3
3
3
2.99999
3
3
2.95673
3
3
3
3
3
3
3
3
3
3
3
3
3
3
3
2.99999
2.99999
2.99995
2.99637
3
3
3
3
3
3
3
3
3
3
3
3
3
3
3
2.99999
2.99997
2.99993
2.99991
)
;

boundaryField
{
    leftWall
    {
        type            zeroGradient;
    }
    rightWall
    {
        type            zeroGradient;
    }
    lowerWall
    {
        type            zeroGradient;
    }
    atmosphere
    {
        type            zeroGradient;
    }
    defaultFaces
    {
        type            empty;
    }
    procBoundary3to1
    {
        type            processor;
        value           nonuniform List<scalar> 
23
(
3
3
3
3
3
3
3
3
3
3
3
3
3
3
3
3
3
3
3
3.00001
3.00001
1.57612
1.03242
)
;
    }
    procBoundary3to2
    {
        type            processor;
        value           nonuniform List<scalar> 
25
(
3
3
3
3
3
3
3
2.99999
2.99999
2.99999
2.99999
2.99999
2.99999
2.99999
2.99999
3
3
3
3
3
3
3
3
3
3
)
;
    }
}


// ************************************************************************* //
