/*--------------------------------*- C++ -*----------------------------------*\
| =========                 |                                                 |
| \\      /  F ield         | OpenFOAM: The Open Source CFD Toolbox           |
|  \\    /   O peration     | Version:  2.4.0                                 |
|   \\  /    A nd           | Web:      www.OpenFOAM.org                      |
|    \\/     M anipulation  |                                                 |
\*---------------------------------------------------------------------------*/
FoamFile
{
    version     2.0;
    format      ascii;
    class       surfaceScalarField;
    location    "1";
    object      phi;
}
// * * * * * * * * * * * * * * * * * * * * * * * * * * * * * * * * * * * * * //

dimensions      [0 3 -1 0 0 0 0];

internalField   nonuniform List<scalar> 
4432
(
-4.14461e-06
4.14461e-06
-8.34849e-06
4.20387e-06
-1.16986e-05
3.35012e-06
-1.37921e-05
2.09354e-06
-1.48534e-05
1.06128e-06
-1.53107e-05
4.57258e-07
-1.51958e-05
-1.14927e-07
-1.51924e-05
-3.35891e-09
-1.55005e-05
3.08089e-07
-1.57157e-05
2.15213e-07
-1.52341e-05
-4.81596e-07
-1.40396e-05
-1.19452e-06
-1.28267e-05
-1.21288e-06
-1.19191e-05
-9.07591e-07
-1.12358e-05
-6.83277e-07
-1.04889e-05
-7.46956e-07
-9.36747e-06
-1.12141e-06
-7.62518e-06
-1.74229e-06
-5.31269e-06
-2.31249e-06
-3.29427e-06
-2.01842e-06
-2.51761e-06
-7.76658e-07
-1.90131e-06
-6.163e-07
-1.90131e-06
-4.13233e-06
8.27695e-06
-8.29176e-06
8.36331e-06
-1.15973e-05
6.65561e-06
-1.39701e-05
4.4664e-06
-1.53778e-05
2.469e-06
-1.58265e-05
9.05878e-07
-1.54239e-05
-5.17529e-07
-1.52564e-05
-1.70784e-07
-1.53244e-05
3.7608e-07
-1.51873e-05
7.80596e-08
-1.46481e-05
-1.02078e-06
-1.38055e-05
-2.0371e-06
-1.28938e-05
-2.12462e-06
-1.21359e-05
-1.66548e-06
-1.14163e-05
-1.40285e-06
-1.03712e-05
-1.79204e-06
-8.98561e-06
-2.50703e-06
-7.09738e-06
-3.63052e-06
-4.93231e-06
-4.47757e-06
-2.94614e-06
-4.00459e-06
-1.18983e-06
-2.53298e-06
-7.75319e-08
-1.7286e-06
-1.97884e-06
-4.14887e-06
1.24258e-05
-7.90947e-06
1.21239e-05
-1.11876e-05
9.93373e-06
-1.40044e-05
7.28327e-06
-1.57396e-05
4.20412e-06
-1.57525e-05
9.18823e-07
-1.55666e-05
-7.03467e-07
-1.52474e-05
-4.89952e-07
-1.53307e-05
4.59396e-07
-1.54112e-05
1.58568e-07
-1.49742e-05
-1.45784e-06
-1.43101e-05
-2.70121e-06
-1.33642e-05
-3.07044e-06
-1.21658e-05
-2.86393e-06
-1.09165e-05
-2.65219e-06
-9.51824e-06
-3.19025e-06
-8.04141e-06
-3.98386e-06
-6.66348e-06
-5.00845e-06
-5.26189e-06
-5.87916e-06
-3.75118e-06
-5.5153e-06
-1.7027e-06
-4.58145e-06
1.94086e-07
-3.62538e-06
-1.78475e-06
-4.89167e-06
1.73175e-05
-9.49453e-06
1.67268e-05
-1.33293e-05
1.37685e-05
-1.59358e-05
9.88978e-06
-1.70866e-05
5.35494e-06
-1.76105e-05
1.44275e-06
-1.72177e-05
-1.09627e-06
-1.66332e-05
-1.07451e-06
-1.56464e-05
-5.27336e-07
-1.50262e-05
-4.61639e-07
-1.49023e-05
-1.58173e-06
-1.45112e-05
-3.09237e-06
-1.39025e-05
-3.67911e-06
-1.27669e-05
-3.99951e-06
-1.11894e-05
-4.22969e-06
-9.47457e-06
-4.90512e-06
-8.03591e-06
-5.42252e-06
-6.6973e-06
-6.34706e-06
-5.47299e-06
-7.10346e-06
-4.16002e-06
-6.82828e-06
-2.30584e-06
-6.43564e-06
-5.36011e-07
-5.39521e-06
-2.32077e-06
-5.88356e-06
2.3201e-05
-1.34417e-05
2.42849e-05
-1.80625e-05
1.83893e-05
-2.09829e-05
1.28101e-05
-2.07311e-05
5.10314e-06
-1.89842e-05
-3.04101e-07
-1.90981e-05
-9.82393e-07
-1.90705e-05
-1.10212e-06
-1.86198e-05
-9.78e-07
-1.85132e-05
-5.683e-07
-1.79836e-05
-2.11135e-06
-1.67842e-05
-4.29176e-06
-1.49989e-05
-5.46434e-06
-1.30469e-05
-5.9515e-06
-1.10048e-05
-6.27181e-06
-9.32865e-06
-6.58129e-06
-7.63574e-06
-7.11543e-06
-6.00612e-06
-7.97668e-06
-4.79929e-06
-8.31029e-06
-4.06761e-06
-7.55995e-06
-2.8642e-06
-7.63904e-06
-6.18187e-07
-7.64122e-06
-2.93895e-06
-1.14355e-05
3.46366e-05
-2.06289e-05
3.34783e-05
-2.3614e-05
2.13744e-05
-2.19633e-05
1.11594e-05
-2.29605e-05
6.10034e-06
-2.37264e-05
4.6185e-07
-2.26687e-05
-2.04016e-06
-2.10267e-05
-2.74405e-06
-1.81263e-05
-3.87844e-06
-1.53037e-05
-3.39091e-06
-1.40068e-05
-3.4082e-06
-1.44679e-05
-3.83072e-06
-1.60235e-05
-3.90872e-06
-1.68793e-05
-5.09574e-06
-1.62741e-05
-6.87696e-06
-1.38679e-05
-8.98752e-06
-1.07836e-05
-1.01998e-05
-7.43611e-06
-1.13242e-05
-4.96082e-06
-1.07856e-05
-4.71951e-06
-7.80127e-06
-7.16047e-06
-5.19809e-06
-6.87124e-06
-7.93046e-06
-9.8102e-06
-1.85994e-05
5.32359e-05
-2.55482e-05
4.04271e-05
-2.44172e-05
2.02435e-05
-2.35638e-05
1.0306e-05
-2.4383e-05
6.91951e-06
-2.50615e-05
1.14043e-06
-2.35027e-05
-3.59902e-06
-1.65638e-05
-9.68291e-06
-7.92147e-06
-1.25208e-05
-7.33147e-07
-1.05792e-05
1.49283e-06
-5.63419e-06
-1.43751e-06
-9.00386e-07
-6.31906e-06
9.72824e-07
-1.15477e-05
1.32896e-07
-1.52594e-05
-3.16528e-06
-1.63641e-05
-7.88283e-06
-1.66196e-05
-9.94429e-06
-1.68542e-05
-1.10895e-05
-1.71212e-05
-1.05187e-05
-1.6968e-05
-7.9545e-06
-1.49039e-05
-7.2622e-06
-1.70888e-05
-5.74555e-06
-2.6899e-05
-2.05082e-05
7.37441e-05
-2.06596e-05
4.05785e-05
-2.27966e-05
2.23805e-05
-4.38635e-05
3.1373e-05
-4.30142e-05
6.07019e-06
-2.51592e-05
-1.67146e-05
-1.06736e-05
-1.80846e-05
-1.51311e-06
-1.88434e-05
3.62678e-06
-1.76607e-05
6.5479e-06
-1.35004e-05
9.87813e-06
-8.96443e-06
1.23689e-05
-3.39112e-06
1.11676e-05
2.17407e-06
5.63811e-06
5.66239e-06
-2.45489e-06
4.92772e-06
-9.65983e-06
-6.7789e-07
-1.47435e-05
-4.86062e-06
-2.01128e-05
-5.72025e-06
-2.4931e-05
-5.70046e-06
-2.68606e-05
-6.02491e-06
-2.42854e-05
-9.83742e-06
-1.6052e-05
-1.3979e-05
-4.2951e-05
5.70781e-06
-5.70782e-06
1.44337e-05
-8.72586e-06
1.85794e-05
-4.14568e-06
2.23594e-05
-3.78001e-06
2.53553e-05
-2.99594e-06
2.48296e-05
5.25665e-07
2.18461e-05
2.98356e-06
1.82324e-05
3.61367e-06
1.87271e-05
-4.94731e-07
1.91924e-05
-4.65313e-07
1.78806e-05
1.31185e-06
1.40108e-05
3.8698e-06
1.31653e-05
8.45543e-07
1.5575e-05
-2.40972e-06
1.2099e-05
3.47597e-06
1.91808e-06
1.01809e-05
-7.46422e-06
9.3823e-06
-8.65769e-06
1.19347e-06
-8.65769e-06
1.37098e-05
-1.94176e-05
2.02825e-05
-1.52985e-05
2.23486e-05
-6.21175e-06
2.15328e-05
-2.96424e-06
2.52197e-05
-6.68289e-06
2.14247e-05
4.32071e-06
1.75778e-05
6.83049e-06
-3.81673e-07
2.15731e-05
-1.2682e-05
1.18056e-05
-1.29884e-05
-1.58935e-07
-1.20137e-05
3.37235e-07
-1.53849e-05
7.24093e-06
-1.92786e-05
4.7393e-06
-1.05665e-05
-1.11218e-05
-2.9613e-06
-4.12925e-06
-6.21219e-06
1.34318e-05
-9.03257e-06
1.22027e-05
-7.85587e-06
1.67727e-08
-1.65136e-05
-6.22842e-06
-1.31892e-05
-4.50774e-06
-1.70192e-05
1.13714e-07
-1.08332e-05
3.32018e-06
-6.17069e-06
-2.01842e-06
-1.3443e-06
-6.09005e-06
8.39234e-06
-1.07001e-05
1.14405e-05
-2.63522e-05
3.72253e-05
-4.40312e-05
2.94845e-05
-4.70948e-05
2.90474e-06
-4.40545e-05
-2.70315e-06
-4.09395e-05
4.12595e-06
-3.60237e-05
-1.76462e-07
-2.78284e-05
-1.93172e-05
-1.41459e-05
-1.78117e-05
-8.74791e-06
8.03378e-06
-8.44624e-06
1.1901e-05
-3.74894e-06
-4.68053e-06
-2.02625e-05
1.25791e-05
-2.57683e-05
1.4392e-05
-1.88321e-05
1.3818e-05
-1.02591e-05
1.31644e-05
-5.51714e-06
1.33106e-05
-1.49047e-06
3.51045e-06
1.81925e-05
-9.1655e-06
2.41165e-05
-1.97649e-05
4.78247e-05
-3.31081e-05
4.28277e-05
-4.23306e-05
1.21272e-05
-4.38961e-05
-1.13766e-06
-4.42459e-05
4.47579e-06
-4.2292e-05
-2.13037e-06
-3.63758e-05
-2.52334e-05
-2.4837e-05
-2.93505e-05
-1.41682e-05
-2.635e-06
-8.39869e-06
6.13152e-06
-2.36272e-06
-1.07165e-05
-2.26252e-05
4.73693e-06
-3.05053e-05
-3.78444e-06
-1.03107e-05
-4.47691e-06
-9.56668e-06
-8.00337e-06
-1.99068e-06
-1.14328e-05
1.93901e-06
-9.72971e-06
1.64894e-05
-3.12198e-06
1.75087e-05
-1.29433e-06
4.5997e-05
-1.15787e-05
5.31121e-05
-1.97494e-05
2.02978e-05
-2.4293e-05
3.40603e-06
-3.35745e-05
1.37573e-05
-3.9745e-05
4.04012e-06
-3.5691e-05
-2.92875e-05
-3.03587e-05
-3.46828e-05
-1.71572e-05
-1.58365e-05
-6.85691e-06
-4.16878e-06
1.00276e-06
-1.85762e-05
-2.16224e-05
7.51476e-06
-3.802e-05
1.19083e-05
-1.47042e-05
1.09834e-05
-8.64183e-06
5.36747e-06
3.62528e-06
-9.91259e-06
1.72191e-05
-1.5477e-05
2.20538e-05
-1.36008e-05
1.56325e-05
1.55335e-06
3.08429e-05
3.12185e-06
5.15436e-05
-9.48062e-06
3.29003e-05
-1.70916e-05
1.1017e-05
-1.66098e-05
1.32755e-05
-1.1541e-05
-1.02874e-06
-2.02112e-05
-2.06172e-05
-2.61433e-05
-2.87508e-05
-1.98747e-05
-2.2105e-05
-7.32909e-06
-1.67144e-05
4.16735e-07
-2.6322e-05
-2.12057e-05
4.79902e-06
-4.2819e-05
1.40818e-06
-1.13134e-05
-5.68491e-06
-1.54874e-06
-1.23001e-05
1.02405e-05
-1.45426e-05
1.94615e-05
-1.60598e-05
2.3571e-05
-1.05617e-05
1.01344e-05
1.88332e-06
1.83979e-05
1.08039e-05
4.2623e-05
3.11156e-06
4.05927e-05
-1.05049e-05
2.46335e-05
-1.41024e-05
1.68729e-05
-1.384e-05
-1.29117e-06
-1.48716e-05
-1.95855e-05
-2.31195e-05
-2.0503e-05
-2.68481e-05
-1.83764e-05
-1.86133e-05
-2.49492e-05
-9.66039e-06
-3.52749e-05
-3.08661e-05
6.37327e-06
-4.91923e-05
3.67325e-06
-8.61335e-06
-6.17597e-07
2.74211e-06
-1.26078e-05
2.22307e-05
-2.10525e-05
2.79061e-05
-1.89254e-05
2.14439e-05
-1.62403e-05
7.44932e-06
-3.31638e-06
5.47396e-06
1.09962e-05
2.83105e-05
1.1474e-05
4.01149e-05
-1.61926e-07
3.62694e-05
-9.2514e-06
2.59624e-05
-1.14652e-05
9.22659e-07
-1.89258e-05
-1.2125e-05
-2.806e-05
-1.13688e-05
-2.92338e-05
-1.72026e-05
-2.67018e-05
-2.74812e-05
-1.59754e-05
-4.60013e-05
-4.68415e-05
-2.94706e-05
0.000103215
-5.30749e-05
6.41828e-05
-5.57801e-05
2.50857e-05
-1.89393e-05
-5.4678e-06
8.3621e-06
-2.12313e-05
1.80612e-05
-2.64137e-05
2.56906e-05
-2.5714e-05
3.48309e-05
-2.79837e-05
4.4842e-05
-2.76717e-05
5.34482e-05
-2.21066e-05
5.28845e-05
-8.40078e-06
4.28186e-05
6.6748e-06
2.73128e-05
1.76799e-05
9.5342e-06
2.3441e-05
-4.69892e-06
1.91608e-05
-1.64756e-05
1.10988e-05
-2.46501e-05
3.31391e-06
-2.6548e-05
-3.82239e-06
-1.86958e-05
-1.35526e-05
-1.56177e-05
-9.10309e-06
-2.90983e-05
3.64318e-06
-5.30647e-05
9.98743e-06
-3.89671e-05
-5.70487e-05
-1.16727e-05
0.000114887
2.48729e-06
5.00228e-05
2.30831e-05
4.48997e-06
3.59295e-05
-1.83142e-05
4.11778e-05
-2.64795e-05
4.47531e-05
-2.9989e-05
5.12085e-05
-3.21693e-05
5.68876e-05
-3.36628e-05
6.03895e-05
-3.11737e-05
6.22611e-05
-2.39782e-05
6.47724e-05
-1.0912e-05
6.32102e-05
8.237e-06
5.33647e-05
2.75254e-05
4.04876e-05
3.63181e-05
2.90384e-05
3.061e-05
1.50173e-05
2.51199e-05
-1.47278e-06
1.9804e-05
-1.08631e-05
5.56796e-06
-2.15173e-05
-2.89838e-06
-3.74406e-05
6.82017e-06
-4.3238e-05
9.44061e-06
-2.65877e-05
-6.66285e-06
-1.91952e-05
-4.63596e-05
2.39596e-05
9.09279e-05
4.48605e-05
2.91218e-05
5.45734e-05
-5.2229e-06
5.60348e-05
-1.97756e-05
5.59491e-05
-2.63939e-05
5.67309e-05
-3.07708e-05
6.18532e-05
-3.72916e-05
6.81088e-05
-3.99184e-05
7.57294e-05
-3.87944e-05
8.31076e-05
-3.13563e-05
8.5248e-05
-1.30524e-05
7.41617e-05
1.93233e-05
5.4456e-05
4.72311e-05
3.58018e-05
5.49723e-05
2.09653e-05
4.54466e-05
1.00151e-05
3.60701e-05
-2.65232e-07
3.00843e-05
-2.2839e-05
2.81417e-05
-6.55607e-05
3.98233e-05
-0.000103218
4.44773e-05
-0.000118118
2.43404e-05
-0.000121209
-3.57184e-06
-2.07804e-05
-0.000119624
4.52108e-05
4.57171e-05
5.64626e-05
1.78701e-05
5.69535e-05
-5.71378e-06
5.39284e-05
-1.67505e-05
5.11045e-05
-2.357e-05
5.04576e-05
-3.01238e-05
5.14219e-05
-3.82559e-05
5.40541e-05
-4.25506e-05
5.3897e-05
-3.86373e-05
5.64478e-05
-3.39071e-05
5.4146e-05
-1.07507e-05
4.23891e-05
3.10801e-05
2.72884e-05
6.23319e-05
1.16493e-05
7.06113e-05
-2.6004e-06
5.96963e-05
-1.88287e-05
5.22984e-05
-4.94124e-05
6.0668e-05
-0.00010457
8.32989e-05
-0.00016162
9.68734e-05
-0.000183505
6.63629e-05
-0.000181978
2.28135e-05
-0.000182026
-3.52422e-06
-1.83645e-05
-0.000184442
3.18113e-05
1.39058e-05
3.64312e-05
1.32501e-05
3.53616e-05
-4.64417e-06
3.2768e-05
-1.41569e-05
2.81762e-05
-1.89782e-05
2.30394e-05
-2.49871e-05
1.56866e-06
-1.67851e-05
-3.11601e-05
-9.82179e-06
-5.10533e-05
-1.87441e-05
-5.40905e-05
-3.08699e-05
-4.76574e-05
-1.71838e-05
-4.25787e-05
2.60015e-05
-4.25134e-05
6.22665e-05
-5.26333e-05
8.07313e-05
-8.40714e-05
9.11344e-05
-0.000137866
0.000106093
-0.000204662
0.000127464
-0.00024191
0.000120546
-0.00024567
0.000100633
-0.000244
6.46932e-05
-0.000243772
2.25853e-05
-0.000234453
-1.28426e-05
-2.62782e-05
-0.00022654
1.25502e-05
1.35563e-06
9.46626e-06
1.63341e-05
4.98152e-06
-1.59429e-07
2.87452e-06
-1.20499e-05
-6.32062e-06
-9.7831e-06
-4.1363e-05
1.00553e-05
-7.90247e-05
2.08766e-05
-0.000105981
1.71345e-05
-0.000124481
-2.44449e-07
-0.000148407
-6.94397e-06
-0.000169227
3.63658e-06
-0.00017173
2.85045e-05
-0.000182801
7.33373e-05
-0.000200657
9.85873e-05
-0.000225693
0.00011617
-0.000250995
0.000131395
-0.000260141
0.00013661
-0.0002675
0.000127905
-0.000265157
9.82908e-05
-0.000279154
7.86899e-05
-0.000301287
4.47187e-05
-0.000294144
-1.99858e-05
-5.04e-05
-0.000270022
-3.49519e-07
1.70515e-06
8.58662e-09
1.5976e-05
-3.73453e-06
3.58368e-06
-1.90061e-05
3.22169e-06
-5.77894e-05
2.90002e-05
-9.17122e-05
4.39781e-05
-0.000102499
3.16634e-05
-0.000114353
2.89882e-05
-0.000137705
2.31083e-05
-0.000197847
5.31979e-05
-0.000236512
4.23011e-05
-0.000244411
3.6404e-05
-0.000248881
7.78067e-05
-0.000257123
0.00010683
-0.000258502
0.000117549
-0.000256471
0.000129365
-0.000253549
0.000133688
-0.000250136
0.000124492
-0.00026072
0.000108875
-0.000281468
9.94377e-05
-0.000286287
4.9538e-05
-0.000288591
-1.76821e-05
-6.49696e-05
-0.000274021
-1.2356e-06
2.94076e-06
-7.35571e-06
2.20961e-05
-2.95574e-05
2.57854e-05
-7.51786e-05
4.88429e-05
-0.00010942
6.32418e-05
-0.000112277
4.68349e-05
-9.20605e-05
1.14469e-05
-0.000108872
4.58e-05
-0.000167101
8.13377e-05
-0.000271355
0.000157452
-0.00029043
6.13751e-05
-0.000270031
1.60055e-05
-0.000256524
6.42999e-05
-0.000248545
9.88498e-05
-0.000245279
0.000114283
-0.000237281
0.000121367
-0.000231276
0.000127683
-0.000268791
0.000162008
-0.000259462
9.95447e-05
-0.000248709
8.8685e-05
-0.000228857
2.96859e-05
-0.000242908
-3.63155e-06
-4.9859e-05
-0.000258018
1.40612e-06
1.53463e-06
-1.92038e-05
4.2706e-05
-6.32002e-05
6.97818e-05
-0.000104864
9.05072e-05
-0.000119495
7.78718e-05
-0.000121574
4.89148e-05
-0.000132511
2.2384e-05
-0.000142835
5.61232e-05
-0.000183501
0.000122004
-0.00024128
0.000215231
-0.000302961
0.000123058
-0.000292183
5.22655e-06
-0.000255423
2.75396e-05
-0.000227628
7.10553e-05
-0.000216591
0.000103246
-0.00020109
0.000105866
-0.000225495
0.000152087
-0.000249878
0.000186391
-0.00029651
0.000146177
-0.000276198
6.83729e-05
-0.000263232
1.67195e-05
-0.000241308
-2.55555e-05
-7.06974e-05
-0.00022047
-1.87424e-05
2.0277e-05
-5.5847e-05
7.98107e-05
-9.25275e-05
0.000106462
-0.000106109
0.000104089
-0.000106775
7.85372e-05
-0.000124672
6.68122e-05
-0.000164012
6.1724e-05
-0.00020145
9.3561e-05
-0.000190897
0.000111451
-0.00015594
0.000180274
-0.000180851
0.000147969
-0.000234947
5.93224e-05
-0.00024162
3.42126e-05
-0.00023384
6.32748e-05
-0.000209328
7.87341e-05
-0.000203895
0.000100433
-0.00021842
0.000166612
-0.000229449
0.00019742
-0.000250038
0.000166766
-0.000273739
9.20738e-05
-0.000318528
6.15087e-05
-0.000350892
6.80842e-06
-8.49779e-05
-0.000336611
-5.29018e-05
7.31788e-05
-8.49706e-05
0.000111879
-9.73879e-05
0.00011888
-0.00010286
0.000109561
-0.000134001
0.000109677
-0.000177715
0.000110526
-0.000186331
7.03402e-05
-0.000172547
7.97772e-05
-0.000155221
9.41243e-05
-0.00012445
0.000149503
-0.000124998
0.000148517
-0.000159751
9.40746e-05
-0.000186344
6.08064e-05
-0.000188385
6.53158e-05
-0.000193012
8.33608e-05
-0.000210772
0.000118193
-0.000216137
0.000171978
-0.000210371
0.000191654
-0.000215887
0.000172282
-0.000239774
0.000115961
-0.000251572
7.33067e-05
-0.000247315
2.55084e-06
-7.69425e-05
-0.00025535
-6.54691e-05
0.000138648
-8.50454e-05
0.000131456
-0.000108625
0.000142459
-0.000143158
0.000144094
-0.000191235
0.000157754
-0.000189372
0.000108663
-0.000192845
7.38135e-05
-0.000175744
6.2676e-05
-0.000150929
6.93099e-05
-0.000122305
0.000120879
-0.000116188
0.0001424
-0.000142263
0.000120149
-0.0001691
8.76433e-05
-0.000184457
8.06731e-05
-0.000191149
9.00525e-05
-0.000192915
0.000119959
-0.000182811
0.000161874
-0.000164733
0.000173576
-0.000150459
0.000158009
-0.000152366
0.000117867
-0.000148729
6.96695e-05
-0.000144164
-2.01382e-06
-8.96659e-05
-0.000131441
-4.86825e-05
0.00018733
-8.81646e-05
0.000170938
-0.000121491
0.000175786
-0.000163414
0.000186017
-0.000180728
0.000175068
-0.000169914
9.78494e-05
-0.000159504
6.34035e-05
-0.000145168
4.83402e-05
-0.000130396
5.4538e-05
-0.000106288
9.67713e-05
-9.98097e-05
0.000135921
-0.000121676
0.000142015
-0.000153298
0.000119265
-0.000170602
9.79766e-05
-0.000175782
9.52332e-05
-0.000165724
0.000109901
-0.000137112
0.000133262
-0.000105299
0.000141764
-7.70635e-05
0.000129773
-5.76572e-05
9.84612e-05
-4.21729e-05
5.41852e-05
-2.94476e-05
-1.47391e-05
-0.000103333
-1.57801e-05
-2.42902e-05
0.000211621
-9.45434e-05
0.000241191
-0.000136457
0.000217699
-0.000144106
0.000193665
-0.00011321
0.000144172
-9.21782e-05
7.68176e-05
-8.93477e-05
6.0573e-05
-0.000100389
5.93817e-05
-0.000109245
6.33938e-05
-8.98374e-05
7.73637e-05
-6.0262e-05
0.000106346
-4.93557e-05
0.000131109
-7.25157e-05
0.000142425
-0.000107031
0.000132492
-0.000126682
0.000114884
-0.000122934
0.000106152
-9.61831e-05
0.000106512
-5.78753e-05
0.000103456
-1.67329e-05
8.86303e-05
1.95242e-05
6.22041e-05
5.68447e-05
1.68648e-05
8.00114e-05
-3.79058e-05
-0.000112763
8.94407e-05
-0.000128163
0.000339784
-0.00014939
0.000262417
-0.000129502
0.000197811
-8.88395e-05
0.000153003
-3.89962e-05
9.43285e-05
-2.13066e-05
5.9128e-05
-1.94066e-05
5.86729e-05
-2.74978e-05
6.74729e-05
-4.36542e-05
7.95502e-05
-5.0432e-05
8.41416e-05
-3.57488e-05
9.16627e-05
-8.30685e-06
0.000103667
1.50894e-05
0.000119029
2.08326e-05
0.000126749
1.26335e-05
0.000123083
6.08878e-06
0.000112697
1.25829e-05
0.000100017
3.61644e-05
7.98745e-05
6.91286e-05
5.5666e-05
9.93993e-05
3.19334e-05
0.000127427
-1.11625e-05
0.000145491
-5.59702e-05
-0.00011026
0.000142988
-0.000115882
0.000455666
-0.000124129
0.000270663
-8.4135e-05
0.000157818
-3.31068e-05
0.000101974
-6.70781e-06
6.79295e-05
5.23375e-06
4.71864e-05
1.02941e-05
5.36126e-05
1.34755e-05
6.42916e-05
1.21725e-05
8.08532e-05
5.77099e-06
9.0543e-05
2.33835e-06
9.50954e-05
1.23272e-05
9.36782e-05
3.51117e-05
9.62445e-05
6.20278e-05
9.98329e-05
8.16521e-05
0.000103459
9.75307e-05
9.68184e-05
0.000109134
8.84139e-05
0.00012227
6.67387e-05
0.000136279
4.16565e-05
0.000153624
1.4589e-05
0.000169509
-2.70473e-05
0.000174153
-6.06147e-05
-0.000101126
0.00016502
-4.68835e-05
0.00050255
-2.30622e-05
0.000246842
-2.21712e-05
0.000156927
5.81038e-06
7.39928e-05
1.48385e-05
5.89014e-05
1.79688e-05
4.40562e-05
2.3918e-05
4.76633e-05
3.20284e-05
5.61812e-05
4.07911e-05
7.20905e-05
4.36895e-05
8.76446e-05
4.31985e-05
9.55864e-05
4.45264e-05
9.23503e-05
5.32329e-05
8.7538e-05
7.09236e-05
8.21422e-05
9.28902e-05
8.14921e-05
0.00011609
7.36187e-05
0.000137084
6.74195e-05
0.000151025
5.27985e-05
0.000160192
3.24891e-05
0.00016822
6.56066e-06
0.000173177
-3.20036e-05
0.000174248
-6.16864e-05
-9.3643e-05
0.000166765
5.51888e-06
0.000497031
2.12694e-05
0.000231091
2.80821e-05
0.000150114
2.42264e-05
7.78485e-05
2.91537e-05
5.39741e-05
3.04199e-05
4.27899e-05
3.44031e-05
4.36801e-05
4.13264e-05
4.92579e-05
5.23194e-05
6.10975e-05
6.16601e-05
7.83039e-05
6.71831e-05
9.00634e-05
7.01286e-05
8.94049e-05
7.5614e-05
8.20525e-05
8.56644e-05
7.20918e-05
0.000100743
6.64139e-05
0.00011602
5.83409e-05
0.00013364
4.97995e-05
0.000147903
3.85355e-05
0.000157318
2.30747e-05
0.000161544
2.33469e-06
0.000158775
-2.92353e-05
0.000153958
-5.68686e-05
-7.81657e-05
0.00013848
6.72067e-05
0.000429825
5.29308e-05
0.000245367
5.38605e-05
0.000149184
4.37059e-05
8.8003e-05
4.23934e-05
5.52866e-05
4.23388e-05
4.28445e-05
4.41402e-05
4.18787e-05
4.7685e-05
4.57131e-05
5.5485e-05
5.32975e-05
6.65461e-05
6.72429e-05
7.59037e-05
8.07058e-05
8.2348e-05
8.29605e-05
8.88577e-05
7.55428e-05
9.57856e-05
6.5164e-05
0.000105573
5.66263e-05
0.000113829
5.00848e-05
0.000123269
4.03602e-05
0.000134195
2.76093e-05
0.00014085
1.64191e-05
0.000144688
-1.5032e-06
0.00014146
-2.60069e-05
0.000131477
-4.68858e-05
-6.30774e-05
0.000116389
7.50816e-05
0.000354743
7.25819e-05
0.000247867
6.50595e-05
0.000156707
5.85298e-05
9.45327e-05
5.56581e-05
5.81583e-05
5.36579e-05
4.48446e-05
5.28525e-05
4.26841e-05
5.32893e-05
4.52763e-05
5.59079e-05
5.06789e-05
6.42974e-05
5.88534e-05
7.51765e-05
6.98266e-05
8.46915e-05
7.34455e-05
9.21861e-05
6.80483e-05
9.79774e-05
5.93726e-05
0.000103644
5.09602e-05
0.000108898
4.48304e-05
0.000114712
3.45463e-05
0.000119954
2.23667e-05
0.000124018
1.23559e-05
0.000127101
-4.58606e-06
0.000123786
-2.2692e-05
0.000115888
-3.89884e-05
-5.20179e-05
0.000104829
6.13444e-05
0.000293399
7.4045e-05
0.000235166
7.41601e-05
0.000156592
7.19387e-05
9.67541e-05
6.77932e-05
6.23038e-05
6.3515e-05
4.91228e-05
6.00659e-05
4.61332e-05
5.79895e-05
4.73526e-05
5.78925e-05
5.07759e-05
6.19398e-05
5.48061e-05
7.07222e-05
6.10443e-05
8.08892e-05
6.32785e-05
8.87563e-05
6.01811e-05
9.42678e-05
5.38612e-05
9.82561e-05
4.69719e-05
0.000102821
4.02652e-05
0.000107195
3.01724e-05
0.000110057
1.95049e-05
0.000113432
8.98073e-06
0.000114448
-5.60168e-06
0.000110678
-1.89222e-05
0.000103874
-3.21842e-05
-4.32761e-05
9.51319e-05
5.13769e-05
0.000242022
7.50751e-05
0.000211468
8.21868e-05
0.00014948
8.11496e-05
9.77913e-05
7.58159e-05
6.76375e-05
6.96523e-05
5.52865e-05
6.44831e-05
5.13024e-05
6.11111e-05
5.07247e-05
6.00422e-05
5.18448e-05
6.17828e-05
5.30656e-05
6.75614e-05
5.52657e-05
7.52344e-05
5.56055e-05
8.19734e-05
5.34421e-05
8.72735e-05
4.8561e-05
9.13586e-05
4.28868e-05
9.57664e-05
3.58574e-05
9.93452e-05
2.65936e-05
0.000101647
1.72031e-05
0.000103426
7.20178e-06
0.000102744
-4.91996e-06
9.91931e-05
-1.53711e-05
9.34617e-05
-2.64528e-05
-3.5682e-05
8.58677e-05
4.42757e-05
0.000197746
7.25307e-05
0.000183213
8.31807e-05
0.00013883
8.28858e-05
9.80862e-05
7.74613e-05
7.3062e-05
7.07497e-05
6.1998e-05
6.53874e-05
5.66647e-05
6.19439e-05
5.41681e-05
6.07763e-05
5.30124e-05
6.16936e-05
5.21482e-05
6.51098e-05
5.18496e-05
7.00808e-05
5.06345e-05
7.53353e-05
4.81877e-05
8.00331e-05
4.38632e-05
8.4134e-05
3.87859e-05
8.80093e-05
3.1982e-05
9.07743e-05
2.38286e-05
9.25763e-05
1.54011e-05
9.33304e-05
6.44774e-06
9.18563e-05
-3.44588e-06
8.89028e-05
-1.24176e-05
8.41791e-05
-2.17291e-05
-2.93753e-05
7.78724e-05
3.61141e-05
0.000161632
6.22634e-05
0.000157064
7.52321e-05
0.000125861
7.69376e-05
9.63807e-05
7.24294e-05
7.75703e-05
6.7177e-05
6.72503e-05
6.31186e-05
6.07231e-05
6.06389e-05
5.66478e-05
5.97946e-05
5.38568e-05
6.03243e-05
5.16185e-05
6.24879e-05
4.9686e-05
6.58083e-05
4.73141e-05
6.97127e-05
4.42832e-05
7.35986e-05
3.99773e-05
7.72683e-05
3.51162e-05
8.04337e-05
2.88167e-05
8.24923e-05
2.177e-05
8.37096e-05
1.41837e-05
8.37707e-05
6.38661e-06
8.23136e-05
-1.98879e-06
7.99674e-05
-1.00714e-05
7.61364e-05
-1.7898e-05
-2.43713e-05
7.11324e-05
2.67794e-05
0.000134853
4.93334e-05
0.00013451
6.16323e-05
0.000113563
6.48562e-05
9.31568e-05
6.34588e-05
7.89677e-05
6.10982e-05
6.96109e-05
5.90009e-05
6.28204e-05
5.77086e-05
5.79401e-05
5.74363e-05
5.41291e-05
5.81193e-05
5.09354e-05
5.97786e-05
4.80266e-05
6.2158e-05
4.49347e-05
6.50458e-05
4.13954e-05
6.79702e-05
3.70529e-05
7.08173e-05
3.22691e-05
7.31528e-05
2.64811e-05
7.47851e-05
2.01377e-05
7.56923e-05
1.32765e-05
7.56028e-05
6.47614e-06
7.44551e-05
-8.41131e-07
7.2443e-05
-8.05928e-06
6.92186e-05
-1.46736e-05
-2.04559e-05
6.53032e-05
1.91626e-05
0.00011569
3.74374e-05
0.000116235
4.87863e-05
0.000102214
5.33273e-05
8.86158e-05
5.44214e-05
7.78735e-05
5.43084e-05
6.97238e-05
5.39133e-05
6.32156e-05
5.37661e-05
5.80873e-05
5.41008e-05
5.37944e-05
5.50254e-05
5.00109e-05
5.64916e-05
4.65604e-05
5.84254e-05
4.30009e-05
6.07009e-05
3.912e-05
6.29553e-05
3.47985e-05
6.51597e-05
3.00648e-05
6.69328e-05
2.4708e-05
6.81122e-05
1.89583e-05
6.85786e-05
1.28101e-05
6.83801e-05
6.67467e-06
6.73513e-05
1.8766e-07
6.54931e-05
-6.20102e-06
6.29723e-05
-1.21528e-05
-1.74701e-05
5.99865e-05
1.40761e-05
0.000101614
2.85269e-05
0.000101784
3.82853e-05
9.24552e-05
4.35865e-05
8.33146e-05
4.63011e-05
7.51589e-05
4.77532e-05
6.82717e-05
4.86266e-05
6.23422e-05
4.93829e-05
5.73309e-05
5.02714e-05
5.29059e-05
5.14289e-05
4.88534e-05
5.28727e-05
4.51166e-05
5.45456e-05
4.1328e-05
5.63392e-05
3.73263e-05
5.80998e-05
3.30379e-05
5.97286e-05
2.8436e-05
6.10117e-05
2.34248e-05
6.18656e-05
1.81045e-05
6.22037e-05
1.24719e-05
6.19982e-05
6.88018e-06
6.10891e-05
1.09681e-06
5.95673e-05
-4.67925e-06
5.73963e-05
-9.98177e-06
-1.49823e-05
5.49084e-05
1.08451e-05
9.07691e-05
2.21042e-05
9.05251e-05
3.03484e-05
8.4211e-05
3.58129e-05
7.78501e-05
3.93552e-05
7.16166e-05
4.17403e-05
6.58866e-05
4.34459e-05
6.06366e-05
4.48426e-05
5.59343e-05
4.61557e-05
5.15928e-05
4.74886e-05
4.75205e-05
4.89362e-05
4.3669e-05
5.04478e-05
3.98165e-05
5.19808e-05
3.57933e-05
5.34295e-05
3.15892e-05
5.47317e-05
2.71338e-05
5.57442e-05
2.24123e-05
5.63652e-05
1.74834e-05
5.65053e-05
1.23318e-05
5.62036e-05
7.18185e-06
5.53652e-05
1.93524e-06
5.40083e-05
-3.32235e-06
5.2265e-05
-8.23848e-06
-1.2925e-05
5.02077e-05
8.66897e-06
8.21002e-05
1.75238e-05
8.16702e-05
2.45223e-05
7.72126e-05
2.97642e-05
7.26082e-05
3.36078e-05
6.7773e-05
3.64685e-05
6.30259e-05
3.8657e-05
5.8448e-05
4.04538e-05
5.41375e-05
4.20299e-05
5.00166e-05
4.34912e-05
4.60592e-05
4.49272e-05
4.22329e-05
4.63344e-05
3.84093e-05
4.76658e-05
3.44619e-05
4.8886e-05
3.0369e-05
4.99182e-05
2.61016e-05
5.06822e-05
2.16483e-05
5.11245e-05
1.70412e-05
5.11907e-05
1.22656e-05
5.09019e-05
7.4707e-06
5.01957e-05
2.64145e-06
4.90583e-05
-2.18497e-06
4.75473e-05
-6.72741e-06
-1.11329e-05
4.57552e-05
7.09339e-06
7.50068e-05
1.42362e-05
7.45274e-05
2.01967e-05
7.12521e-05
2.50269e-05
6.7778e-05
2.88463e-05
6.39536e-05
3.18696e-05
6.00027e-05
3.42884e-05
5.60292e-05
3.62988e-05
5.21271e-05
3.80221e-05
4.82934e-05
3.95573e-05
4.45241e-05
4.09862e-05
4.08041e-05
4.23119e-05
3.70835e-05
4.35109e-05
3.3263e-05
4.45666e-05
2.93132e-05
4.5416e-05
2.52523e-05
4.60229e-05
2.10414e-05
4.63548e-05
1.67093e-05
4.63696e-05
1.22509e-05
4.60522e-05
7.78813e-06
4.53888e-05
3.30483e-06
4.43815e-05
-1.17772e-06
4.30948e-05
-5.44062e-06
-9.58667e-06
4.15486e-05
5.89594e-06
6.91108e-05
1.17756e-05
6.86477e-05
1.6891e-05
6.61366e-05
2.12468e-05
6.34222e-05
2.48691e-05
6.03313e-05
2.7864e-05
5.70077e-05
3.0345e-05
5.35482e-05
3.24314e-05
5.00407e-05
3.42145e-05
4.65103e-05
3.57701e-05
4.29684e-05
3.71634e-05
3.94108e-05
3.84124e-05
3.58344e-05
3.95061e-05
3.21693e-05
4.04282e-05
2.83911e-05
4.11538e-05
2.45267e-05
4.1653e-05
2.05422e-05
4.19086e-05
1.64536e-05
4.18777e-05
1.22818e-05
4.15685e-05
8.09726e-06
4.09663e-05
3.90713e-06
4.00637e-05
-2.75142e-07
3.89164e-05
-4.2933e-06
-8.21949e-06
3.75492e-05
4.95819e-06
6.41527e-05
9.88146e-06
6.37245e-05
1.42983e-05
6.17198e-05
1.81847e-05
5.95358e-05
2.15297e-05
5.69862e-05
2.43829e-05
5.41546e-05
2.68065e-05
5.11246e-05
2.88738e-05
4.79734e-05
3.06479e-05
4.47361e-05
3.21812e-05
4.14351e-05
3.3516e-05
3.8076e-05
3.46801e-05
3.46704e-05
3.56694e-05
3.118e-05
3.64784e-05
2.7582e-05
3.70982e-05
2.39069e-05
3.75094e-05
2.0131e-05
3.77027e-05
1.62603e-05
3.76526e-05
1.2332e-05
3.73487e-05
8.40118e-06
3.67894e-05
4.46645e-06
3.59644e-05
5.49788e-07
3.49545e-05
-3.28331e-06
-7.00509e-06
3.37401e-05
4.2015e-06
5.99511e-05
8.37197e-06
5.9554e-05
1.21964e-05
5.78953e-05
1.56402e-05
5.6092e-05
1.86807e-05
5.39458e-05
2.13341e-05
5.15012e-05
2.36296e-05
4.8829e-05
2.56099e-05
4.59931e-05
2.73137e-05
4.30323e-05
2.87843e-05
3.99645e-05
3.00443e-05
3.6816e-05
3.11262e-05
3.35885e-05
3.20323e-05
3.02739e-05
3.27573e-05
2.68571e-05
3.32972e-05
2.3367e-05
3.3638e-05
1.97902e-05
3.376e-05
1.61383e-05
3.36616e-05
1.24304e-05
3.33545e-05
8.70829e-06
3.28388e-05
4.98219e-06
3.21043e-05
1.28425e-06
3.11933e-05
-2.37227e-06
-5.91282e-06
3.0101e-05
3.5778e-06
5.63733e-05
7.14005e-06
5.59918e-05
1.04557e-05
5.45797e-05
1.34921e-05
5.30557e-05
1.62226e-05
5.12152e-05
1.86427e-05
4.90811e-05
2.07651e-05
4.67067e-05
2.26149e-05
4.41433e-05
2.42135e-05
4.14338e-05
2.55882e-05
3.85897e-05
2.67644e-05
3.56398e-05
2.77592e-05
3.25937e-05
2.85788e-05
2.94543e-05
2.92179e-05
2.6218e-05
2.96802e-05
2.29048e-05
2.99566e-05
1.95137e-05
3.00475e-05
1.60474e-05
2.99397e-05
1.25382e-05
2.96275e-05
9.02048e-06
2.91225e-05
5.48726e-06
2.84384e-05
1.96836e-06
2.7596e-05
-1.52987e-06
-4.92685e-06
2.661e-05
3.05947e-06
5.33139e-05
6.11702e-06
5.29342e-05
8.99862e-06
5.16981e-05
1.16624e-05
5.0392e-05
1.4086e-05
4.87916e-05
1.62599e-05
4.69071e-05
1.81832e-05
4.47834e-05
1.98635e-05
4.2463e-05
2.13225e-05
3.99748e-05
2.25718e-05
3.73404e-05
2.36306e-05
3.4581e-05
2.45081e-05
3.17163e-05
2.52204e-05
2.8742e-05
2.57717e-05
2.56667e-05
2.61655e-05
2.2511e-05
2.63953e-05
1.92839e-05
2.64501e-05
1.59926e-05
2.63277e-05
1.26606e-05
2.60452e-05
9.30297e-06
2.55887e-05
5.94373e-06
2.49531e-05
2.60402e-06
2.41732e-05
-7.49968e-07
-4.01202e-06
2.32583e-05
2.62089e-06
5.0693e-05
5.23934e-06
5.03157e-05
7.7193e-06
4.92181e-05
1.00384e-05
4.80728e-05
1.21728e-05
4.66573e-05
1.41071e-05
4.49728e-05
1.58346e-05
4.30559e-05
1.7358e-05
4.09396e-05
1.86917e-05
3.86411e-05
1.98363e-05
3.61959e-05
2.08029e-05
3.36143e-05
2.16032e-05
3.09161e-05
2.22358e-05
2.81093e-05
2.2698e-05
2.52045e-05
2.29931e-05
2.22159e-05
2.31226e-05
1.91544e-05
2.30867e-05
1.60285e-05
2.29067e-05
1.28407e-05
2.25837e-05
9.6259e-06
2.21304e-05
6.39704e-06
2.15608e-05
3.17366e-06
2.08544e-05
-4.35285e-08
-3.1775e-06
2.00198e-05
2.23011e-06
4.84629e-05
4.48611e-06
4.80597e-05
6.64321e-06
4.7061e-05
8.66344e-06
4.60526e-05
1.05311e-05
4.47896e-05
1.2233e-05
4.32709e-05
1.37613e-05
4.15275e-05
1.51124e-05
3.95885e-05
1.62834e-05
3.74701e-05
1.7282e-05
3.51972e-05
1.81135e-05
3.27829e-05
1.87852e-05
3.02444e-05
1.93094e-05
2.7585e-05
1.96938e-05
2.48201e-05
1.99362e-05
2.19736e-05
2.00397e-05
1.90509e-05
2.00008e-05
1.60673e-05
1.9799e-05
1.30425e-05
1.94359e-05
9.989e-06
1.8938e-05
6.89489e-06
1.83266e-05
3.78511e-06
1.7618e-05
6.65052e-07
-2.41217e-06
1.68527e-05
1.91635e-06
4.65465e-05
3.80671e-06
4.61694e-05
5.6039e-06
4.52638e-05
7.29258e-06
4.43639e-05
8.86519e-06
4.3217e-05
1.03126e-05
4.18234e-05
1.16337e-05
4.02065e-05
1.2828e-05
3.83942e-05
1.38884e-05
3.64097e-05
1.48053e-05
3.42803e-05
1.55706e-05
3.20175e-05
1.61826e-05
2.96324e-05
1.66407e-05
2.7127e-05
1.69513e-05
2.45095e-05
1.71091e-05
2.18158e-05
1.71261e-05
1.90338e-05
1.70142e-05
1.61793e-05
1.67785e-05
1.32782e-05
1.64324e-05
1.03351e-05
1.5959e-05
7.36827e-06
1.53499e-05
4.39421e-06
1.46255e-05
1.38944e-06
-1.61258e-06
1.38259e-05
1.62868e-06
4.49178e-05
3.24439e-06
4.45537e-05
4.81058e-06
4.36976e-05
6.2983e-06
4.28762e-05
7.69072e-06
4.18246e-05
8.97223e-06
4.05419e-05
1.0138e-05
3.90407e-05
1.11825e-05
3.73497e-05
1.21023e-05
3.549e-05
1.28934e-05
3.34892e-05
1.35464e-05
3.13645e-05
1.40611e-05
2.91176e-05
1.4435e-05
2.67531e-05
1.46583e-05
2.42862e-05
1.47416e-05
2.17326e-05
1.46823e-05
1.90932e-05
1.44849e-05
1.63766e-05
1.41565e-05
1.36066e-05
1.37107e-05
1.07809e-05
1.31636e-05
7.9153e-06
1.25305e-05
5.02737e-06
1.17907e-05
2.12918e-06
-8.00415e-07
1.09786e-05
1.35909e-06
4.35588e-05
2.6159e-06
4.32969e-05
3.75523e-06
4.25583e-05
4.8265e-06
4.18049e-05
5.83495e-06
4.08162e-05
6.75899e-06
3.96179e-05
7.59309e-06
3.82066e-05
8.33289e-06
3.66099e-05
8.97544e-06
3.48474e-05
9.52764e-06
3.2937e-05
9.99113e-06
3.0901e-05
1.03654e-05
2.87433e-05
1.06455e-05
2.6473e-05
1.08315e-05
2.41002e-05
1.09293e-05
2.16348e-05
1.09335e-05
1.90889e-05
1.08391e-05
1.6471e-05
1.06462e-05
1.37995e-05
1.03503e-05
1.10768e-05
9.94388e-06
8.32169e-06
9.42507e-06
5.54617e-06
8.80265e-06
2.7516e-06
-2.00541e-08
8.02229e-06
1.15858e-06
4.24002e-05
2.12658e-06
4.23289e-05
3.01233e-06
4.16725e-05
3.84484e-06
4.09724e-05
4.61547e-06
4.00455e-05
5.31847e-06
3.89149e-05
5.94872e-06
3.75764e-05
6.50116e-06
3.60575e-05
6.97637e-06
3.43722e-05
7.37868e-06
3.25347e-05
7.71333e-06
3.05664e-05
7.97435e-06
2.84823e-05
8.15796e-06
2.62894e-05
8.26685e-06
2.39913e-05
8.29856e-06
2.16031e-05
8.24833e-06
1.91391e-05
8.11395e-06
1.66054e-05
7.88889e-06
1.40246e-05
7.56934e-06
1.13963e-05
7.15257e-06
8.73845e-06
6.62359e-06
6.07513e-06
5.95063e-06
3.42456e-06
7.41558e-07
5.189e-06
5.39932e-07
8.06633e-07
1.0236e-06
1.25924e-06
1.47906e-06
1.67881e-06
1.84147e-06
1.96672e-06
2.05517e-06
2.10885e-06
2.1318e-06
2.12483e-06
2.08687e-06
2.01845e-06
1.92062e-06
1.79592e-06
1.64387e-06
1.47337e-06
1.28325e-06
1.08113e-06
8.78407e-07
6.99527e-07
5.63857e-07
-3.14712e-05
-2.55775e-05
-1.05852e-05
-2.0886e-05
8.61664e-06
-1.92018e-05
-1.88791e-05
2.74958e-05
-5.89052e-05
-1.30319e-05
-6.6428e-05
-1.33633e-05
-7.24528e-05
-1.3177e-05
-1.18465e-05
-7.94853e-05
-0.000121498
-1.11569e-05
-0.000123592
-1.127e-05
-0.000126552
-1.02167e-05
-8.23403e-06
-0.000130165
-0.000184705
-1.08935e-05
-0.000184723
-1.12518e-05
-0.000184069
-1.08708e-05
-9.48497e-06
-0.000182818
-0.000223138
-1.42953e-05
-0.000218285
-1.61044e-05
-0.000213708
-1.54482e-05
-1.47235e-05
-0.000208469
-0.000259758
-2.45591e-05
-0.000248619
-2.72435e-05
-0.000237057
-2.70105e-05
-2.56453e-05
-0.000226135
-0.000264878
-3.37023e-05
-0.000256853
-3.52682e-05
-0.000248015
-3.58493e-05
-3.76877e-05
-0.000235972
-0.000255669
-3.60512e-05
-0.0002502
-4.07375e-05
-0.000239113
-4.69365e-05
-4.58994e-05
-0.000230901
-0.00021462
-4.1901e-05
-0.000216225
-3.91327e-05
-0.000219617
-4.35439e-05
-4.12052e-05
-0.000224311
-0.000329301
-4.92112e-05
-0.000315771
-5.26622e-05
-0.000300856
-5.84588e-05
-5.83614e-05
-0.0002837
-0.000249932
-5.4629e-05
-0.0002408
-6.17942e-05
-0.000228968
-7.02911e-05
-7.39577e-05
-0.000213372
-0.000120268
-6.58011e-05
-0.000106588
-7.54743e-05
-9.1252e-05
-8.56272e-05
-9.05502e-05
-7.46594e-05
-1.09275e-05
-7.06537e-05
-5.62558e-06
-8.07761e-05
-2.44859e-06
-8.88041e-05
-9.28189e-05
-1.79809e-07
8.91583e-05
-7.03713e-05
8.70394e-05
-7.86572e-05
8.26324e-05
-8.4397e-05
-8.68505e-05
7.66641e-05
0.000138397
-6.57796e-05
0.000130894
-7.11547e-05
0.000122379
-7.5882e-05
-7.77862e-05
0.000113315
0.000158316
-5.90762e-05
0.000150449
-6.32873e-05
0.000141796
-6.72285e-05
-6.82187e-05
0.000132228
0.000158204
-5.05152e-05
0.000148598
-5.36812e-05
0.000137019
-5.56503e-05
-5.62071e-05
0.000125008
0.000128307
-4.03417e-05
0.000117673
-4.30468e-05
0.000106627
-4.46042e-05
-4.61225e-05
9.6542e-05
0.000108919
-3.28715e-05
0.0001018
-3.59284e-05
9.47073e-05
-3.75111e-05
-3.98202e-05
8.8405e-05
9.96714e-05
-2.77141e-05
9.36436e-05
-2.99006e-05
8.74367e-05
-3.13041e-05
-3.27794e-05
8.03959e-05
9.05493e-05
-2.31315e-05
8.53401e-05
-2.46914e-05
8.00019e-05
-2.59659e-05
-2.67777e-05
7.40002e-05
8.18349e-05
-1.90987e-05
7.76463e-05
-2.05028e-05
7.32603e-05
-2.15799e-05
-2.25031e-05
6.89857e-05
7.47721e-05
-1.59985e-05
7.14547e-05
-1.71854e-05
6.81963e-05
-1.83214e-05
-1.91723e-05
6.48655e-05
6.86544e-05
-1.35205e-05
6.61002e-05
-1.46311e-05
6.35616e-05
-1.57829e-05
-1.66609e-05
6.10502e-05
6.33554e-05
-1.15727e-05
6.13798e-05
-1.26556e-05
5.93457e-05
-1.37488e-05
-1.46488e-05
5.73336e-05
5.84291e-05
-1.00153e-05
5.68234e-05
-1.10498e-05
5.51456e-05
-1.2071e-05
-1.2968e-05
5.34648e-05
5.36264e-05
-8.73322e-06
5.22945e-05
-9.71799e-06
5.09076e-05
-1.06841e-05
-1.15634e-05
4.9503e-05
4.91194e-05
-7.64487e-06
4.79845e-05
-8.58306e-06
4.68005e-05
-9.50007e-06
-1.03531e-05
4.55902e-05
4.48226e-05
-6.7123e-06
4.38418e-05
-7.60222e-06
4.28217e-05
-8.47999e-06
-9.31072e-06
4.17793e-05
4.07369e-05
-5.90067e-06
3.98857e-05
-6.751e-06
3.89977e-05
-7.59198e-06
-8.39635e-06
3.80833e-05
3.68361e-05
-5.18753e-06
3.60882e-05
-6.00316e-06
3.5307e-05
-6.81068e-06
-7.58912e-06
3.44997e-05
3.31078e-05
-4.55528e-06
3.24427e-05
-5.33801e-06
3.17467e-05
-6.11469e-06
-6.86819e-06
3.10257e-05
2.95328e-05
-3.98707e-06
2.89374e-05
-4.74262e-06
2.83133e-05
-5.49056e-06
-6.22029e-06
2.76654e-05
2.60973e-05
-3.47431e-06
2.55595e-05
-4.20482e-06
2.49955e-05
-4.92652e-06
-5.63412e-06
2.44093e-05
2.27897e-05
-3.00566e-06
2.22986e-05
-3.71378e-06
2.17846e-05
-4.41244e-06
-5.10135e-06
2.12518e-05
1.95902e-05
-2.57597e-06
1.91393e-05
-3.2629e-06
1.86683e-05
-3.94148e-06
-4.6138e-06
1.81808e-05
1.64619e-05
-2.18519e-06
1.60516e-05
-2.85261e-06
1.56229e-05
-3.51279e-06
-4.16858e-06
1.51777e-05
1.34399e-05
-1.7991e-06
1.30456e-05
-2.45835e-06
1.26447e-05
-3.11193e-06
-3.75835e-06
1.22345e-05
1.05721e-05
-1.39262e-06
1.01632e-05
-2.0495e-06
9.75587e-06
-2.70456e-06
-3.35757e-06
9.35508e-06
7.65948e-06
-1.0298e-06
7.2861e-06
-1.67611e-06
6.90582e-06
-2.32428e-06
-2.97022e-06
6.51847e-06
4.80552e-06
-6.4632e-07
4.41158e-06
-1.28219e-06
4.02684e-06
-1.93955e-06
-2.61469e-06
3.6713e-06
5.32088e-07
5.54047e-07
6.35447e-07
7.78378e-07
3.59902e-06
-2.52956e-05
-2.64058e-05
2.13915e-05
-4.5831e-05
2.21673e-05
-5.27809e-05
2.91806e-05
-5.30492e-05
2.81744e-05
-4.69608e-05
1.53555e-05
-3.51696e-05
-4.34186e-06
-1.86859e-05
-1.10098e-05
1.01203e-05
-4.95675e-07
2.86661e-05
2.15691e-05
2.66845e-05
3.8251e-05
8.86794e-06
4.3779e-05
-2.39494e-05
3.37399e-05
-4.74155e-05
1.13411e-05
-6.23044e-05
3.5201e-06
-5.9476e-05
-2.0031e-05
-3.99525e-05
-4.70047e-05
-1.82808e-05
-6.7673e-05
-6.51223e-05
-8.5378e-05
-1.94029e-05
-7.9213e-05
1.52265e-05
-8.44971e-05
2.74514e-05
-8.21342e-05
2.68177e-05
-7.0045e-05
1.60852e-05
-5.47168e-05
2.73058e-08
-4.27803e-05
-1.62783e-05
-2.90633e-05
-2.47267e-05
-8.93289e-06
-2.06261e-05
1.67555e-05
-4.11932e-06
2.94582e-05
2.55483e-05
2.66359e-05
4.66013e-05
1.43453e-05
4.60306e-05
-5.23586e-06
3.09223e-05
-1.32921e-05
1.15764e-05
-1.00568e-05
-2.32663e-05
-6.61096e-06
-5.04505e-05
-3.10826e-06
-7.11757e-05
-6.82306e-05
-0.000139398
-1.01696e-05
-0.000134887
1.07159e-05
-0.000124342
1.69063e-05
-0.000103715
6.19094e-06
-7.75651e-05
-1.00652e-05
-5.56069e-05
-2.19309e-05
-4.00726e-05
-3.18127e-05
-2.93298e-05
-3.54696e-05
-1.84963e-05
-3.14595e-05
-2.49035e-06
-2.01253e-05
1.72262e-05
5.83171e-06
2.3689e-05
4.01385e-05
2.51784e-05
4.45411e-05
1.81449e-05
3.79558e-05
1.69934e-05
1.27278e-05
2.63499e-05
-3.26228e-05
2.57731e-05
-4.98738e-05
1.36927e-05
-5.90953e-05
-5.45379e-05
-0.000177139
-1.58491e-05
-0.00016144
-4.98317e-06
-0.000137127
-7.40608e-06
-0.00011057
-2.03665e-05
-8.62017e-05
-3.44333e-05
-6.71505e-05
-4.09821e-05
-5.54868e-05
-4.34763e-05
-4.66114e-05
-4.43449e-05
-3.60204e-05
-4.20505e-05
-2.39806e-05
-3.21651e-05
-7.09941e-06
-1.10495e-05
9.47508e-06
2.3564e-05
1.83853e-05
3.56309e-05
2.09058e-05
3.54353e-05
2.81352e-05
5.49843e-06
3.72309e-05
-4.17184e-05
3.75798e-05
-5.02227e-05
2.10555e-05
-4.2571e-05
-3.34824e-05
-0.000192067
-3.22509e-05
-0.000171153
-2.58979e-05
-0.000149734
-2.88247e-05
-0.000130881
-3.92192e-05
-0.000113589
-5.17254e-05
-9.99582e-05
-5.46131e-05
-8.87468e-05
-5.46878e-05
-7.9504e-05
-5.35877e-05
-6.90451e-05
-5.25094e-05
-5.68275e-05
-4.43827e-05
-3.98029e-05
-2.8074e-05
-1.911e-05
2.87113e-06
-1.11962e-06
1.76405e-05
1.61999e-05
1.81159e-05
3.37506e-05
-1.20523e-05
4.67466e-05
-5.47143e-05
4.47544e-05
-4.82305e-05
2.35694e-05
-2.1386e-05
-9.91304e-06
-0.000204141
-5.42452e-05
-0.000181945
-4.80939e-05
-0.000160889
-4.98812e-05
-0.000144117
-5.5991e-05
-0.000125406
-7.04359e-05
-0.000110393
-6.9626e-05
-9.7559e-05
-6.75222e-05
-8.89349e-05
-6.22118e-05
-8.15581e-05
-5.98863e-05
-7.41256e-05
-5.18152e-05
-6.22657e-05
-3.99339e-05
-3.90385e-05
-2.0356e-05
-1.12821e-05
-1.0116e-05
2.25442e-05
-1.57104e-05
4.63545e-05
-3.58626e-05
4.70449e-05
-5.54048e-05
1.04744e-05
-1.166e-05
-1.18593e-05
9.47693e-07
-2.17723e-05
-0.000207101
-8.31161e-05
-0.000179909
-7.52859e-05
-0.000151903
-7.7888e-05
-0.000130541
-7.73531e-05
-0.000115474
-8.55021e-05
-0.000104215
-8.08857e-05
-9.21013e-05
-7.96359e-05
-8.31156e-05
-7.11975e-05
-7.36305e-05
-6.93714e-05
-6.38584e-05
-6.15874e-05
-5.22248e-05
-5.15676e-05
-3.36732e-05
-3.89077e-05
-7.37358e-06
-3.64156e-05
1.8068e-05
-4.11519e-05
1.35836e-05
-3.13784e-05
4.31699e-06
-4.61382e-05
-5.31394e-05
4.57965e-05
-4.57582e-05
-6.43351e-06
-6.75305e-05
-0.000210753
-0.000103265
-0.000184534
-0.000101505
-0.000153387
-0.000109035
-0.000124917
-0.000105824
-8.20581e-05
-0.000128361
-8.5692e-05
-7.72519e-05
-9.14014e-05
-7.39265e-05
-8.98017e-05
-7.27974e-05
-9.63886e-05
-6.27846e-05
-8.4778e-05
-7.31982e-05
-6.92175e-05
-6.71281e-05
-5.50874e-05
-5.3038e-05
-4.70596e-05
-4.44435e-05
-8.92612e-05
1.04966e-06
-0.000199605
7.89649e-05
-0.000199435
-4.63075e-05
-7.60733e-05
-7.75656e-05
-1.65787e-05
-6.59281e-05
-8.41091e-05
-0.000220621
-0.000106955
-0.000220466
-0.00010166
-0.000229519
-9.99824e-05
-0.000234009
-0.000101333
-0.000264927
-9.7443e-05
-0.000265557
-7.6621e-05
-0.000266202
-7.32824e-05
-0.000283298
-5.57018e-05
-0.000314058
-3.2024e-05
-0.000353158
-3.40982e-05
-0.000374056
-4.62308e-05
-0.00034624
-8.08541e-05
-0.000294459
-9.62242e-05
-0.000211092
-8.23173e-05
-0.000100385
-3.17423e-05
-7.53684e-05
-7.13239e-05
-4.76374e-05
-0.000105297
-2.32034e-05
-9.03621e-05
-0.000107313
-0.000248153
-0.000142502
-0.00022882
-0.000120994
-0.000231596
-9.72065e-05
-0.000249571
-8.33581e-05
-0.000262848
-8.41655e-05
-0.000258194
-8.12746e-05
-0.000259613
-7.18639e-05
-0.000259313
-5.6002e-05
-0.00025199
-3.93476e-05
-0.000255599
-3.04886e-05
-0.000258291
-4.35386e-05
-0.000247687
-9.14584e-05
-0.000227136
-0.000116775
-0.000198418
-0.000111036
-0.000132153
-9.8007e-05
-7.36109e-05
-0.000129866
-4.16836e-05
-0.000137224
-1.47277e-05
-0.000117318
-0.00012204
-0.000172184
-0.000183689
-0.000135779
-0.000157399
-0.00010989
-0.000123095
-9.58638e-05
-9.73845e-05
-9.97427e-05
-8.02867e-05
-0.000114693
-6.63247e-05
-0.000139355
-4.72013e-05
-0.00017894
-1.64168e-05
-0.000217233
-1.05505e-06
-0.000228994
-1.87279e-05
-0.00020774
-6.47925e-05
-0.000175773
-0.000123425
-0.000147801
-0.000144747
-0.000126715
-0.000132122
-9.00112e-05
-0.000134711
-5.71299e-05
-0.000162747
-3.06174e-05
-0.000163736
-9.09537e-06
-0.00013884
-0.000131136
-4.76855e-05
-0.000210663
-2.84518e-05
-0.000176633
-1.7986e-05
-0.000133561
-2.43663e-05
-9.10041e-05
-4.27382e-05
-6.19148e-05
-7.00855e-05
-3.89774e-05
-9.12994e-05
-2.59873e-05
-8.75926e-05
-2.01235e-05
-6.64064e-05
-2.22413e-05
-4.61893e-05
-3.8945e-05
-3.1648e-05
-7.93339e-05
-2.41056e-05
-0.000130968
-1.91633e-05
-0.000149689
-2.02316e-05
-0.000131054
-2.20118e-05
-0.00013293
-1.94756e-05
-0.000165283
-1.2448e-05
-0.000170764
-4.33327e-06
-0.000146955
-0.000135469
4.88043e-06
-0.000215723
1.81072e-05
-0.00018986
3.43936e-05
-0.000149847
3.41466e-05
-9.07571e-05
2.94764e-05
-5.72445e-05
3.35983e-05
-4.30992e-05
3.83163e-05
-3.07053e-05
4.34621e-05
-2.52692e-05
4.94053e-05
-2.81845e-05
5.49882e-05
-4.45279e-05
5.34371e-05
-7.77828e-05
4.19725e-05
-0.000119503
3.05091e-05
-0.000138226
2.3759e-05
-0.000124304
2.01338e-05
-0.000129305
1.30063e-05
-0.000158156
5.73231e-06
-0.00016349
1.99291e-06
-0.000143215
-0.000133476
6.49357e-05
-0.000203994
6.3232e-05
-0.000188156
6.7629e-05
-0.000154244
6.73535e-05
-9.04816e-05
6.03698e-05
-5.02607e-05
5.70983e-05
-3.98278e-05
6.35738e-05
-3.71807e-05
7.72172e-05
-3.89127e-05
8.81222e-05
-3.90894e-05
9.16382e-05
-4.80438e-05
8.46051e-05
-7.07496e-05
6.75734e-05
-0.000102471
5.03531e-05
-0.000121006
4.15251e-05
-0.000115476
3.46572e-05
-0.000122437
2.46593e-05
-0.000148158
1.5091e-05
-0.000153922
5.60684e-06
-0.000133731
-0.000127869
9.59367e-05
-0.000186616
8.38864e-05
-0.000176106
7.64052e-05
-0.000146763
7.45793e-05
-8.86557e-05
7.16104e-05
-4.72918e-05
6.7981e-05
-3.61983e-05
6.74043e-05
-3.66039e-05
7.09157e-05
-4.24241e-05
7.92109e-05
-4.73845e-05
8.53361e-05
-5.4169e-05
8.21015e-05
-6.75149e-05
7.03301e-05
-9.06999e-05
5.52291e-05
-0.000105905
4.74337e-05
-0.000107681
4.23564e-05
-0.00011736
3.37082e-05
-0.00013951
2.04005e-05
-0.000140614
5.05477e-06
-0.000118386
-0.000122814
0.000109569
-0.000163957
9.21823e-05
-0.000158719
7.83143e-05
-0.000132895
7.41055e-05
-8.44468e-05
7.1494e-05
-4.46803e-05
6.88888e-05
-3.35931e-05
6.78996e-05
-3.56146e-05
6.96842e-05
-4.42086e-05
7.2372e-05
-5.00722e-05
7.33883e-05
-5.51854e-05
7.04739e-05
-6.46005e-05
6.39646e-05
-8.41906e-05
5.63058e-05
-9.82462e-05
5.34468e-05
-0.000104822
5.2588e-05
-0.000116501
4.16503e-05
-0.000128572
2.53887e-05
-0.000124353
9.19195e-06
-0.000102189
-0.000113623
9.87505e-05
-0.0001377
7.54787e-05
-0.000135447
5.74682e-05
-0.000114885
5.15344e-05
-7.8513e-05
5.36988e-05
-4.68447e-05
5.64963e-05
-3.63905e-05
5.97102e-05
-3.88285e-05
6.2889e-05
-4.73874e-05
6.58335e-05
-5.30167e-05
6.92313e-05
-5.85831e-05
7.05168e-05
-6.5886e-05
6.80652e-05
-8.1739e-05
6.38082e-05
-9.39891e-05
6.0055e-05
-0.000101068
5.47349e-05
-0.000111181
4.01013e-05
-0.000113939
2.29593e-05
-0.000107211
1.03619e-05
-8.95913e-05
-0.000103261
7.56943e-05
-0.000116852
5.29949e-05
-0.000112748
3.51273e-05
-9.70169e-05
2.95967e-05
-7.29823e-05
3.50579e-05
-5.23058e-05
4.34788e-05
-4.48113e-05
5.06892e-05
-4.60388e-05
5.52542e-05
-5.19523e-05
5.93954e-05
-5.71578e-05
6.3368e-05
-6.25557e-05
6.73254e-05
-6.98433e-05
6.76152e-05
-8.20289e-05
6.33644e-05
-8.97383e-05
5.8329e-05
-9.6033e-05
4.94986e-05
-0.000102351
3.7949e-05
-0.000102389
2.39834e-05
-9.32452e-05
1.40479e-05
-7.96558e-05
-8.92127e-05
6.9546e-05
-9.79928e-05
4.92091e-05
-9.24107e-05
3.40709e-05
-8.18787e-05
2.90235e-05
-6.79348e-05
3.27158e-05
-5.5998e-05
3.96785e-05
-5.1774e-05
4.59523e-05
-5.23125e-05
5.01279e-05
-5.61278e-05
5.39015e-05
-6.09314e-05
5.59659e-05
-6.46201e-05
5.68385e-05
-7.07159e-05
5.48642e-05
-8.00546e-05
5.07224e-05
-8.55964e-05
4.85485e-05
-9.38592e-05
4.34794e-05
-9.72814e-05
3.72024e-05
-9.61119e-05
2.69149e-05
-8.29578e-05
1.31674e-05
-6.59082e-05
-7.60453e-05
6.1049e-05
-7.86459e-05
4.6375e-05
-7.77366e-05
3.71793e-05
-7.2683e-05
3.42904e-05
-6.50458e-05
3.66007e-05
-5.83083e-05
4.0873e-05
-5.60463e-05
4.4678e-05
-5.61175e-05
4.66745e-05
-5.81243e-05
4.88967e-05
-6.31536e-05
5.12228e-05
-6.69462e-05
5.21817e-05
-7.16748e-05
4.95319e-05
-7.74048e-05
4.65308e-05
-8.25953e-05
4.68232e-05
-9.41517e-05
4.57616e-05
-9.62198e-05
4.12712e-05
-9.16215e-05
3.15433e-05
-7.32299e-05
1.2523e-05
-4.68879e-05
-6.35223e-05
6.07889e-05
-6.54346e-05
4.93892e-05
-6.63369e-05
4.19368e-05
-6.52306e-05
3.91304e-05
-6.22395e-05
3.89989e-05
-5.81768e-05
4.01014e-05
-5.71488e-05
4.20485e-05
-5.80645e-05
4.33314e-05
-5.94073e-05
4.34313e-05
-6.32535e-05
4.51197e-05
-6.86346e-05
4.72256e-05
-7.37806e-05
4.61071e-05
-7.62863e-05
4.49899e-05
-8.14781e-05
4.63967e-05
-9.55584e-05
4.60003e-05
-9.58234e-05
4.18551e-05
-8.74763e-05
2.92453e-05
-6.06201e-05
8.0574e-06
-2.57e-05
-5.54649e-05
5.92302e-05
-5.56792e-05
5.10693e-05
-5.8176e-05
4.50486e-05
-5.92099e-05
4.1542e-05
-5.87329e-05
4.00845e-05
-5.67194e-05
4.00206e-05
-5.70849e-05
4.06488e-05
-5.86927e-05
4.11205e-05
-5.98789e-05
4.06153e-05
-6.27483e-05
4.08511e-05
-6.88704e-05
4.04578e-05
-7.33873e-05
3.94529e-05
-7.52814e-05
4.08554e-05
-8.28807e-05
4.13736e-05
-9.60766e-05
3.91655e-05
-9.36153e-05
3.00603e-05
-7.83711e-05
9.65272e-06
-4.02125e-05
-4.08793e-06
-1.19593e-05
-5.95528e-05
5.75082e-05
-4.83219e-05
5.13964e-05
-5.20642e-05
4.61215e-05
-5.3935e-05
4.23147e-05
-5.49261e-05
4.0017e-05
-5.44217e-05
3.90317e-05
-5.60996e-05
3.83168e-05
-5.79778e-05
3.79171e-05
-5.94792e-05
3.76466e-05
-6.24778e-05
3.70053e-05
-6.82291e-05
3.52095e-05
-7.15915e-05
3.46282e-05
-7.47001e-05
3.6343e-05
-8.45955e-05
3.50467e-05
-9.47803e-05
3.16705e-05
-9.02391e-05
1.54122e-05
-6.21127e-05
-6.39844e-06
-1.84019e-05
-8.82634e-06
-9.53143e-06
-6.83792e-05
5.55117e-05
-4.27834e-05
5.02574e-05
-4.68099e-05
4.54602e-05
-4.91379e-05
4.19202e-05
-5.1386e-05
3.95437e-05
-5.20452e-05
3.77197e-05
-5.42757e-05
3.63036e-05
-5.65617e-05
3.5285e-05
-5.84606e-05
3.46049e-05
-6.17977e-05
3.28586e-05
-6.64828e-05
3.04986e-05
-6.92315e-05
2.9558e-05
-7.37596e-05
2.74728e-05
-8.25102e-05
2.21577e-05
-8.94651e-05
1.38852e-05
-8.19667e-05
-3.17015e-06
-4.50573e-05
-1.45386e-05
-7.03347e-06
-6.09667e-06
-1.79733e-05
-7.44758e-05
5.25784e-05
-3.80282e-05
4.80427e-05
-4.22742e-05
4.39402e-05
-4.50354e-05
4.04366e-05
-4.78824e-05
3.82439e-05
-4.98526e-05
3.57105e-05
-5.17422e-05
3.42472e-05
-5.50985e-05
3.29364e-05
-5.71498e-05
3.12112e-05
-6.00725e-05
2.87483e-05
-6.40199e-05
2.68101e-05
-6.72933e-05
2.40188e-05
-7.09682e-05
1.75386e-05
-7.603e-05
7.87391e-06
-7.98005e-05
-4.54709e-06
-6.95457e-05
-1.57666e-05
-3.38377e-05
-1.42613e-05
-8.53879e-06
-1.61588e-06
-3.06187e-05
-7.60917e-05
4.94058e-05
-3.39692e-05
4.54413e-05
-3.83098e-05
4.20455e-05
-4.16396e-05
3.86462e-05
-4.44832e-05
3.63326e-05
-4.7539e-05
3.41698e-05
-4.95794e-05
3.18988e-05
-5.28275e-05
3.04185e-05
-5.56695e-05
2.85059e-05
-5.816e-05
2.58876e-05
-6.14015e-05
2.36912e-05
-6.5097e-05
1.99863e-05
-6.72633e-05
1.34193e-05
-6.9463e-05
4.24575e-06
-7.06269e-05
-6.28479e-06
-5.90152e-05
-1.10291e-05
-2.90935e-05
-3.87943e-06
-1.56884e-05
4.46925e-06
-3.89674e-05
-7.16225e-05
4.61137e-05
-3.05799e-05
4.26557e-05
-3.48518e-05
3.956e-05
-3.85439e-05
3.66732e-05
-4.15964e-05
3.40586e-05
-4.49244e-05
3.19631e-05
-4.74839e-05
2.97268e-05
-5.05912e-05
2.76468e-05
-5.35895e-05
2.59819e-05
-5.6495e-05
2.36189e-05
-5.90385e-05
2.07235e-05
-6.22017e-05
1.86726e-05
-6.52124e-05
1.42485e-05
-6.50389e-05
6.88643e-06
-6.32648e-05
-1.60801e-06
-5.05207e-05
-2.34804e-06
-2.83534e-05
5.91997e-06
-2.39564e-05
6.60084e-06
-3.96483e-05
-6.50216e-05
4.26558e-05
-2.76455e-05
3.97061e-05
-3.1902e-05
3.68294e-05
-3.56672e-05
3.42789e-05
-3.90458e-05
3.16588e-05
-4.23044e-05
2.96051e-05
-4.54302e-05
2.74715e-05
-4.84576e-05
2.51665e-05
-5.12845e-05
2.3766e-05
-5.50945e-05
2.15821e-05
-5.68546e-05
1.91427e-05
-5.97623e-05
1.80616e-05
-6.41313e-05
1.64062e-05
-6.33835e-05
1.21917e-05
-5.90504e-05
6.47873e-06
-4.48077e-05
6.34411e-06
-2.82188e-05
1.01288e-05
-2.77411e-05
7.60972e-06
-3.71292e-05
-5.74119e-05
3.92265e-05
-2.50927e-05
3.66377e-05
-2.93132e-05
3.40472e-05
-3.30767e-05
3.16232e-05
-3.66219e-05
2.92674e-05
-3.99486e-05
2.6984e-05
-4.31468e-05
2.50148e-05
-4.64883e-05
2.29262e-05
-4.9196e-05
2.09725e-05
-5.31407e-05
1.94153e-05
-5.52974e-05
1.83164e-05
-5.86635e-05
1.803e-05
-6.38449e-05
1.74194e-05
-6.27728e-05
1.56132e-05
-5.72441e-05
1.22877e-05
-4.14823e-05
1.07115e-05
-2.66426e-05
9.72895e-06
-2.67585e-05
7.00841e-06
-3.44087e-05
-5.04035e-05
3.58419e-05
-2.28513e-05
3.35034e-05
-2.69747e-05
3.11879e-05
-3.07613e-05
2.88691e-05
-3.4303e-05
2.66712e-05
-3.77507e-05
2.44689e-05
-4.09445e-05
2.23464e-05
-4.43658e-05
2.04672e-05
-4.73167e-05
1.85123e-05
-5.11859e-05
1.70147e-05
-5.37997e-05
1.62908e-05
-5.79397e-05
1.71282e-05
-6.46823e-05
1.77922e-05
-6.34367e-05
1.65799e-05
-5.60319e-05
1.30486e-05
-3.7951e-05
1.04332e-05
-2.40272e-05
7.17918e-06
-2.35045e-05
6.20076e-06
-3.34302e-05
-4.42027e-05
3.25045e-05
-2.08561e-05
3.04102e-05
-2.48804e-05
2.82637e-05
-2.86148e-05
2.61406e-05
-3.218e-05
2.39496e-05
-3.55597e-05
2.18889e-05
-3.88838e-05
1.96767e-05
-4.21536e-05
1.76116e-05
-4.52516e-05
1.57817e-05
-4.93559e-05
1.40474e-05
-5.20654e-05
1.31933e-05
-5.70855e-05
1.38655e-05
-6.53545e-05
1.47591e-05
-6.43303e-05
1.30137e-05
-5.42865e-05
9.01847e-06
-3.39558e-05
5.65264e-06
-2.06613e-05
2.78391e-06
-2.06357e-05
3.97729e-06
-3.46236e-05
-4.02254e-05
2.92352e-05
-1.90655e-05
2.73358e-05
-2.2981e-05
2.5381e-05
-2.666e-05
2.33682e-05
-3.01672e-05
2.13328e-05
-3.35243e-05
1.91931e-05
-3.67441e-05
1.70575e-05
-4.0018e-05
1.48083e-05
-4.30025e-05
1.22676e-05
-4.68152e-05
1.01546e-05
-4.99524e-05
7.88651e-06
-5.48175e-05
4.77633e-06
-6.22443e-05
1.95284e-06
-6.15068e-05
-7.68673e-07
-5.15649e-05
-2.32591e-06
-3.23986e-05
-3.31804e-06
-1.96692e-05
-1.45958e-06
-2.24942e-05
2.78673e-06
-3.88699e-05
-3.74387e-05
2.60527e-05
-1.74528e-05
2.43296e-05
-2.12579e-05
2.25262e-05
-2.48565e-05
2.06606e-05
-2.83016e-05
1.87103e-05
-3.15741e-05
1.6659e-05
-3.46929e-05
1.44544e-05
-3.78133e-05
1.20413e-05
-4.05894e-05
9.14274e-06
-4.39166e-05
5.75961e-06
-4.65693e-05
1.15714e-06
-5.0215e-05
-6.2231e-06
-5.48641e-05
-1.26002e-05
-5.51297e-05
-1.57006e-05
-4.84645e-05
-1.56785e-05
-3.24207e-05
-1.06577e-05
-2.469e-05
-2.76877e-06
-3.03831e-05
5.51847e-07
-4.21906e-05
-3.68868e-05
2.29467e-05
-1.59902e-05
2.13839e-05
-1.96952e-05
1.97407e-05
-2.32133e-05
1.80094e-05
-2.65703e-05
1.61914e-05
-2.9756e-05
1.42294e-05
-3.27309e-05
1.20857e-05
-3.56696e-05
9.60025e-06
-3.8104e-05
6.54518e-06
-4.08615e-05
2.45213e-06
-4.24762e-05
-3.34915e-06
-4.44137e-05
-1.07093e-05
-4.75039e-05
-1.62295e-05
-4.96095e-05
-1.87654e-05
-4.59286e-05
-1.6864e-05
-3.43221e-05
-9.16734e-06
-3.23867e-05
-1.1939e-06
-3.83566e-05
-1.10882e-07
-4.32736e-05
-3.69977e-05
1.99247e-05
-1.46631e-05
1.85026e-05
-1.82732e-05
1.70096e-05
-2.17203e-05
1.54299e-05
-2.49907e-05
1.37589e-05
-2.8085e-05
1.19546e-05
-3.09265e-05
9.93621e-06
-3.36512e-05
7.59463e-06
-3.57624e-05
4.54322e-06
-3.78101e-05
8.38411e-07
-3.87714e-05
-3.51426e-06
-4.0061e-05
-8.6689e-06
-4.23493e-05
-1.39424e-05
-4.4336e-05
-1.51341e-05
-4.47369e-05
-1.04165e-05
-3.90397e-05
-3.13618e-06
-3.96671e-05
3.49528e-07
-4.18423e-05
-2.04169e-07
-4.27199e-05
-3.72019e-05
1.69727e-05
-1.34549e-05
1.56917e-05
-1.69922e-05
1.43411e-05
-2.03697e-05
1.29251e-05
-2.35747e-05
1.14109e-05
-2.65708e-05
9.79305e-06
-2.93086e-05
7.92611e-06
-3.17843e-05
5.78517e-06
-3.36214e-05
3.536e-06
-3.55609e-05
1.80801e-06
-3.70434e-05
-8.88381e-08
-3.81642e-05
-2.30466e-06
-4.01335e-05
-4.75904e-06
-4.18816e-05
-3.79667e-06
-4.56993e-05
2.62037e-07
-4.30984e-05
3.0783e-06
-4.24833e-05
2.26887e-06
-4.10328e-05
5.61152e-07
-4.10121e-05
-3.66407e-05
1.40789e-05
-1.23561e-05
1.29275e-05
-1.58408e-05
1.17282e-05
-1.91704e-05
1.04692e-05
-2.23157e-05
9.13027e-06
-2.52319e-05
7.61172e-06
-2.77901e-05
5.94649e-06
-3.01191e-05
4.5084e-06
-3.21834e-05
3.40051e-06
-3.44531e-05
3.00237e-06
-3.66453e-05
2.67079e-06
-3.78326e-05
4.00176e-06
-4.14644e-05
5.00818e-06
-4.2888e-05
5.17258e-06
-4.58637e-05
6.2779e-06
-4.42037e-05
6.33735e-06
-4.25428e-05
4.86672e-06
-3.95622e-05
2.52586e-06
-3.86713e-05
-3.41149e-05
1.12375e-05
-1.13592e-05
1.0209e-05
-1.48123e-05
9.15407e-06
-1.81154e-05
8.03895e-06
-2.12006e-05
6.81264e-06
-2.40056e-05
5.62935e-06
-2.66068e-05
4.80222e-06
-2.92919e-05
4.45595e-06
-3.18371e-05
4.18641e-06
-3.41835e-05
4.76936e-06
-3.72282e-05
5.7161e-06
-3.87794e-05
7.46323e-06
-4.32116e-05
8.64462e-06
-4.40694e-05
7.99946e-06
-4.52186e-05
7.68117e-06
-4.38854e-05
7.24675e-06
-4.21083e-05
6.0853e-06
-3.84008e-05
3.71542e-06
-3.63014e-05
-3.03994e-05
8.42689e-06
-1.0431e-05
7.50007e-06
-1.38855e-05
6.52755e-06
-1.71429e-05
5.56755e-06
-2.02406e-05
4.88644e-06
-2.33245e-05
4.69272e-06
-2.64131e-05
4.79172e-06
-2.93909e-05
5.31071e-06
-3.23561e-05
5.95822e-06
-3.4831e-05
7.54488e-06
-3.88149e-05
9.18428e-06
-4.04188e-05
9.52563e-06
-4.35529e-05
9.54994e-06
-4.40937e-05
8.75678e-06
-4.44254e-05
7.94446e-06
-4.30731e-05
7.10632e-06
-4.12702e-05
5.56273e-06
-3.68572e-05
3.18781e-06
-3.39265e-05
-2.72116e-05
5.61171e-06
-9.52424e-06
4.77111e-06
-1.30449e-05
4.16396e-06
-1.65358e-05
4.02239e-06
-2.0099e-05
4.30049e-06
-2.36026e-05
4.91471e-06
-2.70273e-05
5.77793e-06
-3.02542e-05
7.21371e-06
-3.37919e-05
8.58876e-06
-3.62061e-05
9.79961e-06
-4.00257e-05
1.06613e-05
-4.12805e-05
1.02087e-05
-4.31003e-05
9.63244e-06
-4.35174e-05
8.56199e-06
-4.3355e-05
7.05664e-06
-4.15677e-05
5.39255e-06
-3.96061e-05
3.16238e-06
-3.4627e-05
1.20064e-06
-3.19647e-05
-2.6011e-05
2.9907e-06
-8.84364e-06
2.75937e-06
-1.28135e-05
3.04508e-06
-1.68215e-05
3.71219e-06
-2.07661e-05
4.69682e-06
-2.45872e-05
6.01772e-06
-2.83482e-05
7.39069e-06
-3.16272e-05
8.85153e-06
-3.52527e-05
9.96109e-06
-3.73157e-05
1.04462e-05
-4.05109e-05
1.06773e-05
-4.15116e-05
1.0148e-05
-4.2571e-05
9.0723e-06
-4.24417e-05
7.61508e-06
-4.18977e-05
5.56665e-06
-3.95193e-05
3.60071e-06
-3.76402e-05
1.71749e-06
-3.27438e-05
4.459e-07
-3.06932e-05
-2.55651e-05
1.30201e-06
2.05482e-06
2.98916e-06
4.09815e-06
5.34258e-06
6.67875e-06
8.00701e-06
9.20434e-06
1.02588e-05
1.06851e-05
1.07174e-05
1.01151e-05
8.91128e-06
7.33613e-06
5.44064e-06
3.53812e-06
1.89819e-06
6.33282e-07
)
;

boundaryField
{
    leftWall
    {
        type            calculated;
        value           uniform 0;
    }
    rightWall
    {
        type            calculated;
        value           uniform 0;
    }
    lowerWall
    {
        type            calculated;
        value           nonuniform List<scalar> 
62
(
-4.73682e-23
-5.95553e-22
-2.89252e-24
-1.0806e-22
3.23218e-23
1.70107e-22
1.37737e-22
-1.40004e-22
-5.14674e-23
-1.67283e-22
4.13548e-22
-6.48215e-23
-1.07314e-22
2.05912e-22
1.84803e-22
-3.58768e-22
-8.46883e-23
3.48807e-23
5.66369e-23
2.33189e-23
-8.62437e-23
-2.26899e-23
1.64447e-22
0
0
0
0
0
0
0
0
4.1973e-23
1.15062e-22
-1.19166e-23
1.63859e-22
0
0
0
0
0
0
0
0
1.65436e-23
2.0845e-22
-3.226e-22
-1.29867e-22
-1.45997e-22
-4.48745e-23
-6.44942e-23
1.04897e-22
-1.23793e-22
-1.38126e-22
1.38768e-22
-2.72672e-22
-1.20481e-22
1.09265e-22
1.06151e-22
-1.12616e-22
2.74107e-22
8.38554e-23
3.39596e-23
)
;
    }
    atmosphere
    {
        type            calculated;
        value           nonuniform List<scalar> 
46
(
4.18602e-05
4.20622e-05
4.14556e-05
4.07368e-05
3.98257e-05
3.87151e-05
3.74137e-05
3.59322e-05
3.42838e-05
3.2481e-05
3.05434e-05
2.84892e-05
2.63274e-05
2.40597e-05
2.17009e-05
1.92638e-05
1.67574e-05
1.41951e-05
1.15864e-05
8.94056e-06
6.27785e-06
3.60343e-06
8.77225e-07
-6.14568e-07
-1.30415e-06
-2.02095e-06
-2.75763e-06
-9.36728e-06
-1.35663e-05
-1.77558e-05
-2.18751e-05
-2.58317e-05
-2.96843e-05
-3.29554e-05
-3.645e-05
-3.83701e-05
-4.09372e-05
-4.15439e-05
-4.19688e-05
-4.12378e-05
-4.03226e-05
-3.76238e-05
-3.57376e-05
-3.11039e-05
-2.94282e-05
-2.49318e-05
)
;
    }
    defaultFaces
    {
        type            empty;
        value           nonuniform 0();
    }
}


// ************************************************************************* //
