/*--------------------------------*- C++ -*----------------------------------*\
| =========                 |                                                 |
| \\      /  F ield         | OpenFOAM: The Open Source CFD Toolbox           |
|  \\    /   O peration     | Version:  2.4.0                                 |
|   \\  /    A nd           | Web:      www.OpenFOAM.org                      |
|    \\/     M anipulation  |                                                 |
\*---------------------------------------------------------------------------*/
FoamFile
{
    version     2.0;
    format      ascii;
    class       volVectorField;
    location    "0.45";
    object      U;
}
// * * * * * * * * * * * * * * * * * * * * * * * * * * * * * * * * * * * * * //

dimensions      [0 1 -1 0 0 0 0];

internalField   nonuniform List<vector> 
2268
(
(0.0176476 -0.00805297 0)
(0.0503183 -0.00830138 0)
(0.087181 -0.00714654 0)
(0.115841 -0.0100715 0)
(0.162559 -0.00637106 0)
(0.181726 -0.0082613 0)
(0.221138 -0.00964778 0)
(0.266996 -0.0087472 0)
(0.297842 -0.00584512 0)
(0.315411 -0.00600763 0)
(0.343682 -0.00824805 0)
(0.387991 -0.00856031 0)
(0.413008 -0.00556288 0)
(0.441234 -0.00420364 0)
(0.446361 -0.00118628 0)
(0.438123 0.00149198 0)
(0.415631 0.00820144 0)
(0.374514 0.00573628 0)
(0.328904 0.0143354 0)
(0.265009 0.00885087 0)
(0.209807 0.0237838 0)
(0.106468 0.0227303 0)
(0.00838741 0.0108369 0)
(0.0176972 -0.0242073 0)
(0.0501669 -0.0251599 0)
(0.0880318 -0.0210036 0)
(0.115377 -0.0314205 0)
(0.16156 -0.0178238 0)
(0.182778 -0.024856 0)
(0.223068 -0.0309055 0)
(0.265846 -0.0242317 0)
(0.295956 -0.0200574 0)
(0.316787 -0.0162808 0)
(0.352752 -0.0250773 0)
(0.390457 -0.0270151 0)
(0.415986 -0.0210044 0)
(0.436024 -0.0108312 0)
(0.446292 0.00440138 0)
(0.441319 0.0175256 0)
(0.420072 0.0269622 0)
(0.387264 0.0414082 0)
(0.332136 0.0422586 0)
(0.285741 0.0476908 0)
(0.193426 0.0481673 0)
(0.128207 0.0653569 0)
(0.00984644 0.0424033 0)
(0.0176963 -0.0407026 0)
(0.0501442 -0.042088 0)
(0.0883449 -0.0363078 0)
(0.115921 -0.049834 0)
(0.15874 -0.0330039 0)
(0.187487 -0.0422303 0)
(0.223382 -0.0485164 0)
(0.263241 -0.0402112 0)
(0.290687 -0.0337722 0)
(0.321707 -0.0323927 0)
(0.366315 -0.0436504 0)
(0.392028 -0.039164 0)
(0.410709 -0.0307196 0)
(0.433474 -0.021125 0)
(0.447757 -0.0124118 0)
(0.451935 0.00790792 0)
(0.435802 0.0265668 0)
(0.406186 0.0469002 0)
(0.34438 0.0633358 0)
(0.294906 0.0749066 0)
(0.209368 0.0897912 0)
(0.149406 0.104786 0)
(0.0600737 0.0903318 0)
(0.0177096 -0.0550593 0)
(0.0501818 -0.0564503 0)
(0.0883463 -0.0501399 0)
(0.116941 -0.0647057 0)
(0.156713 -0.0463249 0)
(0.189862 -0.0567243 0)
(0.224161 -0.0627879 0)
(0.262571 -0.0514654 0)
(0.285408 -0.0486586 0)
(0.333451 -0.0486234 0)
(0.369093 -0.052024 0)
(0.386081 -0.0414039 0)
(0.410305 -0.0307529 0)
(0.430506 -0.0140204 0)
(0.442909 0.00844553 0)
(0.46688 0.0414999 0)
(0.46594 0.069159 0)
(0.434409 0.0927525 0)
(0.372387 0.0967353 0)
(0.281007 0.106684 0)
(0.179531 0.114391 0)
(0.122331 0.132917 0)
(0.0353958 0.131033 0)
(0.0178498 -0.0666502 0)
(0.0497374 -0.068587 0)
(0.0889582 -0.0625564 0)
(0.118079 -0.0787931 0)
(0.152551 -0.0613553 0)
(0.194715 -0.075436 0)
(0.223364 -0.0850742 0)
(0.254655 -0.0722702 0)
(0.293092 -0.0820052 0)
(0.337874 -0.0846461 0)
(0.362068 -0.0953307 0)
(0.389508 -0.083549 0)
(0.417602 -0.0860894 0)
(0.44263 -0.0686739 0)
(0.462546 -0.0557573 0)
(0.482027 -0.0276004 0)
(0.473378 0.0272881 0)
(0.448212 0.101333 0)
(0.368229 0.158735 0)
(0.297569 0.166677 0)
(0.165291 0.164862 0)
(0.0936051 0.156594 0)
(0.0495251 0.164552 0)
(0.0173099 -0.131686 0)
(0.0478777 -0.132334 0)
(0.0856915 -0.128488 0)
(0.117408 -0.134073 0)
(0.140122 -0.125289 0)
(0.189668 -0.129512 0)
(0.21098 -0.127203 0)
(0.241203 -0.122622 0)
(0.276489 -0.118209 0)
(0.309617 -0.108224 0)
(0.329163 -0.0905388 0)
(0.359159 -0.0745049 0)
(0.384146 -0.057315 0)
(0.392488 -0.0386931 0)
(0.417284 -0.00514581 0)
(0.42334 0.0344748 0)
(0.437835 0.0644691 0)
(0.428573 0.0932025 0)
(0.349936 0.154774 0)
(0.288357 0.197954 0)
(0.186845 0.20363 0)
(0.0783924 0.202619 0)
(0.0271181 0.21053 0)
(0.0125103 -0.000709494 0)
(0.0365937 0.00230368 0)
(0.0612438 0.00234963 0)
(0.0878558 0.0185774 0)
(0.0960992 0.0173533 0)
(0.120662 0.0251791 0)
(0.139902 0.0373747 0)
(0.148936 0.03953 0)
(0.158877 0.0326678 0)
(0.17927 0.0299846 0)
(0.190932 0.014837 0)
(0.194331 0.0081105 0)
(0.19303 -0.00339712 0)
(0.187408 -0.0165065 0)
(0.178971 -0.0266706 0)
(0.183939 0.0254478 0)
(0.242082 0.198172 0)
(0.273961 0.277724 0)
(0.273224 0.196293 0)
(0.24508 0.220014 0)
(0.19485 0.244245 0)
(0.0985664 0.21467 0)
(0.0412008 0.224008 0)
(0.00178687 -0.127704 0)
(0.0101617 -0.130694 0)
(0.0112592 -0.133711 0)
(0.0250344 -0.139915 0)
(0.0300623 -0.143031 0)
(0.0424339 -0.159001 0)
(0.0587003 -0.163651 0)
(0.0763714 -0.166913 0)
(0.108931 -0.171014 0)
(0.135358 -0.165413 0)
(0.157056 -0.150118 0)
(0.170608 -0.134316 0)
(0.18149 -0.112307 0)
(0.189172 -0.0874203 0)
(0.180491 -0.0519696 0)
(0.138833 -0.0470684 0)
(0.134795 -0.0840624 0)
(0.213195 0.109231 0)
(0.0939428 0.285297 0)
(0.148822 0.218825 0)
(0.159965 0.269728 0)
(0.134426 0.262123 0)
(0.0554038 0.284899 0)
(-0.108431 0.091009 0)
(-0.317649 0.070801 0)
(-0.607586 0.0214075 0)
(-0.745968 -0.0302882 0)
(-0.787978 -0.108049 0)
(-0.681373 -0.206557 0)
(-0.568986 -0.268724 0)
(-0.512818 -0.325193 0)
(-0.419774 -0.367813 0)
(-0.301228 -0.381943 0)
(-0.228801 -0.358378 0)
(-0.0901437 -0.344746 0)
(0.0950178 -0.305537 0)
(0.299568 -0.232304 0)
(0.551688 -0.211279 0)
(0.800968 -0.148974 0)
(0.838623 -0.0855865 0)
(0.635398 -0.149023 0)
(0.446917 -0.123326 0)
(-0.0838028 0.116865 0)
(-0.262476 0.110424 0)
(-0.485328 0.131045 0)
(-0.579321 0.130251 0)
(-0.603819 0.0681841 0)
(-0.59379 0.0554188 0)
(-0.576064 0.185859 0)
(-0.558303 0.215809 0)
(-0.504724 0.22876 0)
(-0.404417 0.249259 0)
(-0.372854 0.309798 0)
(-0.183387 0.268908 0)
(0.178658 0.0962217 0)
(0.558917 -0.117785 0)
(0.876178 -0.168754 0)
(0.996386 -0.142505 0)
(1.01763 -0.0282895 0)
(0.775768 0.298607 0)
(0.52038 0.351222 0)
(-0.0351076 0.189893 0)
(-0.127577 0.193252 0)
(-0.294696 0.176314 0)
(-0.392202 0.101598 0)
(-0.301719 -0.0791591 0)
(-0.210652 -0.134652 0)
(-0.306042 -0.272882 0)
(-0.329038 -0.329118 0)
(-0.303797 -0.34805 0)
(-0.15849 -0.373238 0)
(-0.118274 -0.423878 0)
(0.0472167 -0.466012 0)
(0.318742 -0.362096 0)
(0.596934 -0.27956 0)
(0.856007 -0.163133 0)
(1.05412 0.0597706 0)
(0.92502 0.285879 0)
(0.629918 0.342093 0)
(0.542442 0.51829 0)
(0.0189236 0.220428 0)
(0.0129896 0.211389 0)
(-0.067995 0.197941 0)
(-0.14552 0.14564 0)
(0.165438 -0.0453381 0)
(0.206254 -0.13617 0)
(0.122496 -0.00454456 0)
(0.270168 -0.0380076 0)
(0.333765 0.039876 0)
(0.418558 0.020251 0)
(0.441066 -0.0230134 0)
(0.536458 -0.131442 0)
(0.67108 -0.430423 0)
(0.807681 -0.483445 0)
(0.892076 -0.395566 0)
(1.09342 -0.213692 0)
(1.09638 0.234089 0)
(0.433605 0.646364 0)
(0.538345 0.628235 0)
(0.041312 0.192865 0)
(0.130801 0.213657 0)
(0.107918 0.226722 0)
(0.170148 0.0852653 0)
(0.434877 -0.233555 0)
(0.622158 -0.140995 0)
(0.953006 0.325624 0)
(1.51817 -0.223374 0)
(1.5898 -0.0921829 0)
(1.53472 0.143897 0)
(0.393761 0.519989 0)
(-0.251387 0.309273 0)
(0.679506 -0.393217 0)
(1.02317 -0.546188 0)
(1.08639 -0.434891 0)
(1.08476 -0.153077 0)
(1.15066 0.342284 0)
(0.369196 0.884447 0)
(0.509883 0.838389 0)
(0.0985312 0.15202 0)
(0.237388 0.185626 0)
(0.330861 0.200071 0)
(0.516359 0.0284412 0)
(0.733241 -0.204242 0)
(0.684742 -0.269501 0)
(0.703069 -0.16684 0)
(1.01713 0.193743 0)
(1.32587 -0.0467705 0)
(1.14056 -0.160293 0)
(0.390654 -0.108893 0)
(0.802888 -0.508423 0)
(1.11053 -0.514691 0)
(1.19652 -0.528631 0)
(1.2014 -0.465711 0)
(1.11865 -0.120098 0)
(1.17115 0.42029 0)
(0.454027 0.994397 0)
(0.518309 1.03992 0)
(0.113077 0.0952868 0)
(0.355091 0.112996 0)
(0.516977 0.116091 0)
(0.737398 -0.0530322 0)
(0.894048 -0.287273 0)
(0.815247 -0.347352 0)
(0.749916 -0.349671 0)
(0.800147 -0.269519 0)
(1.02926 0.216707 0)
(1.42445 0.335784 0)
(1.71481 0.695121 0)
(1.25449 -0.411267 0)
(1.26657 -0.562387 0)
(1.28965 -0.596854 0)
(1.27362 -0.447808 0)
(1.14182 -0.0757996 0)
(1.18443 0.5453 0)
(0.501388 1.09298 0)
(0.481025 1.25633 0)
(0.167351 -0.04791 0)
(0.437078 -0.0276779 0)
(0.636654 0.0290044 0)
(0.873973 -0.0755685 0)
(0.963896 -0.249966 0)
(0.897243 -0.288013 0)
(0.79816 -0.308041 0)
(0.761975 -0.311375 0)
(0.760837 -0.187321 0)
(0.948695 0.262464 0)
(1.50585 0.285507 0)
(1.34987 -0.292037 0)
(1.31853 -0.548758 0)
(1.31989 -0.552445 0)
(1.29933 -0.42555 0)
(1.14 -0.0603474 0)
(1.1837 0.638798 0)
(0.582898 1.24609 0)
(0.523222 1.4901 0)
(0.0051721 -0.154204 0)
(0.0162606 -0.152462 0)
(0.0269065 -0.150879 0)
(0.0409764 -0.138624 0)
(0.0516258 -0.135465 0)
(0.0710614 -0.131199 0)
(0.0899118 -0.108003 0)
(0.105633 -0.10164 0)
(0.138992 -0.0954734 0)
(0.162497 -0.0772571 0)
(0.184007 -0.0555061 0)
(0.203981 -0.0401568 0)
(0.218554 -0.0175885 0)
(0.230717 -0.00365536 0)
(0.240274 0.0380826 0)
(0.239855 0.0893994 0)
(0.209942 0.210141 0)
(0.129119 0.22831 0)
(0.110969 0.337937 0)
(0.0608283 0.300455 0)
(0.0914153 0.243097 0)
(0.148342 0.246603 0)
(0.209336 0.269878 0)
(0.00559275 -0.0956142 0)
(0.017116 -0.0981314 0)
(0.0287023 -0.0995881 0)
(0.0409448 -0.100765 0)
(0.0545319 -0.104149 0)
(0.0656426 -0.12021 0)
(0.0839363 -0.115894 0)
(0.0967582 -0.135541 0)
(0.128052 -0.147973 0)
(0.14734 -0.147674 0)
(0.169804 -0.141205 0)
(0.202584 -0.1374 0)
(0.208866 -0.114984 0)
(0.218031 -0.0956235 0)
(0.208045 -0.0686818 0)
(0.204935 -0.0583455 0)
(0.219338 -0.00525485 0)
(0.202395 0.124576 0)
(0.261824 0.209753 0)
(0.179027 0.371021 0)
(0.111926 0.266849 0)
(0.130251 0.159883 0)
(0.19218 0.163889 0)
(0.00695283 -0.152085 0)
(0.0206109 -0.153975 0)
(0.0338287 -0.153749 0)
(0.0451625 -0.154524 0)
(0.0600921 -0.156018 0)
(0.0671614 -0.167061 0)
(0.0859277 -0.167692 0)
(0.103253 -0.189826 0)
(0.142243 -0.192064 0)
(0.172234 -0.188122 0)
(0.221023 -0.167928 0)
(0.258532 -0.13706 0)
(0.282964 -0.0804672 0)
(0.315714 -0.0499918 0)
(0.311663 0.00888028 0)
(0.334466 0.076309 0)
(0.293976 0.145523 0)
(0.300302 0.187473 0)
(0.31344 0.243403 0)
(0.38286 0.320492 0)
(0.362556 0.390468 0)
(0.287096 0.24194 0)
(0.273284 0.0749771 0)
(0.00740569 -0.145529 0)
(0.0215468 -0.147072 0)
(0.0341402 -0.145871 0)
(0.0425883 -0.146987 0)
(0.0529607 -0.151444 0)
(0.0569126 -0.167217 0)
(0.073899 -0.177793 0)
(0.0900428 -0.210026 0)
(0.135088 -0.21886 0)
(0.177618 -0.226305 0)
(0.233468 -0.203466 0)
(0.256211 -0.170313 0)
(0.284847 -0.119682 0)
(0.294027 -0.0924519 0)
(0.298054 -0.0425521 0)
(0.324216 -0.00632268 0)
(0.328989 0.0611044 0)
(0.376432 0.118568 0)
(0.380059 0.201818 0)
(0.464184 0.221735 0)
(0.532539 0.316792 0)
(0.631898 0.290333 0)
(0.633861 0.210443 0)
(0.0085609 -0.206356 0)
(0.0208092 -0.203871 0)
(0.030869 -0.192094 0)
(0.0325146 -0.176171 0)
(0.0324657 -0.155466 0)
(0.0333936 -0.142712 0)
(0.0495174 -0.144531 0)
(0.0569165 -0.206961 0)
(0.102463 -0.270663 0)
(0.14935 -0.30346 0)
(0.196391 -0.277051 0)
(0.214996 -0.227828 0)
(0.237512 -0.168294 0)
(0.259647 -0.120296 0)
(0.271131 -0.050938 0)
(0.323478 0.0246319 0)
(0.328151 0.0672571 0)
(0.374711 0.117115 0)
(0.40052 0.144651 0)
(0.475396 0.158187 0)
(0.537773 0.166473 0)
(0.657644 0.148906 0)
(0.728484 0.105944 0)
(0.0164051 -0.220609 0)
(0.0358379 -0.220857 0)
(0.0592785 -0.218904 0)
(0.0750608 -0.221063 0)
(0.0778386 -0.230057 0)
(0.056566 -0.256938 0)
(-0.0117104 -0.291825 0)
(-0.0595622 -0.334932 0)
(-0.0770225 -0.375885 0)
(-0.099219 -0.357131 0)
(-0.0575214 -0.274227 0)
(-0.0668993 -0.206922 0)
(-0.0628144 -0.154197 0)
(-0.0727789 -0.108612 0)
(-0.0429321 -0.0787754 0)
(0.0140337 -0.0425191 0)
(0.0881111 0.0168329 0)
(0.205604 0.0563555 0)
(0.280541 0.102101 0)
(0.362645 0.0764107 0)
(0.479893 0.0920675 0)
(0.548667 0.0243369 0)
(0.635707 0.00964802 0)
(0.00787138 0.906877 0)
(0.0137311 0.927413 0)
(0.0139461 0.93124 0)
(0.014659 0.939689 0)
(-0.0249665 0.92553 0)
(-0.057401 0.62781 0)
(0.0545869 -0.145307 0)
(-0.100726 -0.373936 0)
(-0.438957 -0.328172 0)
(-0.5229 -0.296931 0)
(-0.446017 -0.281934 0)
(-0.390832 -0.226883 0)
(-0.358252 -0.162579 0)
(-0.334786 -0.124902 0)
(-0.316533 -0.108636 0)
(-0.274382 -0.0873223 0)
(-0.209531 -0.0693759 0)
(-0.126499 -0.0409487 0)
(0.0246255 0.022321 0)
(0.0924892 -0.0160345 0)
(0.25905 0.029415 0)
(0.31792 -0.0157894 0)
(0.412515 -0.0478222 0)
(-0.0011986 -0.906945 0)
(0.0151322 -0.903864 0)
(0.0615593 -0.886721 0)
(0.159854 -0.845648 0)
(0.304682 -0.800052 0)
(0.486489 -0.613338 0)
(0.687356 0.39095 0)
(0.268521 1.28679 0)
(-0.37011 1.03185 0)
(-0.447484 0.204028 0)
(-0.456302 -0.11987 0)
(-0.389648 -0.310462 0)
(-0.370282 -0.369687 0)
(-0.325939 -0.317023 0)
(-0.301396 -0.277621 0)
(-0.257012 -0.244998 0)
(-0.230402 -0.231378 0)
(-0.183658 -0.229035 0)
(-0.155553 -0.206504 0)
(-0.13 -0.230138 0)
(-0.0398677 -0.159325 0)
(0.0360266 -0.190077 0)
(0.17346 -0.165319 0)
(-0.0493044 0.129879 0)
(-0.127406 0.109033 0)
(-0.177715 0.0602342 0)
(-0.198529 -0.0314681 0)
(-0.200726 -0.198649 0)
(-0.264334 -0.364506 0)
(-0.169444 -0.282216 0)
(0.120648 0.0494862 0)
(0.402855 -0.241736 0)
(0.49506 -0.395662 0)
(0.343341 -0.319605 0)
(0.261281 -0.0710172 0)
(0.224535 0.480356 0)
(0.0360443 0.837371 0)
(-0.125406 0.826883 0)
(-0.165103 0.594118 0)
(-0.140291 0.247521 0)
(-0.0834087 -0.0510196 0)
(-0.0431984 -0.186604 0)
(-0.0340483 -0.253821 0)
(-0.0625047 -0.294484 0)
(0.0208103 -0.310136 0)
(0.11103 -0.342229 0)
(-0.00570449 -0.203465 0)
(-0.0126554 -0.238596 0)
(-0.0190602 -0.256677 0)
(-0.0268133 -0.268165 0)
(-0.049732 -0.253821 0)
(-0.123191 -0.219232 0)
(-0.0924153 -0.0104011 0)
(0.000202271 0.26634 0)
(0.227162 0.384155 0)
(-0.0471335 0.0111738 0)
(-0.173643 -0.290824 0)
(-0.18245 -0.473501 0)
(-0.0881966 -0.617872 0)
(0.143486 -0.720441 0)
(0.39453 -0.751066 0)
(0.565387 -0.643831 0)
(0.674071 -0.404459 0)
(0.639589 -0.154242 0)
(0.80541 0.127844 0)
(0.735314 0.343758 0)
(0.641721 0.656548 0)
(0.558918 0.616152 0)
(0.470953 0.580756 0)
(-0.00342484 -0.162726 0)
(-0.00798251 -0.203002 0)
(-0.0129537 -0.248468 0)
(-0.0229177 -0.298281 0)
(-0.0472166 -0.340731 0)
(-0.0937485 -0.361185 0)
(-0.0959556 -0.311106 0)
(-0.0405934 -0.284814 0)
(0.206714 0.00918076 0)
(0.230533 0.147558 0)
(0.136346 -0.0182632 0)
(0.144249 -0.18447 0)
(0.150594 -0.0876857 0)
(0.176037 -0.0205466 0)
(0.194875 -0.0295821 0)
(0.203439 -0.110115 0)
(0.221944 -0.207549 0)
(0.190539 -0.34572 0)
(0.150513 -0.420169 0)
(0.189036 -0.47744 0)
(0.301363 -0.677597 0)
(0.441738 -0.760504 0)
(0.523571 -0.753051 0)
(-0.00433452 -0.0477908 0)
(-0.00554432 -0.0961969 0)
(-0.00730974 -0.134098 0)
(-0.0159358 -0.17198 0)
(-0.0346544 -0.199116 0)
(-0.062527 -0.202651 0)
(-0.0762042 -0.161602 0)
(-0.0868493 -0.12534 0)
(-0.0654605 0.00732235 0)
(0.0961656 0.031569 0)
(0.1689 -0.191805 0)
(0.171498 -0.364382 0)
(0.157512 -0.414276 0)
(0.177809 -0.424335 0)
(0.222796 -0.396259 0)
(0.246306 -0.330403 0)
(0.274928 -0.232226 0)
(0.293357 -0.133563 0)
(0.308635 0.003287 0)
(0.301639 0.106786 0)
(0.263051 0.076699 0)
(0.187938 -0.0430047 0)
(0.158031 -0.0647334 0)
(0.00826244 -0.156204 0)
(0.021057 -0.18803 0)
(0.0230946 -0.207271 0)
(0.0145683 -0.227304 0)
(-0.0045694 -0.239438 0)
(-0.0288133 -0.236744 0)
(-0.0497371 -0.216723 0)
(-0.0569077 -0.192314 0)
(-0.0636356 -0.122481 0)
(0.0620436 -0.0567043 0)
(0.103865 -0.155892 0)
(0.105241 -0.243774 0)
(0.0724875 -0.272657 0)
(0.0453579 -0.299095 0)
(0.03481 -0.32194 0)
(0.0294983 -0.326978 0)
(0.0299288 -0.31566 0)
(0.0345471 -0.310863 0)
(0.0558763 -0.300949 0)
(0.117722 -0.287098 0)
(0.162093 -0.280183 0)
(0.144704 -0.290904 0)
(0.0898723 -0.284413 0)
(0.00626758 -0.12282 0)
(0.0167871 -0.157116 0)
(0.0216717 -0.175842 0)
(0.0175308 -0.191579 0)
(0.00410592 -0.201264 0)
(-0.0141368 -0.201238 0)
(-0.031972 -0.194965 0)
(-0.0394123 -0.180709 0)
(-0.0388864 -0.162919 0)
(0.0202114 -0.14729 0)
(0.0539135 -0.209433 0)
(0.0283087 -0.256521 0)
(0.0029053 -0.276866 0)
(-0.022493 -0.290824 0)
(-0.0431026 -0.289615 0)
(-0.0631478 -0.269371 0)
(-0.0786713 -0.241331 0)
(-0.0908503 -0.20895 0)
(-0.101734 -0.169119 0)
(-0.0996186 -0.14192 0)
(-0.0896235 -0.146161 0)
(-0.0851456 -0.175668 0)
(-0.0723035 -0.190682 0)
(0.00463458 -0.143398 0)
(0.0115769 -0.170352 0)
(0.0146638 -0.17867 0)
(0.00938922 -0.183472 0)
(-0.00042973 -0.184761 0)
(-0.0124706 -0.182869 0)
(-0.0227829 -0.177662 0)
(-0.0270029 -0.169879 0)
(-0.0249384 -0.164957 0)
(-0.00395844 -0.157163 0)
(0.00651063 -0.195414 0)
(-0.014263 -0.225386 0)
(-0.0362282 -0.261193 0)
(-0.0596964 -0.287756 0)
(-0.0871639 -0.29462 0)
(-0.108758 -0.280189 0)
(-0.122946 -0.261138 0)
(-0.134636 -0.242935 0)
(-0.139205 -0.216268 0)
(-0.129999 -0.198412 0)
(-0.12224 -0.189455 0)
(-0.116464 -0.192228 0)
(-0.118 -0.194829 0)
(0.00273157 -0.151325 0)
(0.00481849 -0.175533 0)
(0.00149126 -0.178129 0)
(-0.00412887 -0.178924 0)
(-0.00911824 -0.178375 0)
(-0.0136954 -0.177193 0)
(-0.0176609 -0.174687 0)
(-0.0184848 -0.171179 0)
(-0.0175148 -0.170713 0)
(-0.00941196 -0.167511 0)
(-0.00806414 -0.182378 0)
(-0.0218848 -0.197997 0)
(-0.042455 -0.222773 0)
(-0.0699151 -0.246091 0)
(-0.100532 -0.25623 0)
(-0.119824 -0.252422 0)
(-0.131577 -0.239509 0)
(-0.138404 -0.226981 0)
(-0.138395 -0.210552 0)
(-0.131436 -0.20359 0)
(-0.128171 -0.202839 0)
(-0.128513 -0.200309 0)
(-0.126788 -0.191297 0)
(0.00124362 -0.152759 0)
(-0.000999647 -0.17331 0)
(-0.00421902 -0.174105 0)
(-0.00775565 -0.175517 0)
(-0.0110152 -0.176416 0)
(-0.0138294 -0.175514 0)
(-0.0144191 -0.17403 0)
(-0.013559 -0.173836 0)
(-0.0132494 -0.174207 0)
(-0.00969003 -0.171794 0)
(-0.0101965 -0.177966 0)
(-0.0164488 -0.187006 0)
(-0.0249057 -0.204755 0)
(-0.0458827 -0.222691 0)
(-0.0748824 -0.233634 0)
(-0.0962491 -0.237479 0)
(-0.108221 -0.232181 0)
(-0.11463 -0.227671 0)
(-0.116243 -0.213038 0)
(-0.118203 -0.202518 0)
(-0.126638 -0.200602 0)
(-0.131919 -0.203119 0)
(-0.135204 -0.198444 0)
(2.49212e-05 -0.152452 0)
(-0.00247506 -0.170622 0)
(-0.00488556 -0.170891 0)
(-0.00658565 -0.172048 0)
(-0.00900824 -0.173358 0)
(-0.0106117 -0.173964 0)
(-0.0118698 -0.174437 0)
(-0.0121865 -0.174482 0)
(-0.0120243 -0.174602 0)
(-0.0113549 -0.173028 0)
(-0.0103804 -0.177082 0)
(-0.0129111 -0.184763 0)
(-0.0171648 -0.19595 0)
(-0.0293122 -0.202699 0)
(-0.0460364 -0.21024 0)
(-0.0597431 -0.217172 0)
(-0.0768702 -0.218441 0)
(-0.0903614 -0.214732 0)
(-0.0999544 -0.205515 0)
(-0.106773 -0.191389 0)
(-0.115204 -0.185735 0)
(-0.129218 -0.183787 0)
(-0.140406 -0.180068 0)
(-0.000875448 -0.149796 0)
(-0.00217568 -0.167751 0)
(-0.00345339 -0.168791 0)
(-0.00506083 -0.170393 0)
(-0.00737053 -0.171461 0)
(-0.0102559 -0.172897 0)
(-0.0128019 -0.173481 0)
(-0.0153121 -0.174218 0)
(-0.0172964 -0.174223 0)
(-0.0179968 -0.175169 0)
(-0.0179004 -0.177966 0)
(-0.0180081 -0.184149 0)
(-0.0225506 -0.189567 0)
(-0.0308237 -0.19524 0)
(-0.0425431 -0.202447 0)
(-0.0542599 -0.204728 0)
(-0.0737454 -0.202812 0)
(-0.0892736 -0.198869 0)
(-0.099127 -0.195364 0)
(-0.109857 -0.185021 0)
(-0.122028 -0.174998 0)
(-0.134696 -0.176783 0)
(-0.144536 -0.178442 0)
(-0.000265184 -0.148416 0)
(-0.00202643 -0.166489 0)
(-0.00385549 -0.166897 0)
(-0.00709944 -0.167465 0)
(-0.0099109 -0.168043 0)
(-0.0134302 -0.168722 0)
(-0.0170413 -0.169321 0)
(-0.0203193 -0.170228 0)
(-0.023483 -0.171986 0)
(-0.0261494 -0.173883 0)
(-0.0284138 -0.175525 0)
(-0.031154 -0.177925 0)
(-0.0363583 -0.181785 0)
(-0.0418185 -0.186983 0)
(-0.0513907 -0.189007 0)
(-0.0622476 -0.186414 0)
(-0.0751845 -0.189259 0)
(-0.0861222 -0.19148 0)
(-0.0972521 -0.186733 0)
(-0.107864 -0.176103 0)
(-0.11466 -0.164847 0)
(-0.123342 -0.165145 0)
(-0.130505 -0.168532 0)
(-0.000553905 -0.147591 0)
(-0.00249629 -0.164051 0)
(-0.00591484 -0.163615 0)
(-0.00823342 -0.163992 0)
(-0.0109933 -0.16448 0)
(-0.0135552 -0.164787 0)
(-0.0162523 -0.16559 0)
(-0.019356 -0.16617 0)
(-0.0230991 -0.166814 0)
(-0.0272412 -0.16923 0)
(-0.0319011 -0.172236 0)
(-0.0360632 -0.175232 0)
(-0.0425841 -0.176663 0)
(-0.0503723 -0.178443 0)
(-0.0581921 -0.178531 0)
(-0.0666799 -0.178333 0)
(-0.0741352 -0.176899 0)
(-0.0844205 -0.174982 0)
(-0.0968462 -0.17104 0)
(-0.108017 -0.163586 0)
(-0.116418 -0.155725 0)
(-0.124993 -0.157078 0)
(-0.130537 -0.157817 0)
(-0.000961693 -0.1453 0)
(-0.00343443 -0.161573 0)
(-0.00530757 -0.161509 0)
(-0.00744608 -0.16232 0)
(-0.00980961 -0.162401 0)
(-0.012202 -0.162356 0)
(-0.0149012 -0.162614 0)
(-0.0177436 -0.162965 0)
(-0.0208 -0.164061 0)
(-0.0246469 -0.165798 0)
(-0.0304931 -0.167631 0)
(-0.0349693 -0.169416 0)
(-0.0407152 -0.169224 0)
(-0.0484671 -0.170929 0)
(-0.0561378 -0.171584 0)
(-0.0645487 -0.172191 0)
(-0.0713524 -0.171789 0)
(-0.0799639 -0.16851 0)
(-0.0899447 -0.165076 0)
(-0.0976663 -0.158775 0)
(-0.104473 -0.152596 0)
(-0.110242 -0.153142 0)
(-0.119107 -0.155772 0)
(-0.000704061 -0.143806 0)
(-0.00277644 -0.159575 0)
(-0.00531157 -0.159401 0)
(-0.00792777 -0.159465 0)
(-0.0106931 -0.159755 0)
(-0.0134849 -0.160346 0)
(-0.016112 -0.160774 0)
(-0.0187794 -0.161085 0)
(-0.0216034 -0.161067 0)
(-0.0251609 -0.161411 0)
(-0.0282911 -0.1624 0)
(-0.0341718 -0.162507 0)
(-0.0396598 -0.163772 0)
(-0.0447593 -0.163955 0)
(-0.0513049 -0.163641 0)
(-0.0591639 -0.162371 0)
(-0.0688775 -0.159646 0)
(-0.0790022 -0.156284 0)
(-0.086378 -0.153264 0)
(-0.0932081 -0.146963 0)
(-0.102448 -0.141608 0)
(-0.106855 -0.140425 0)
(-0.115627 -0.139405 0)
(-0.00112391 -0.141079 0)
(-0.00382398 -0.156576 0)
(-0.00656705 -0.156562 0)
(-0.00918872 -0.156826 0)
(-0.0118509 -0.156928 0)
(-0.0145872 -0.156939 0)
(-0.0176093 -0.157124 0)
(-0.0208297 -0.157471 0)
(-0.0242125 -0.157871 0)
(-0.0273182 -0.157287 0)
(-0.0318203 -0.157149 0)
(-0.0374676 -0.158322 0)
(-0.0430962 -0.158751 0)
(-0.0488148 -0.157565 0)
(-0.054799 -0.156864 0)
(-0.061161 -0.154811 0)
(-0.067233 -0.15257 0)
(-0.0732188 -0.152635 0)
(-0.0800617 -0.149216 0)
(-0.0885624 -0.143371 0)
(-0.0940657 -0.138495 0)
(-0.101775 -0.136973 0)
(-0.10977 -0.132416 0)
(-0.000781208 -0.139856 0)
(-0.00276683 -0.154786 0)
(-0.00523094 -0.154485 0)
(-0.00769786 -0.154465 0)
(-0.0103376 -0.15443 0)
(-0.0130957 -0.154439 0)
(-0.0159614 -0.154384 0)
(-0.0190728 -0.154389 0)
(-0.0225864 -0.154446 0)
(-0.0269516 -0.154678 0)
(-0.0309997 -0.154178 0)
(-0.0338457 -0.153852 0)
(-0.038554 -0.153237 0)
(-0.0452068 -0.152665 0)
(-0.0513438 -0.152038 0)
(-0.0564319 -0.149941 0)
(-0.0635592 -0.147901 0)
(-0.070793 -0.142764 0)
(-0.0793555 -0.138055 0)
(-0.0846146 -0.134348 0)
(-0.090313 -0.13188 0)
(-0.0975444 -0.12739 0)
(-0.105433 -0.121895 0)
(-0.0010249 -0.136981 0)
(-0.00349096 -0.15154 0)
(-0.00609754 -0.151304 0)
(-0.00867713 -0.151261 0)
(-0.0114348 -0.151156 0)
(-0.0144283 -0.151094 0)
(-0.0175567 -0.151058 0)
(-0.0207845 -0.150892 0)
(-0.0242438 -0.150487 0)
(-0.0278402 -0.149672 0)
(-0.0312235 -0.14895 0)
(-0.0355928 -0.14844 0)
(-0.0402728 -0.147031 0)
(-0.0441677 -0.145849 0)
(-0.0500669 -0.143724 0)
(-0.0577728 -0.142521 0)
(-0.0630602 -0.139578 0)
(-0.068545 -0.136713 0)
(-0.0727112 -0.135396 0)
(-0.0784444 -0.131334 0)
(-0.0849152 -0.124343 0)
(-0.0930741 -0.119057 0)
(-0.0986698 -0.116194 0)
(-0.000977907 -0.13564 0)
(-0.00324069 -0.149946 0)
(-0.00571143 -0.149695 0)
(-0.00803783 -0.149569 0)
(-0.0104136 -0.149312 0)
(-0.0127707 -0.148872 0)
(-0.015384 -0.148404 0)
(-0.0183503 -0.147978 0)
(-0.0215192 -0.147422 0)
(-0.0249007 -0.146755 0)
(-0.029199 -0.146005 0)
(-0.0342748 -0.144656 0)
(-0.0388448 -0.143686 0)
(-0.0439732 -0.141625 0)
(-0.0481609 -0.140206 0)
(-0.0512443 -0.138648 0)
(-0.0569833 -0.135958 0)
(-0.0628732 -0.13251 0)
(-0.0690575 -0.126501 0)
(-0.0768403 -0.122022 0)
(-0.081635 -0.119612 0)
(-0.0863869 -0.115194 0)
(-0.0929082 -0.108077 0)
(-0.00097561 -0.13285 0)
(-0.00322186 -0.146734 0)
(-0.00573583 -0.14646 0)
(-0.00823782 -0.146233 0)
(-0.0109497 -0.145939 0)
(-0.013818 -0.145651 0)
(-0.0167679 -0.145262 0)
(-0.0198295 -0.144646 0)
(-0.0230268 -0.143824 0)
(-0.026299 -0.142725 0)
(-0.0293448 -0.141207 0)
(-0.0320211 -0.13999 0)
(-0.0357657 -0.138677 0)
(-0.0399757 -0.137263 0)
(-0.0448527 -0.134744 0)
(-0.0510593 -0.131412 0)
(-0.0570844 -0.128598 0)
(-0.0618757 -0.12491 0)
(-0.0662837 -0.122901 0)
(-0.0695603 -0.119941 0)
(-0.0752397 -0.113401 0)
(-0.0818923 -0.107802 0)
(-0.0867955 -0.103065 0)
(-0.000915537 -0.131536 0)
(-0.00290303 -0.14523 0)
(-0.00511033 -0.14494 0)
(-0.00720813 -0.144605 0)
(-0.00942834 -0.144113 0)
(-0.0117708 -0.14348 0)
(-0.0143366 -0.142747 0)
(-0.0171539 -0.141938 0)
(-0.0202249 -0.141022 0)
(-0.0235726 -0.139994 0)
(-0.0273594 -0.138833 0)
(-0.0317639 -0.137097 0)
(-0.035918 -0.135033 0)
(-0.0400237 -0.132822 0)
(-0.044086 -0.130706 0)
(-0.0476311 -0.128879 0)
(-0.051059 -0.126291 0)
(-0.0556588 -0.122618 0)
(-0.060701 -0.117106 0)
(-0.0665596 -0.112105 0)
(-0.0714066 -0.108651 0)
(-0.0758974 -0.103721 0)
(-0.0807996 -0.097587 0)
(-0.000920157 -0.128964 0)
(-0.00297234 -0.142343 0)
(-0.00524442 -0.142066 0)
(-0.00745662 -0.141666 0)
(-0.00980323 -0.141116 0)
(-0.0122345 -0.140415 0)
(-0.0147584 -0.139533 0)
(-0.0173841 -0.138462 0)
(-0.0201335 -0.137212 0)
(-0.0230144 -0.135757 0)
(-0.0259498 -0.134076 0)
(-0.0287724 -0.132444 0)
(-0.0319865 -0.130745 0)
(-0.035584 -0.12859 0)
(-0.039465 -0.125982 0)
(-0.04392 -0.122738 0)
(-0.0489147 -0.119258 0)
(-0.0536057 -0.115969 0)
(-0.0577736 -0.112988 0)
(-0.0614706 -0.109087 0)
(-0.0657914 -0.103912 0)
(-0.0706589 -0.0986981 0)
(-0.0749593 -0.0931774 0)
(-0.000832189 -0.127811 0)
(-0.00253594 -0.141009 0)
(-0.00450389 -0.140722 0)
(-0.00638616 -0.140249 0)
(-0.00843959 -0.13961 0)
(-0.0106296 -0.138816 0)
(-0.0129989 -0.137872 0)
(-0.0155544 -0.13678 0)
(-0.0182946 -0.135538 0)
(-0.0212097 -0.134115 0)
(-0.0242676 -0.132338 0)
(-0.0275643 -0.13014 0)
(-0.0310117 -0.127846 0)
(-0.0345293 -0.125506 0)
(-0.0381043 -0.122894 0)
(-0.0416359 -0.120094 0)
(-0.0451059 -0.116958 0)
(-0.0487955 -0.113113 0)
(-0.0528795 -0.108646 0)
(-0.057108 -0.10412 0)
(-0.061141 -0.0996824 0)
(-0.0652079 -0.0946752 0)
(-0.0691868 -0.0890523 0)
(-0.000767472 -0.125567 0)
(-0.00240982 -0.138505 0)
(-0.00427874 -0.138185 0)
(-0.00606758 -0.137556 0)
(-0.00800166 -0.13674 0)
(-0.0100252 -0.135725 0)
(-0.0121695 -0.134517 0)
(-0.0144512 -0.133137 0)
(-0.0168818 -0.131593 0)
(-0.0194852 -0.129918 0)
(-0.0222812 -0.128211 0)
(-0.0251321 -0.12635 0)
(-0.0280629 -0.124137 0)
(-0.0311878 -0.121575 0)
(-0.0345098 -0.11878 0)
(-0.0380109 -0.11567 0)
(-0.041679 -0.112251 0)
(-0.0453853 -0.10867 0)
(-0.0489853 -0.104835 0)
(-0.0525131 -0.100549 0)
(-0.056123 -0.0958138 0)
(-0.0599143 -0.090804 0)
(-0.0635511 -0.0853663 0)
(-0.000657966 -0.12462 0)
(-0.00202075 -0.137471 0)
(-0.00367471 -0.137164 0)
(-0.00522463 -0.136498 0)
(-0.00694099 -0.135645 0)
(-0.00876089 -0.134581 0)
(-0.0107287 -0.133311 0)
(-0.0128589 -0.131855 0)
(-0.0151422 -0.130204 0)
(-0.0175599 -0.128329 0)
(-0.0201196 -0.126216 0)
(-0.0228599 -0.123894 0)
(-0.0257442 -0.121434 0)
(-0.0287029 -0.118797 0)
(-0.031736 -0.115887 0)
(-0.0348503 -0.112717 0)
(-0.0380205 -0.109268 0)
(-0.0412659 -0.105459 0)
(-0.0446069 -0.10132 0)
(-0.0479648 -0.0969182 0)
(-0.051282 -0.092283 0)
(-0.0546683 -0.0873353 0)
(-0.0579997 -0.0819891 0)
(-0.000506552 -0.12305 0)
(-0.00166455 -0.135529 0)
(-0.00313386 -0.13518 0)
(-0.00447008 -0.134377 0)
(-0.00597374 -0.133378 0)
(-0.00755531 -0.132156 0)
(-0.00924685 -0.130721 0)
(-0.011089 -0.129113 0)
(-0.0131104 -0.127346 0)
(-0.0153268 -0.125426 0)
(-0.0177232 -0.123346 0)
(-0.0202552 -0.121066 0)
(-0.022895 -0.118532 0)
(-0.0256439 -0.115736 0)
(-0.0284848 -0.112721 0)
(-0.0313977 -0.109464 0)
(-0.0343656 -0.105944 0)
(-0.0373706 -0.102169 0)
(-0.0403911 -0.0981087 0)
(-0.0434103 -0.0937377 0)
(-0.0464224 -0.089073 0)
(-0.0494945 -0.0841486 0)
(-0.0525471 -0.0789005 0)
(-0.000323868 -0.122391 0)
(-0.001304 -0.134629 0)
(-0.00266201 -0.13427 0)
(-0.00381716 -0.133406 0)
(-0.00514439 -0.132357 0)
(-0.00650468 -0.131065 0)
(-0.007849 -0.129439 0)
(-0.00923315 -0.127568 0)
(-0.0107564 -0.125498 0)
(-0.0124986 -0.123262 0)
(-0.0145352 -0.120915 0)
(-0.0168853 -0.11847 0)
(-0.0194739 -0.115898 0)
(-0.0222416 -0.113151 0)
(-0.0249882 -0.110078 0)
(-0.0277689 -0.106755 0)
(-0.0305412 -0.103171 0)
(-0.0333082 -0.0993208 0)
(-0.0360816 -0.0951975 0)
(-0.038847 -0.0908041 0)
(-0.0415936 -0.0861491 0)
(-0.0443706 -0.081242 0)
(-0.047164 -0.0760561 0)
(-4.80438e-05 -0.121465 0)
(-0.000978731 -0.133178 0)
(-0.0024211 -0.132801 0)
(-0.00351053 -0.131889 0)
(-0.00477867 -0.130786 0)
(-0.00602497 -0.129462 0)
(-0.00729942 -0.12795 0)
(-0.00857284 -0.126141 0)
(-0.00986255 -0.124 0)
(-0.0111967 -0.121534 0)
(-0.0126113 -0.118816 0)
(-0.014183 -0.115925 0)
(-0.0160075 -0.112965 0)
(-0.0181832 -0.109992 0)
(-0.0207581 -0.106997 0)
(-0.0235183 -0.103834 0)
(-0.0263489 -0.100439 0)
(-0.029055 -0.0966544 0)
(-0.0316844 -0.0925512 0)
(-0.0342402 -0.0881642 0)
(-0.0367559 -0.0835055 0)
(-0.0392764 -0.0785946 0)
(-0.041836 -0.0734347 0)
(0.000126329 -0.121052 0)
(-0.000927057 -0.131902 0)
(-0.00277542 -0.131529 0)
(-0.00403482 -0.130669 0)
(-0.00545048 -0.129589 0)
(-0.00676662 -0.128328 0)
(-0.00806364 -0.126845 0)
(-0.00931252 -0.12506 0)
(-0.0104949 -0.122943 0)
(-0.011627 -0.120522 0)
(-0.0127534 -0.117809 0)
(-0.0139505 -0.114869 0)
(-0.0152598 -0.111708 0)
(-0.0166053 -0.108208 0)
(-0.0180211 -0.104636 0)
(-0.0196744 -0.101014 0)
(-0.0216858 -0.0973618 0)
(-0.024216 -0.0937448 0)
(-0.0268823 -0.0899168 0)
(-0.0294262 -0.0857236 0)
(-0.0318134 -0.0811013 0)
(-0.0341497 -0.0761876 0)
(-0.0365127 -0.0710283 0)
(0.000173669 -0.120876 0)
(-0.00136277 -0.130452 0)
(-0.00396201 -0.130085 0)
(-0.00575134 -0.129373 0)
(-0.00766133 -0.128396 0)
(-0.00931873 -0.127148 0)
(-0.0109221 -0.125683 0)
(-0.0123653 -0.12396 0)
(-0.0136342 -0.121985 0)
(-0.0146605 -0.119693 0)
(-0.0154251 -0.117033 0)
(-0.015996 -0.114022 0)
(-0.0165109 -0.110744 0)
(-0.0171235 -0.10732 0)
(-0.0179081 -0.103701 0)
(-0.018855 -0.0998825 0)
(-0.0199608 -0.0958116 0)
(-0.0209515 -0.0915763 0)
(-0.0222698 -0.087297 0)
(-0.0241145 -0.0829991 0)
(-0.0264763 -0.0786078 0)
(-0.0288428 -0.0738971 0)
(-0.0311035 -0.0687324 0)
(5.91918e-05 -0.120709 0)
(-0.00231794 -0.128572 0)
(-0.00580774 -0.128253 0)
(-0.00842038 -0.127742 0)
(-0.011094 -0.126912 0)
(-0.013406 -0.125772 0)
(-0.0155401 -0.124425 0)
(-0.0174082 -0.122856 0)
(-0.0190394 -0.121019 0)
(-0.0203812 -0.118966 0)
(-0.0213484 -0.116618 0)
(-0.0218548 -0.11389 0)
(-0.0219171 -0.110771 0)
(-0.0216533 -0.107314 0)
(-0.0211923 -0.103492 0)
(-0.0207088 -0.0994104 0)
(-0.0203699 -0.0951762 0)
(-0.0204631 -0.0907909 0)
(-0.0208036 -0.0862376 0)
(-0.0213809 -0.0814849 0)
(-0.0219716 -0.0765066 0)
(-0.0231313 -0.0713186 0)
(-0.0254184 -0.0661298 0)
(-0.000398964 -0.118753 0)
(-0.00338779 -0.12461 0)
(-0.00742083 -0.124399 0)
(-0.0106898 -0.124091 0)
(-0.0139929 -0.12352 0)
(-0.0169789 -0.122731 0)
(-0.0196378 -0.121677 0)
(-0.0220015 -0.120405 0)
(-0.0239917 -0.118933 0)
(-0.0256493 -0.117224 0)
(-0.0269916 -0.115297 0)
(-0.0279633 -0.113089 0)
(-0.0284978 -0.110545 0)
(-0.028561 -0.107647 0)
(-0.0281293 -0.104353 0)
(-0.0271671 -0.1006 0)
(-0.0257564 -0.0964105 0)
(-0.0240772 -0.0917705 0)
(-0.0223937 -0.0867483 0)
(-0.0210456 -0.081389 0)
(-0.0204414 -0.0759209 0)
(-0.0204612 -0.0703013 0)
(-0.0209949 -0.0645133 0)
(-0.000799344 -0.114686 0)
(-0.00390879 -0.118327 0)
(-0.00768609 -0.118254 0)
(-0.0109591 -0.118167 0)
(-0.0142761 -0.117918 0)
(-0.0173761 -0.117564 0)
(-0.0202336 -0.117053 0)
(-0.0228026 -0.116377 0)
(-0.0250635 -0.115515 0)
(-0.0269838 -0.114439 0)
(-0.0285406 -0.113119 0)
(-0.0297301 -0.111549 0)
(-0.0305201 -0.109665 0)
(-0.0308877 -0.107451 0)
(-0.0308335 -0.104869 0)
(-0.0303587 -0.101873 0)
(-0.0294486 -0.0984031 0)
(-0.0281088 -0.0943937 0)
(-0.0263723 -0.0897918 0)
(-0.024329 -0.084575 0)
(-0.0220901 -0.0785655 0)
(-0.0200689 -0.0718877 0)
(-0.0185253 -0.0648496 0)
(-0.000752914 -0.112954 0)
(-0.00373179 -0.11541 0)
(-0.00741414 -0.115392 0)
(-0.0105752 -0.115374 0)
(-0.0138149 -0.115233 0)
(-0.0168575 -0.115005 0)
(-0.0197203 -0.114664 0)
(-0.0223411 -0.114195 0)
(-0.0246861 -0.113575 0)
(-0.0267174 -0.112779 0)
(-0.0284029 -0.111781 0)
(-0.0297212 -0.110553 0)
(-0.0306308 -0.109065 0)
(-0.0310491 -0.10728 0)
(-0.0309559 -0.105134 0)
(-0.0304019 -0.102569 0)
(-0.0294169 -0.0995291 0)
(-0.0280308 -0.0959482 0)
(-0.026291 -0.0917505 0)
(-0.0242772 -0.0868598 0)
(-0.0220827 -0.0811794 0)
(-0.0198478 -0.0746045 0)
(-0.0176147 -0.0671152 0)
(0.259543 0.208117 0)
(0.20253 0.154364 0)
(0.129158 -0.0648926 0)
(0.214337 -0.184186 0)
(0.239026 0.114012 0)
(0.254521 0.053048 0)
(0.309593 -0.018646 0)
(0.32034 -0.051637 0)
(0.297815 -0.00508764 0)
(0.304656 -0.0646248 0)
(0.326387 -0.130652 0)
(0.344182 -0.167796 0)
(0.602918 0.113664 0)
(0.578224 0.0384344 0)
(0.570766 -0.0370539 0)
(0.559188 -0.120665 0)
(0.787652 0.0272937 0)
(0.813997 -0.0075043 0)
(0.841338 -0.0727843 0)
(0.884209 -0.110356 0)
(0.698207 -0.0577786 0)
(0.713835 -0.0921183 0)
(0.743243 -0.151994 0)
(0.785191 -0.198951 0)
(0.459529 -0.097924 0)
(0.457373 -0.149447 0)
(0.485786 -0.21161 0)
(0.537564 -0.231513 0)
(0.24116 -0.191393 0)
(0.269719 -0.258044 0)
(0.310141 -0.295953 0)
(0.33868 -0.320172 0)
(0.181794 -0.376163 0)
(0.245809 -0.417669 0)
(0.277202 -0.422333 0)
(0.295201 -0.34366 0)
(0.420169 0.512966 0)
(0.380549 0.430751 0)
(0.331726 0.349968 0)
(0.318135 0.211779 0)
(0.553675 -0.736892 0)
(0.567589 -0.719774 0)
(0.582747 -0.694394 0)
(0.612068 -0.682318 0)
(0.126272 -0.0845153 0)
(0.114002 -0.111618 0)
(0.112786 -0.137708 0)
(0.111498 -0.188696 0)
(0.0495133 -0.312382 0)
(0.031006 -0.343358 0)
(0.0144651 -0.362293 0)
(-0.00573347 -0.387514 0)
(-0.0716786 -0.222023 0)
(-0.0805141 -0.243774 0)
(-0.0865388 -0.253473 0)
(-0.104678 -0.266606 0)
(-0.128032 -0.210241 0)
(-0.136925 -0.22757 0)
(-0.143504 -0.244843 0)
(-0.157985 -0.258884 0)
(-0.132131 -0.198867 0)
(-0.139074 -0.207605 0)
(-0.145796 -0.21057 0)
(-0.160563 -0.21619 0)
(-0.138309 -0.200377 0)
(-0.147354 -0.203832 0)
(-0.153628 -0.205608 0)
(-0.166592 -0.210655 0)
(-0.145297 -0.17774 0)
(-0.151912 -0.176031 0)
(-0.157428 -0.174547 0)
(-0.165216 -0.178119 0)
(-0.149938 -0.175199 0)
(-0.155929 -0.172496 0)
(-0.159271 -0.170122 0)
(-0.164575 -0.170138 0)
(-0.136961 -0.164611 0)
(-0.142689 -0.164278 0)
(-0.14587 -0.165264 0)
(-0.153494 -0.162888 0)
(-0.136568 -0.152517 0)
(-0.140764 -0.14834 0)
(-0.143749 -0.147117 0)
(-0.150412 -0.142677 0)
(-0.126898 -0.150076 0)
(-0.13287 -0.143455 0)
(-0.137147 -0.140968 0)
(-0.143281 -0.134583 0)
(-0.123227 -0.135159 0)
(-0.129294 -0.128829 0)
(-0.133872 -0.126142 0)
(-0.13696 -0.122489 0)
(-0.116695 -0.126864 0)
(-0.121523 -0.120913 0)
(-0.125541 -0.117396 0)
(-0.128803 -0.114002 0)
(-0.110399 -0.119345 0)
(-0.114114 -0.115176 0)
(-0.117917 -0.110623 0)
(-0.120361 -0.106365 0)
(-0.103511 -0.110771 0)
(-0.107192 -0.107301 0)
(-0.110546 -0.103327 0)
(-0.113738 -0.0989239 0)
(-0.0970894 -0.104845 0)
(-0.0995799 -0.101615 0)
(-0.102873 -0.0978703 0)
(-0.105428 -0.0943705 0)
(-0.0903213 -0.0985076 0)
(-0.0928675 -0.0957697 0)
(-0.0953986 -0.0924946 0)
(-0.0983814 -0.0887484 0)
(-0.0840528 -0.0934266 0)
(-0.086098 -0.0907321 0)
(-0.0883603 -0.0876774 0)
(-0.0910171 -0.0844226 0)
(-0.077816 -0.0887633 0)
(-0.0797268 -0.0860944 0)
(-0.0815676 -0.0832533 0)
(-0.0840532 -0.0801672 0)
(-0.0718002 -0.0847235 0)
(-0.0734979 -0.0820288 0)
(-0.0750848 -0.0792665 0)
(-0.0772849 -0.0763825 0)
(-0.0659345 -0.0810809 0)
(-0.0674989 -0.0783825 0)
(-0.0688832 -0.0756728 0)
(-0.0707933 -0.0729088 0)
(-0.0602002 -0.0777954 0)
(-0.0616468 -0.0751073 0)
(-0.0629054 -0.0724208 0)
(-0.0645438 -0.0697296 0)
(-0.0545886 -0.0747968 0)
(-0.0559317 -0.0721404 0)
(-0.0571066 -0.069475 0)
(-0.0585105 -0.0668266 0)
(-0.049068 -0.0720313 0)
(-0.0503183 -0.0694144 0)
(-0.0514427 -0.0667715 0)
(-0.0526767 -0.0641502 0)
(-0.0436282 -0.0694637 0)
(-0.0447899 -0.066883 0)
(-0.0458734 -0.0642674 0)
(-0.0469896 -0.0616677 0)
(-0.0382137 -0.0670755 0)
(-0.0393093 -0.0645117 0)
(-0.0403712 -0.0619154 0)
(-0.0414186 -0.0593305 0)
(-0.0327501 -0.0647809 0)
(-0.0338135 -0.0622266 0)
(-0.0348657 -0.0596496 0)
(-0.0358944 -0.05708 0)
(-0.0270986 -0.0623733 0)
(-0.0282018 -0.0599106 0)
(-0.029269 -0.0573977 0)
(-0.0303133 -0.0548634 0)
(-0.0217923 -0.060299 0)
(-0.0225556 -0.0576684 0)
(-0.0234764 -0.0551214 0)
(-0.0244691 -0.0526192 0)
(-0.0183993 -0.0598176 0)
(-0.0183737 -0.0566084 0)
(-0.0185657 -0.0535486 0)
(-0.0189353 -0.05059 0)
(-0.0167576 -0.0614791 0)
(-0.0161595 -0.0578417 0)
(-0.01577 -0.0543223 0)
(-0.0154967 -0.0509055 0)
(0.277404 -0.19802 0)
(0.351009 -0.201634 0)
(0.509208 -0.159706 0)
(0.686087 -0.213487 0)
(0.793629 -0.269488 0)
(0.80771 -0.259617 0)
(0.773137 -0.271025 0)
(0.735161 -0.304198 0)
(0.737213 -0.267133 0)
(0.813558 -0.127365 0)
(1.01711 -0.160288 0)
(1.22631 -0.377348 0)
(1.32679 -0.565193 0)
(1.34414 -0.546244 0)
(1.30678 -0.41377 0)
(1.07255 0.101797 0)
(1.0125 0.83472 0)
(0.483831 1.45402 0)
(0.547654 1.80759 0)
(0.328231 -0.179576 0)
(0.351321 -0.248004 0)
(0.414814 -0.27101 0)
(0.503988 -0.329116 0)
(0.575241 -0.358037 0)
(0.624129 -0.330989 0)
(0.671025 -0.312099 0)
(0.7152 -0.325279 0)
(0.754874 -0.336872 0)
(0.8382 -0.351436 0)
(0.999164 -0.382294 0)
(1.18323 -0.446242 0)
(1.26005 -0.561227 0)
(1.24647 -0.557881 0)
(1.07292 -0.267609 0)
(0.583685 0.429324 0)
(0.403682 1.19524 0)
(0.0164314 1.70436 0)
(0.347472 2.14348 0)
(0.375094 -0.263605 0)
(0.39401 -0.350103 0)
(0.426211 -0.369605 0)
(0.483156 -0.376298 0)
(0.535172 -0.384922 0)
(0.578113 -0.370762 0)
(0.636721 -0.388704 0)
(0.712711 -0.393518 0)
(0.795747 -0.382771 0)
(0.886109 -0.374942 0)
(1.01276 -0.393594 0)
(1.13394 -0.499575 0)
(1.16191 -0.547479 0)
(1.07613 -0.369945 0)
(0.355394 0.273456 0)
(-0.00633645 0.8717 0)
(-0.119159 1.28654 0)
(-0.287753 1.71758 0)
(0.0889003 2.16231 0)
(0.581034 -0.20636 0)
(0.615774 -0.279319 0)
(0.634706 -0.3374 0)
(0.657839 -0.373894 0)
(0.665971 -0.385008 0)
(0.686001 -0.40277 0)
(0.730161 -0.444294 0)
(0.788094 -0.462847 0)
(0.846951 -0.472631 0)
(0.933556 -0.499514 0)
(1.06718 -0.549741 0)
(1.15951 -0.599803 0)
(1.14209 -0.502404 0)
(0.599361 0.0296237 0)
(-0.276424 0.708405 0)
(-0.287745 1.0008 0)
(-0.4329 1.282 0)
(-0.399871 1.56503 0)
(-0.134204 1.91742 0)
(0.874734 -0.207213 0)
(0.894872 -0.323382 0)
(0.938056 -0.361802 0)
(0.962287 -0.370546 0)
(0.961384 -0.374453 0)
(0.95598 -0.403643 0)
(0.956968 -0.445998 0)
(0.959627 -0.475961 0)
(0.98535 -0.515423 0)
(1.07059 -0.587003 0)
(1.16718 -0.679049 0)
(1.17384 -0.636955 0)
(0.599758 -0.0307667 0)
(-0.532982 0.866305 0)
(-0.544443 0.856183 0)
(-0.481865 1.06983 0)
(-0.559039 1.24512 0)
(-0.479292 1.43117 0)
(-0.190806 1.53447 0)
(0.819612 -0.275303 0)
(0.87885 -0.36928 0)
(0.936395 -0.416785 0)
(0.980068 -0.402728 0)
(1.00317 -0.384788 0)
(1.01682 -0.393842 0)
(1.02134 -0.425993 0)
(1.02816 -0.481598 0)
(1.07411 -0.556382 0)
(1.12943 -0.70343 0)
(1.14224 -0.71044 0)
(0.984101 -0.0716351 0)
(-0.92598 1.22818 0)
(-0.802587 0.885744 0)
(-0.74013 0.819379 0)
(-0.612652 1.06165 0)
(-0.556845 1.21788 0)
(-0.43191 1.28209 0)
(-0.145763 1.20477 0)
(0.552384 -0.316075 0)
(0.61129 -0.455494 0)
(0.691043 -0.523967 0)
(0.806033 -0.487333 0)
(0.889015 -0.446117 0)
(0.948045 -0.439549 0)
(0.987054 -0.452986 0)
(1.03841 -0.498764 0)
(1.07328 -0.6446 0)
(1.0985 -0.726214 0)
(1.06559 -0.501168 0)
(0.548142 1.91369 0)
(-1.10232 1.48288 0)
(-0.8329 0.737545 0)
(-0.769398 0.705467 0)
(-0.667935 0.943531 0)
(-0.480756 1.10698 0)
(-0.292901 1.08718 0)
(-0.0899859 0.987087 0)
(0.331271 -0.402957 0)
(0.321084 -0.447049 0)
(0.312052 -0.485414 0)
(0.454111 -0.512214 0)
(0.592704 -0.526907 0)
(0.713442 -0.517463 0)
(0.834062 -0.515823 0)
(0.927528 -0.587229 0)
(0.988458 -0.693696 0)
(1.00244 -0.613934 0)
(0.499858 -0.0562948 0)
(0.418897 2.02891 0)
(-0.665633 2.6938 0)
(-0.785956 0.712724 0)
(-0.706291 0.556751 0)
(-0.614957 0.705925 0)
(-0.414549 0.850281 0)
(-0.249281 0.931402 0)
(-0.0314219 0.853868 0)
(0.300927 -0.0317552 0)
(0.17839 0.491299 0)
(-0.0735044 0.256933 0)
(0.0236913 -0.282007 0)
(0.278851 -0.532003 0)
(0.540979 -0.591148 0)
(0.702876 -0.609755 0)
(0.794247 -0.674586 0)
(0.771944 -0.455999 0)
(0.317504 -0.174918 0)
(-0.300938 0.269926 0)
(0.202719 1.95289 0)
(-0.0807499 3.56239 0)
(-0.655023 1.0002 0)
(-0.773073 0.606307 0)
(-0.548501 0.582039 0)
(-0.427247 0.717629 0)
(-0.301933 0.779587 0)
(-0.0106481 0.729048 0)
(0.357062 -0.177874 0)
(0.620508 -0.617621 0)
(0.821042 -0.710173 0)
(0.873457 -0.552952 0)
(0.701692 -0.202845 0)
(0.617365 -0.2734 0)
(0.377358 -0.1756 0)
(0.0492128 0.0302061 0)
(-0.368857 -0.0367155 0)
(-0.405492 -0.139534 0)
(-0.28415 0.202627 0)
(-0.123099 1.41225 0)
(0.327721 3.68529 0)
(-0.348085 1.46372 0)
(-0.933607 0.547846 0)
(-0.680539 0.493763 0)
(-0.370882 0.489268 0)
(-0.299798 0.596656 0)
(-0.0494456 0.578761 0)
(0.618578 -0.695652 0)
(0.678345 -0.686966 0)
(0.626314 -0.723741 0)
(0.51609 -0.775662 0)
(0.349695 -0.740615 0)
(0.0210514 -0.41175 0)
(-0.32338 -0.322609 0)
(-0.506511 -0.410832 0)
(-0.475878 -0.285217 0)
(-0.454166 -0.228528 0)
(-0.334691 0.0818752 0)
(-0.365468 0.996091 0)
(0.500335 3.52266 0)
(0.0726686 2.05901 0)
(-0.592608 0.637805 0)
(-0.788357 0.380386 0)
(-0.412383 0.337207 0)
(-0.15711 0.349815 0)
(-0.0999851 0.434566 0)
(0.0830644 -0.278098 0)
(0.0259239 -0.388621 0)
(-0.134972 -0.507477 0)
(-0.286605 -0.48236 0)
(-0.448699 -0.405338 0)
(-0.493198 -0.430046 0)
(-0.465576 -0.345615 0)
(-0.4808 -0.264545 0)
(-0.519681 -0.254573 0)
(-0.526354 -0.232468 0)
(-0.482099 -0.0344379 0)
(-0.510692 0.766895 0)
(0.406871 3.13583 0)
(0.395147 2.42525 0)
(-0.0616893 1.25719 0)
(-0.340218 0.257568 0)
(-0.469376 0.290023 0)
(-0.0339228 0.173694 0)
(-0.094794 0.338352 0)
(-0.0471145 -0.393695 0)
(-0.126127 -0.391156 0)
(-0.23139 -0.372121 0)
(-0.319505 -0.332034 0)
(-0.372679 -0.311856 0)
(-0.437112 -0.264358 0)
(-0.490535 -0.204708 0)
(-0.532878 -0.225288 0)
(-0.549908 -0.221014 0)
(-0.594908 -0.228559 0)
(-0.633462 -0.0913249 0)
(-0.673384 0.509119 0)
(0.0985655 2.48342 0)
(0.52261 2.49119 0)
(0.170975 1.55924 0)
(0.148025 0.481339 0)
(-0.122014 0.190571 0)
(-0.00441178 0.134804 0)
(-0.0427181 0.278752 0)
(-0.133036 -0.279619 0)
(-0.190517 -0.309204 0)
(-0.26926 -0.328062 0)
(-0.332924 -0.291822 0)
(-0.39201 -0.275511 0)
(-0.454938 -0.262318 0)
(-0.490186 -0.215988 0)
(-0.51414 -0.184419 0)
(-0.561229 -0.187284 0)
(-0.624342 -0.170296 0)
(-0.70904 -0.0865369 0)
(-0.786095 0.332458 0)
(-0.252847 1.7782 0)
(0.50468 2.45506 0)
(0.26447 1.58817 0)
(0.430244 0.632661 0)
(0.0889955 0.28944 0)
(-0.0415795 0.143209 0)
(-0.00632168 0.269899 0)
(-0.177369 -0.273232 0)
(-0.217746 -0.284007 0)
(-0.261669 -0.28882 0)
(-0.297169 -0.285245 0)
(-0.332274 -0.268558 0)
(-0.377366 -0.240107 0)
(-0.429004 -0.186385 0)
(-0.478093 -0.157387 0)
(-0.533266 -0.124223 0)
(-0.615943 -0.0970357 0)
(-0.7062 -0.027366 0)
(-0.823353 0.247227 0)
(-0.51237 1.20227 0)
(0.287827 2.1899 0)
(0.36458 1.45286 0)
(0.515848 0.756833 0)
(0.122757 0.479707 0)
(-0.0986003 0.181755 0)
(0.0202655 0.287454 0)
(-0.181841 -0.219807 0)
(-0.21416 -0.225471 0)
(-0.248855 -0.216449 0)
(-0.287448 -0.196509 0)
(-0.33551 -0.17817 0)
(-0.381905 -0.161835 0)
(-0.420311 -0.132668 0)
(-0.457125 -0.105489 0)
(-0.504068 -0.0711366 0)
(-0.572753 -0.0217555 0)
(-0.648021 0.0492118 0)
(-0.783727 0.233768 0)
(-0.63375 0.802379 0)
(-0.113106 1.52556 0)
(0.344169 1.19871 0)
(0.408313 0.887267 0)
(0.172631 0.748092 0)
(-0.108203 0.216854 0)
(0.0292013 0.301982 0)
(-0.186661 -0.214245 0)
(-0.212897 -0.220157 0)
(-0.245836 -0.215969 0)
(-0.273984 -0.204472 0)
(-0.306235 -0.181142 0)
(-0.333202 -0.156063 0)
(-0.374044 -0.112988 0)
(-0.411103 -0.0717425 0)
(-0.453171 -0.0253296 0)
(-0.508267 0.0366985 0)
(-0.552303 0.115047 0)
(-0.646201 0.268259 0)
(-0.567188 0.614287 0)
(-0.240501 1.08652 0)
(0.129974 0.984068 0)
(0.332301 0.947789 0)
(0.0811072 0.941786 0)
(-0.0151778 0.218677 0)
(0.0222627 0.311556 0)
(-0.180184 -0.178454 0)
(-0.199814 -0.178129 0)
(-0.22369 -0.167843 0)
(-0.257164 -0.149055 0)
(-0.287215 -0.129334 0)
(-0.31345 -0.108061 0)
(-0.345979 -0.074812 0)
(-0.373718 -0.0374447 0)
(-0.400665 0.00796472 0)
(-0.438916 0.0746269 0)
(-0.451827 0.150764 0)
(-0.502207 0.283167 0)
(-0.414622 0.518862 0)
(-0.22209 0.80782 0)
(-0.0251251 0.77081 0)
(0.332591 0.930241 0)
(-0.127829 1.13314 0)
(0.053301 0.193538 0)
(0.0116371 0.333697 0)
(-0.175823 -0.169362 0)
(-0.19591 -0.165441 0)
(-0.217109 -0.155313 0)
(-0.242521 -0.137078 0)
(-0.260712 -0.120797 0)
(-0.285681 -0.095978 0)
(-0.3099 -0.0550539 0)
(-0.330123 -0.0165327 0)
(-0.347327 0.0272063 0)
(-0.370881 0.0942577 0)
(-0.360893 0.160991 0)
(-0.385987 0.267944 0)
(-0.272909 0.428232 0)
(-0.150553 0.633423 0)
(-0.00385841 0.576052 0)
(0.34351 0.901758 0)
(-0.094298 1.24568 0)
(0.0735398 0.187685 0)
(0.00925019 0.366895 0)
(-0.165508 -0.154373 0)
(-0.181909 -0.144648 0)
(-0.207325 -0.133775 0)
(-0.221777 -0.117614 0)
(-0.240243 -0.0965566 0)
(-0.260214 -0.072064 0)
(-0.280878 -0.0374336 0)
(-0.287334 -0.00260809 0)
(-0.300382 0.0388576 0)
(-0.309957 0.0986706 0)
(-0.285015 0.153747 0)
(-0.296535 0.235408 0)
(-0.170299 0.335556 0)
(-0.0906688 0.490516 0)
(0.101829 0.40881 0)
(0.340843 0.870442 0)
(0.0881887 1.31745 0)
(0.0801253 0.201519 0)
(0.00688254 0.405738 0)
(-0.162422 -0.137278 0)
(-0.176601 -0.128331 0)
(-0.19281 -0.117808 0)
(-0.205354 -0.103809 0)
(-0.220215 -0.0830337 0)
(-0.236518 -0.0583841 0)
(-0.248561 -0.0282909 0)
(-0.252263 0.00398084 0)
(-0.257275 0.0433612 0)
(-0.259049 0.0927948 0)
(-0.22582 0.13641 0)
(-0.229996 0.195825 0)
(-0.103526 0.255167 0)
(-0.0712555 0.341207 0)
(0.168108 0.256976 0)
(0.284292 0.862077 0)
(0.288907 1.40859 0)
(0.041618 0.29464 0)
(-0.00419641 0.456264 0)
(-0.15231 -0.125095 0)
(-0.166565 -0.115987 0)
(-0.177377 -0.107677 0)
(-0.188831 -0.0924281 0)
(-0.202847 -0.0691069 0)
(-0.214085 -0.0483244 0)
(-0.217254 -0.0235156 0)
(-0.224741 0.00908609 0)
(-0.219413 0.0403722 0)
(-0.218694 0.0822707 0)
(-0.181407 0.115514 0)
(-0.18977 0.154372 0)
(-0.0641734 0.195337 0)
(-0.0994934 0.217581 0)
(0.154652 0.16852 0)
(0.0226991 0.874235 0)
(0.392895 1.40278 0)
(-0.10298 0.497931 0)
(-0.0120514 0.502308 0)
(-0.144664 -0.114466 0)
(-0.156694 -0.105874 0)
(-0.163314 -0.0968115 0)
(-0.174814 -0.0811007 0)
(-0.184832 -0.0604479 0)
(-0.191485 -0.0435955 0)
(-0.194273 -0.0196448 0)
(-0.197957 0.0103311 0)
(-0.188802 0.0337938 0)
(-0.18796 0.0686967 0)
(-0.146198 0.0950776 0)
(-0.165916 0.11906 0)
(-0.0407206 0.154266 0)
(-0.129871 0.143141 0)
(0.108475 0.164345 0)
(-0.193756 0.751823 0)
(0.450157 1.28856 0)
(-0.16704 0.672436 0)
(-0.0174328 0.533124 0)
(-0.134348 -0.107549 0)
(-0.144958 -0.0983781 0)
(-0.151801 -0.0883921 0)
(-0.161029 -0.0729944 0)
(-0.169078 -0.0541698 0)
(-0.170614 -0.0392396 0)
(-0.176302 -0.018425 0)
(-0.173621 0.00818561 0)
(-0.164109 0.0264348 0)
(-0.163817 0.054029 0)
(-0.119126 0.0768919 0)
(-0.147727 0.0886189 0)
(-0.0223069 0.126347 0)
(-0.136387 0.10042 0)
(0.0978863 0.171542 0)
(-0.194203 0.602381 0)
(0.435674 1.16661 0)
(-0.0610436 0.819133 0)
(-0.0166531 0.564367 0)
(-0.125344 -0.0984397 0)
(-0.134615 -0.090901 0)
(-0.141173 -0.0804106 0)
(-0.147299 -0.0666961 0)
(-0.154167 -0.0509439 0)
(-0.153739 -0.0364399 0)
(-0.159089 -0.0180128 0)
(-0.153969 0.00369703 0)
(-0.144175 0.0189147 0)
(-0.144307 0.0393459 0)
(-0.0993948 0.0599007 0)
(-0.131427 0.0612632 0)
(-0.00779917 0.103161 0)
(-0.121946 0.0650316 0)
(0.107413 0.171465 0)
(-0.113134 0.482999 0)
(0.396008 1.07553 0)
(-0.0385645 0.957808 0)
(-0.00942595 0.625092 0)
(-0.116546 -0.0937461 0)
(-0.124342 -0.0845331 0)
(-0.130811 -0.0745185 0)
(-0.134751 -0.0616384 0)
(-0.140798 -0.0478882 0)
(-0.140077 -0.0347214 0)
(-0.143283 -0.0189116 0)
(-0.138327 -0.00127643 0)
(-0.128572 0.0113444 0)
(-0.128784 0.0253953 0)
(-0.0868416 0.0435384 0)
(-0.116303 0.0357731 0)
(0.000586395 0.0782801 0)
(-0.0961141 0.0273733 0)
(0.115544 0.141857 0)
(-0.0369233 0.384432 0)
(0.405654 0.990532 0)
(-0.00822863 1.07891 0)
(-0.000199665 0.693917 0)
(-0.108612 -0.0873344 0)
(-0.114922 -0.079024 0)
(-0.120933 -0.0695226 0)
(-0.123822 -0.0577754 0)
(-0.128649 -0.0456481 0)
(-0.128261 -0.0338276 0)
(-0.12986 -0.0202971 0)
(-0.12572 -0.00604334 0)
(-0.11678 0.00420817 0)
(-0.11687 0.0129707 0)
(-0.0813501 0.0275337 0)
(-0.104261 0.0130551 0)
(-0.00309106 0.0491985 0)
(-0.0760318 -0.0143303 0)
(0.109292 0.0824717 0)
(0.0157177 0.290366 0)
(0.401632 0.870849 0)
(0.191809 1.20922 0)
(0.0156113 0.851914 0)
(-0.101182 -0.0828946 0)
(-0.105984 -0.0742379 0)
(-0.111629 -0.0652138 0)
(-0.113934 -0.0546123 0)
(-0.117752 -0.0437682 0)
(-0.117933 -0.0331598 0)
(-0.118696 -0.0216722 0)
(-0.115595 -0.00999948 0)
(-0.108342 -0.00177431 0)
(-0.108768 0.00312615 0)
(-0.0817464 0.0132346 0)
(-0.0979299 -0.00405869 0)
(-0.0225685 0.0186342 0)
(-0.0747243 -0.0503907 0)
(0.0741157 0.0217775 0)
(0.013229 0.195487 0)
(0.290381 0.783562 0)
(0.265443 1.23997 0)
(0.0685642 1.03503 0)
(-0.0938892 -0.0784701 0)
(-0.0978364 -0.0701467 0)
(-0.102828 -0.0616171 0)
(-0.104964 -0.0519541 0)
(-0.108098 -0.0420899 0)
(-0.108746 -0.032533 0)
(-0.109362 -0.022624 0)
(-0.10739 -0.0128099 0)
(-0.102222 -0.00594915 0)
(-0.103774 -0.00319225 0)
(-0.0849989 0.00316511 0)
(-0.0989359 -0.0130412 0)
(-0.0517071 -0.00565481 0)
(-0.0942459 -0.0666818 0)
(0.00119265 -0.0240046 0)
(-0.0664122 0.140676 0)
(0.0749841 0.737114 0)
(0.147264 1.26543 0)
(0.0134337 1.0855 0)
(-0.086909 -0.0746594 0)
(-0.0901687 -0.0665467 0)
(-0.0945932 -0.0584333 0)
(-0.0966957 -0.0495799 0)
(-0.0994088 -0.0404989 0)
(-0.100463 -0.0317518 0)
(-0.101231 -0.0229323 0)
(-0.100325 -0.0144229 0)
(-0.0972696 -0.00811596 0)
(-0.100453 -0.00594544 0)
(-0.0884294 -0.00133246 0)
(-0.104847 -0.0139586 0)
(-0.0785639 -0.0142926 0)
(-0.128276 -0.0570203 0)
(-0.0784459 -0.0330937 0)
(-0.19667 0.15033 0)
(-0.133518 0.702425 0)
(-0.0454399 1.15499 0)
(0.0596322 0.945553 0)
(-0.080113 -0.0711283 0)
(-0.0829887 -0.0633561 0)
(-0.0868769 -0.0555841 0)
(-0.0889965 -0.0473608 0)
(-0.0914543 -0.0389168 0)
(-0.0927993 -0.0307897 0)
(-0.0938279 -0.0226063 0)
(-0.0939267 -0.01505 0)
(-0.0926911 -0.00853957 0)
(-0.0970524 -0.00562774 0)
(-0.0896812 -0.00086462 0)
(-0.10988 -0.00831482 0)
(-0.0939515 -0.00811134 0)
(-0.154933 -0.0311015 0)
(-0.126829 -0.0132374 0)
(-0.276296 0.185849 0)
(-0.229211 0.676844 0)
(-0.386918 1.04321 0)
(0.00086686 1.00883 0)
(-0.0735275 -0.0679258 0)
(-0.0761575 -0.0604852 0)
(-0.0795842 -0.0530085 0)
(-0.0817441 -0.0452762 0)
(-0.0840748 -0.0373855 0)
(-0.0855454 -0.0296621 0)
(-0.0867594 -0.0218737 0)
(-0.0875618 -0.0146392 0)
(-0.0876823 -0.00791769 0)
(-0.0924837 -0.00317593 0)
(-0.0876714 0.0030138 0)
(-0.111082 0.00152742 0)
(-0.096078 0.0069788 0)
(-0.165662 0.00357934 0)
(-0.135726 0.0232383 0)
(-0.290254 0.232399 0)
(-0.159916 0.654074 0)
(-0.337754 1.05362 0)
(0.0562103 0.987007 0)
(-0.0671409 -0.0649503 0)
(-0.0696402 -0.057833 0)
(-0.0726912 -0.0506295 0)
(-0.0748907 -0.0433136 0)
(-0.077082 -0.0358632 0)
(-0.0785782 -0.0283932 0)
(-0.0799174 -0.020939 0)
(-0.0809738 -0.0137065 0)
(-0.0818947 -0.00666235 0)
(-0.0860822 -0.000222659 0)
(-0.0816596 0.00775471 0)
(-0.106622 0.0121234 0)
(-0.0844455 0.0231697 0)
(-0.162725 0.0365778 0)
(-0.110694 0.0590373 0)
(-0.26721 0.260769 0)
(-0.158021 0.586357 0)
(-0.210943 0.960395 0)
(0.0804949 0.972564 0)
(-0.0609413 -0.062213 0)
(-0.0633636 -0.0553798 0)
(-0.0661287 -0.0484288 0)
(-0.0683501 -0.041438 0)
(-0.0703931 -0.0342989 0)
(-0.0718509 -0.0271174 0)
(-0.073171 -0.0199224 0)
(-0.0742388 -0.0127004 0)
(-0.075291 -0.0054594 0)
(-0.0783055 0.00225247 0)
(-0.0724493 0.0115411 0)
(-0.0977641 0.0194694 0)
(-0.0632922 0.0352809 0)
(-0.148569 0.0596064 0)
(-0.0611072 0.0852521 0)
(-0.220584 0.281051 0)
(-0.136896 0.526297 0)
(-0.125653 0.836572 0)
(0.0945459 0.964316 0)
(-0.0549272 -0.0596593 0)
(-0.0573032 -0.0530687 0)
(-0.0598453 -0.0463624 0)
(-0.0620466 -0.0396345 0)
(-0.0639856 -0.0327577 0)
(-0.0653795 -0.0258896 0)
(-0.0665959 -0.0189613 0)
(-0.0674757 -0.0119746 0)
(-0.0681595 -0.0046577 0)
(-0.069626 0.00348164 0)
(-0.0620109 0.0130458 0)
(-0.0857768 0.0223905 0)
(-0.0377805 0.0409042 0)
(-0.127528 0.0671852 0)
(0.00959305 0.0932779 0)
(-0.173744 0.276967 0)
(0.0797743 0.468703 0)
(-0.125247 0.8393 0)
(0.121401 0.964975 0)
(-0.0490679 -0.0572589 0)
(-0.0514191 -0.0508716 0)
(-0.0538076 -0.0443847 0)
(-0.0559761 -0.0378836 0)
(-0.0578405 -0.0312672 0)
(-0.059197 -0.0247364 0)
(-0.0603312 -0.0181399 0)
(-0.0608984 -0.0115643 0)
(-0.0609798 -0.00463569 0)
(-0.0613077 0.00303443 0)
(-0.0515485 0.0118138 0)
(-0.0727556 0.0199069 0)
(-0.0122596 0.0393614 0)
(-0.101355 0.0551118 0)
(0.0755151 0.0905076 0)
(-0.117439 0.217391 0)
(0.330991 0.428313 0)
(-0.175994 0.878974 0)
(0.187024 0.950233 0)
(-0.0433509 -0.0549845 0)
(-0.0456897 -0.0487772 0)
(-0.0479813 -0.0424641 0)
(-0.0501335 -0.0361637 0)
(-0.05198 -0.0297932 0)
(-0.0533678 -0.0235876 0)
(-0.0544687 -0.0173855 0)
(-0.0549228 -0.0112761 0)
(-0.0545938 -0.00521854 0)
(-0.0538531 0.00122167 0)
(-0.0434828 0.00847532 0)
(-0.060241 0.0128274 0)
(0.00283263 0.0312634 0)
(-0.0699883 0.0291144 0)
(0.105309 0.0787628 0)
(-0.0778665 0.15109 0)
(0.352283 0.427834 0)
(-0.330357 1.00948 0)
(0.320751 0.910739 0)
(-0.0377374 -0.0527888 0)
(-0.0400843 -0.0467174 0)
(-0.0423398 -0.040577 0)
(-0.044498 -0.0345151 0)
(-0.0463724 -0.0283929 0)
(-0.0478516 -0.0224931 0)
(-0.0489754 -0.0167531 0)
(-0.0495162 -0.0112323 0)
(-0.0491634 -0.00617082 0)
(-0.0479747 -0.00151007 0)
(-0.0381905 0.00294507 0)
(-0.0502603 0.00258025 0)
(0.00905262 0.0155462 0)
(-0.0405785 -0.00167478 0)
(0.129156 0.037738 0)
(-0.0163841 0.117411 0)
(0.34678 0.483686 0)
(-0.363714 1.04014 0)
(0.468878 0.923155 0)
(-0.0321247 -0.0506055 0)
(-0.0345691 -0.0446507 0)
(-0.0368756 -0.0386058 0)
(-0.0390562 -0.0326812 0)
(-0.0411228 -0.0267752 0)
(-0.0429444 -0.021045 0)
(-0.0444676 -0.0157217 0)
(-0.0455944 -0.0107686 0)
(-0.0460499 -0.00662873 0)
(-0.0457376 -0.00377444 0)
(-0.0388531 -0.0023016 0)
(-0.0480768 -0.00858708 0)
(0.0038907 -0.00376903 0)
(-0.0369501 -0.0418976 0)
(0.129554 -0.0414409 0)
(0.029481 0.0888707 0)
(0.439969 0.534633 0)
(-0.159848 1.02389 0)
(0.633695 1.07466 0)
(-0.0263141 -0.0484733 0)
(-0.0286914 -0.0425566 0)
(-0.0311726 -0.0367531 0)
(-0.0334459 -0.0310166 0)
(-0.0355137 -0.0253571 0)
(-0.0374803 -0.0198683 0)
(-0.0392635 -0.0146419 0)
(-0.0408764 -0.0100027 0)
(-0.0424941 -0.00640692 0)
(-0.0440764 -0.00453282 0)
(-0.0427947 -0.00568167 0)
(-0.0528855 -0.016683 0)
(-0.0199506 -0.0212828 0)
(-0.0744153 -0.0823081 0)
(0.0590726 -0.127516 0)
(-0.0310721 -0.00336132 0)
(0.504973 0.425033 0)
(0.131435 1.11117 0)
(0.795341 1.29737 0)
(-0.0199935 -0.045819 0)
(-0.0221587 -0.0397479 0)
(-0.0244811 -0.0339752 0)
(-0.0268144 -0.0283405 0)
(-0.0291424 -0.0228137 0)
(-0.0314384 -0.0174332 0)
(-0.0337335 -0.0121966 0)
(-0.0361195 -0.00738794 0)
(-0.0387483 -0.00330213 0)
(-0.0419571 -0.000705727 0)
(-0.04591 -0.000825846 0)
(-0.0561734 -0.00828281 0)
(-0.0512905 -0.0141205 0)
(-0.0982969 -0.0742063 0)
(-0.0111333 -0.117067 0)
(-0.178175 -0.21906 0)
(0.460479 0.141218 0)
(0.217968 1.02158 0)
(1.03798 1.71556 0)
(-0.0154257 -0.0454285 0)
(-0.015957 -0.0385717 0)
(-0.0170082 -0.0323323 0)
(-0.0183418 -0.0265609 0)
(-0.0196297 -0.0211116 0)
(-0.0207829 -0.015879 0)
(-0.0217653 -0.0107931 0)
(-0.0226691 -0.00588204 0)
(-0.0237752 -0.00125004 0)
(-0.0255527 0.00269498 0)
(-0.0283532 0.00512276 0)
(-0.0345371 0.00262779 0)
(-0.0364294 -0.00570449 0)
(-0.0705618 -0.0706669 0)
(0.00891411 -0.111826 0)
(-0.163977 -0.339381 0)
(0.265866 -0.0681893 0)
(-0.0736581 0.846926 0)
(1.07023 2.20069 0)
)
;

boundaryField
{
    leftWall
    {
        type            calculated;
        value           uniform (0 0 0);
    }
    rightWall
    {
        type            calculated;
        value           uniform (0 0 0);
    }
    lowerWall
    {
        type            calculated;
        value           uniform (0 0 0);
    }
    atmosphere
    {
        type            calculated;
        value           nonuniform List<vector> 
46
(
(-0.000752914 -0.112914 0)
(-0.00373179 -0.115342 0)
(-0.00741414 -0.115324 0)
(-0.0105752 -0.115309 0)
(-0.0138149 -0.115171 0)
(-0.0168575 -0.114948 0)
(-0.0197203 -0.114612 0)
(-0.0223411 -0.114149 0)
(-0.0246861 -0.113536 0)
(-0.0267174 -0.112747 0)
(-0.0284029 -0.111756 0)
(-0.0297212 -0.110534 0)
(-0.0306308 -0.109051 0)
(-0.0310491 -0.107271 0)
(-0.0309559 -0.105129 0)
(-0.0304019 -0.102568 0)
(-0.0294169 -0.099534 0)
(-0.0280308 -0.0959581 0)
(-0.026291 -0.091765 0)
(-0.0242772 -0.0868776 0)
(-0.0220827 -0.081198 0)
(-0.0198478 -0.074621 0)
(-0.0176147 -0.0671287 0)
(-0.0167576 -0.061489 0)
(-0.0161595 -0.0578491 0)
(-0.0157701 -0.0543268 0)
(-0.0154967 -0.0509074 0)
(-0.0154257 -0.0454255 0)
(-0.015957 -0.0385639 0)
(-0.0170082 -0.0323202 0)
(-0.0183418 -0.0265454 0)
(-0.0196297 -0.0210938 0)
(-0.0207829 -0.0158586 0)
(-0.0217653 -0.0107682 0)
(-0.0226691 -0.00584526 0)
(-0.0237752 -0.00117142 0)
(-0.0255527 0.00289289 0)
(-0.0283532 0.00552706 0)
(-0.0345371 0.00281721 0)
(-0.0364294 -0.00559668 0)
(-0.0705619 -0.0716045 0)
(0.00891411 -0.110893 0)
(-0.163977 -0.342742 0)
(0.265866 -0.0690322 0)
(-0.0736581 0.825769 0)
(1.07023 2.20488 0)
)
;
    }
    defaultFaces
    {
        type            empty;
    }
}


// ************************************************************************* //
