/*--------------------------------*- C++ -*----------------------------------*\
| =========                 |                                                 |
| \\      /  F ield         | OpenFOAM: The Open Source CFD Toolbox           |
|  \\    /   O peration     | Version:  2.4.0                                 |
|   \\  /    A nd           | Web:      www.OpenFOAM.org                      |
|    \\/     M anipulation  |                                                 |
\*---------------------------------------------------------------------------*/
FoamFile
{
    version     2.0;
    format      ascii;
    class       surfaceScalarField;
    location    "0.75";
    object      phi;
}
// * * * * * * * * * * * * * * * * * * * * * * * * * * * * * * * * * * * * * //

dimensions      [0 3 -1 0 0 0 0];

internalField   nonuniform List<scalar> 
4432
(
1.70271e-06
-1.70271e-06
3.70962e-06
-2.00691e-06
4.84379e-06
-1.13416e-06
6.02291e-06
-1.17913e-06
7.51617e-06
-1.49326e-06
7.79042e-06
-2.74242e-07
6.89782e-06
8.92599e-07
4.29034e-06
2.60748e-06
1.32168e-07
4.15817e-06
-4.66755e-06
4.79972e-06
-9.13392e-06
4.46637e-06
-1.33002e-05
4.16629e-06
-1.60425e-05
2.74225e-06
-1.65051e-05
4.62594e-07
-1.53336e-05
-1.17143e-06
-1.35819e-05
-1.75172e-06
-1.19929e-05
-1.589e-06
-1.04511e-05
-1.54183e-06
-8.88963e-06
-1.56144e-06
-6.35542e-06
-2.53421e-06
-4.24492e-06
-2.1105e-06
-3.47558e-06
-7.69343e-07
-3.47558e-06
1.73103e-06
-3.43374e-06
3.4847e-06
-3.76058e-06
4.98877e-06
-2.63823e-06
6.38505e-06
-2.57541e-06
7.60998e-06
-2.71819e-06
8.47672e-06
-1.14098e-06
8.0353e-06
1.33401e-06
5.87041e-06
4.77238e-06
1.47563e-06
8.55294e-06
-4.62487e-06
1.09002e-05
-1.03388e-05
1.01803e-05
-1.45012e-05
8.32876e-06
-1.66087e-05
4.84975e-06
-1.66944e-05
5.48273e-07
-1.53386e-05
-2.5272e-06
-1.34928e-05
-3.59752e-06
-1.17454e-05
-3.33647e-06
-1.01619e-05
-3.12527e-06
-8.26917e-06
-3.45422e-06
-5.91568e-06
-4.88769e-06
-3.66728e-06
-4.3589e-06
-2.07146e-06
-2.36516e-06
-5.54704e-06
1.77539e-06
-5.20913e-06
3.10777e-06
-5.09296e-06
5.18768e-06
-4.71814e-06
6.65593e-06
-4.04366e-06
7.14891e-06
-3.21117e-06
7.12635e-06
-1.11842e-06
6.1832e-06
2.27716e-06
4.40944e-06
6.54614e-06
5.25036e-07
1.24373e-05
-5.06466e-06
1.64899e-05
-1.0225e-05
1.53406e-05
-1.38649e-05
1.19686e-05
-1.60411e-05
7.02589e-06
-1.65476e-05
1.05486e-06
-1.56396e-05
-3.43521e-06
-1.40231e-05
-5.21404e-06
-1.20352e-05
-5.32443e-06
-1.00897e-05
-5.0707e-06
-7.7297e-06
-5.81424e-06
-5.32651e-06
-7.29087e-06
-2.87262e-06
-6.8128e-06
-7.45217e-07
-4.49257e-06
-6.29226e-06
1.72829e-06
-6.93742e-06
2.55802e-06
-5.9227e-06
4.86683e-06
-7.02695e-06
6.1236e-06
-5.30043e-06
5.99449e-06
-3.08206e-06
6.10528e-06
-1.22921e-06
7.30532e-06
1.07712e-06
6.13172e-06
7.71974e-06
-3.4997e-07
1.8919e-05
-7.38598e-06
2.35259e-05
-1.20308e-05
1.99855e-05
-1.49591e-05
1.48969e-05
-1.65775e-05
8.64432e-06
-1.67705e-05
1.2478e-06
-1.58313e-05
-4.37439e-06
-1.39281e-05
-7.11723e-06
-1.14521e-05
-7.80047e-06
-9.19796e-06
-7.3248e-06
-7.28798e-06
-7.72422e-06
-6.13434e-06
-8.44451e-06
-3.97277e-06
-8.97437e-06
-1.20032e-06
-7.26502e-06
-7.49258e-06
6.42313e-07
-7.57973e-06
1.41932e-06
-6.6997e-06
1.11938e-06
-6.72701e-06
7.80593e-07
-4.96164e-06
3.81344e-07
-2.68281e-06
8.22597e-07
-1.67046e-06
1.63212e-06
2.67605e-07
1.9523e-07
9.15662e-06
-5.30417e-06
2.44184e-05
-1.37091e-05
3.19308e-05
-1.84033e-05
2.46797e-05
-1.98788e-05
1.63724e-05
-1.96303e-05
8.39579e-06
-1.84954e-05
1.12945e-07
-1.65191e-05
-6.3507e-06
-1.38367e-05
-9.79966e-06
-1.05823e-05
-1.10548e-05
-7.88072e-06
-1.00264e-05
-6.64242e-06
-8.96251e-06
-6.45751e-06
-8.62942e-06
-5.25129e-06
-1.01806e-05
-2.25532e-06
-1.0261e-05
-9.74789e-06
1.29357e-07
-7.70909e-06
6.59409e-08
-6.63629e-06
-5.83478e-07
-6.07759e-06
-2.48261e-06
-3.06251e-06
-5.64699e-06
4.81567e-07
-9.09167e-06
1.77422e-06
-1.2578e-05
3.75395e-06
-1.30388e-05
9.61741e-06
-1.32725e-05
2.46522e-05
-2.05903e-05
3.92486e-05
-2.51096e-05
2.9199e-05
-2.51791e-05
1.64419e-05
-2.41337e-05
7.35034e-06
-2.32331e-05
-7.87668e-07
-2.03438e-05
-9.24002e-06
-1.59851e-05
-1.41583e-05
-1.10374e-05
-1.60025e-05
-7.55767e-06
-1.35062e-05
-6.3552e-06
-1.0165e-05
-6.37084e-06
-8.61378e-06
-5.7829e-06
-1.07685e-05
-3.47989e-06
-1.2564e-05
-1.32278e-05
1.65122e-07
-7.87421e-06
2.70391e-07
-6.74156e-06
-7.94284e-08
-5.72777e-06
-1.2364e-06
-1.90554e-06
-2.63137e-06
1.87653e-06
-4.6281e-06
3.77095e-06
-8.91601e-06
8.04186e-06
-1.54765e-05
1.61779e-05
-2.175e-05
3.09256e-05
-3.02527e-05
4.77514e-05
-3.46131e-05
3.35594e-05
-3.26668e-05
1.44957e-05
-2.95738e-05
4.25728e-06
-2.72628e-05
-3.09867e-06
-2.46098e-05
-1.1893e-05
-1.96822e-05
-1.90859e-05
-1.38303e-05
-2.18544e-05
-9.48051e-06
-1.7856e-05
-7.00728e-06
-1.26382e-05
-5.71939e-06
-9.90166e-06
-4.8554e-06
-1.16325e-05
-3.46191e-06
-1.39575e-05
-1.66897e-05
3.37191e-07
-8.2114e-06
4.49608e-07
-6.85397e-06
-1.98439e-07
-5.07972e-06
-1.54979e-06
-5.54189e-07
-4.00233e-06
4.32907e-06
-6.89298e-06
6.6616e-06
-9.94647e-06
1.10954e-05
-1.3071e-05
1.93025e-05
-1.83038e-05
3.61584e-05
-2.78752e-05
5.73228e-05
-3.89951e-05
4.46792e-05
-3.97092e-05
1.52098e-05
-3.79916e-05
2.53967e-06
-3.41032e-05
-6.98704e-06
-2.72495e-05
-1.87467e-05
-2.11224e-05
-2.52131e-05
-1.70639e-05
-2.59129e-05
-1.36769e-05
-2.1243e-05
-8.96886e-06
-1.73463e-05
-3.83283e-06
-1.50377e-05
-2.8779e-06
-1.25874e-05
-2.72324e-06
-1.41122e-05
-1.94129e-05
-9.57227e-06
9.57227e-06
2.42298e-06
-1.19953e-05
1.8841e-05
-1.6418e-05
3.11559e-05
-1.23148e-05
3.83783e-05
-7.22243e-06
4.27159e-05
-4.33759e-06
4.61734e-05
-3.45755e-06
4.98879e-05
-3.71451e-06
5.42183e-05
-4.33034e-06
5.87665e-05
-4.54821e-06
6.24737e-05
-3.70719e-06
6.47145e-05
-2.24079e-06
6.40326e-05
6.81896e-07
5.96557e-05
4.3769e-06
4.73136e-05
1.2342e-05
2.63004e-05
2.10132e-05
5.0367e-06
2.12637e-05
-4.08566e-06
9.12236e-06
-4.08566e-06
7.70874e-07
8.8014e-06
2.56414e-05
-3.68658e-05
4.01834e-05
-3.096e-05
4.64931e-05
-1.86246e-05
4.93037e-05
-1.0033e-05
5.11494e-05
-6.18328e-06
5.31028e-05
-5.411e-06
5.46912e-05
-5.30292e-06
5.69455e-05
-6.58461e-06
5.97112e-05
-7.31387e-06
6.18221e-05
-5.81809e-06
6.24315e-05
-2.85025e-06
6.25121e-05
6.01258e-07
6.11288e-05
5.76024e-06
5.06025e-05
2.28684e-05
3.39273e-05
3.76885e-05
1.65407e-05
3.86502e-05
-1.37578e-06
2.70388e-05
-5.46144e-06
1.2664e-05
-3.86256e-06
3.79981e-05
-6.22e-05
5.75644e-05
-5.05262e-05
6.71975e-05
-2.82577e-05
6.90277e-05
-1.18631e-05
6.9961e-05
-7.11667e-06
6.83509e-05
-3.80082e-06
6.58501e-05
-2.80219e-06
6.16831e-05
-2.41758e-06
5.63112e-05
-1.94194e-06
4.96872e-05
8.0585e-07
4.05963e-05
6.2407e-06
3.42548e-05
6.94271e-06
3.29789e-05
7.03619e-06
3.27944e-05
2.30529e-05
3.05548e-05
3.9928e-05
1.62162e-05
5.29889e-05
1.28825e-07
4.31262e-05
-5.33261e-06
3.5267e-05
-3.91295e-05
4.22205e-05
-6.91535e-05
4.81701e-05
-5.64758e-05
5.208e-05
-3.21676e-05
5.7995e-05
-1.77781e-05
6.14852e-05
-1.06069e-05
6.26217e-05
-4.93737e-06
6.19549e-05
-2.13538e-06
5.97e-05
-1.62664e-07
5.4634e-05
3.12409e-06
4.94614e-05
5.97844e-06
4.23322e-05
1.33699e-05
3.27227e-05
1.65522e-05
1.68358e-05
2.29231e-05
4.16861e-06
3.572e-05
1.70062e-05
2.70904e-05
1.4514e-05
5.5481e-05
3.42914e-06
5.42111e-05
-1.90347e-06
2.86567e-05
-6.77862e-05
3.62366e-05
-7.67334e-05
3.81667e-05
-5.84059e-05
4.13345e-05
-3.53354e-05
4.59436e-05
-2.23872e-05
4.79575e-05
-1.26208e-05
4.92234e-05
-6.20324e-06
5.10988e-05
-4.01078e-06
5.27941e-05
-1.85798e-06
5.36895e-05
2.22871e-06
4.98247e-05
9.84325e-06
4.2433e-05
2.07616e-05
2.84631e-05
3.05221e-05
6.1931e-06
4.51931e-05
-1.25517e-05
5.44649e-05
-5.26149e-06
1.98002e-05
1.0206e-05
4.00136e-05
7.6439e-06
5.67732e-05
5.74043e-06
2.18302e-05
-8.96164e-05
2.90279e-05
-8.39311e-05
2.80926e-05
-5.74707e-05
3.07324e-05
-3.79752e-05
3.65406e-05
-2.81954e-05
4.00937e-05
-1.61739e-05
4.20086e-05
-8.11817e-06
4.24203e-05
-4.42253e-06
4.21685e-05
-1.60614e-06
4.32426e-05
1.15457e-06
4.3936e-05
9.14992e-06
4.05456e-05
2.4152e-05
2.80491e-05
4.30185e-05
7.64469e-06
6.55976e-05
-1.35419e-05
7.56514e-05
-1.07445e-05
1.70028e-05
2.69845e-06
2.65706e-05
6.59495e-06
5.28767e-05
1.23354e-05
2.13606e-05
-0.000110977
2.32365e-05
-8.5807e-05
1.9562e-05
-5.37962e-05
2.19835e-05
-4.03967e-05
2.86074e-05
-3.48193e-05
3.39667e-05
-2.15332e-05
3.69923e-05
-1.11438e-05
3.7922e-05
-5.3522e-06
3.7541e-05
-1.22513e-06
3.75999e-05
1.09568e-06
3.89029e-05
7.84686e-06
3.81407e-05
2.49142e-05
2.88822e-05
5.22771e-05
1.08024e-05
8.36773e-05
-1.33601e-05
9.98139e-05
-1.94114e-05
2.30541e-05
-1.10401e-05
1.81993e-05
3.78313e-06
3.80535e-05
1.61185e-05
1.86818e-05
-0.000129659
1.34867e-05
-8.06119e-05
6.61526e-06
-4.69248e-05
1.08982e-05
-4.46796e-05
2.17307e-05
-4.56518e-05
3.135e-05
-3.11525e-05
3.57352e-05
-1.55291e-05
3.67309e-05
-6.34788e-06
3.49662e-05
5.39617e-07
3.19691e-05
4.09279e-06
3.072e-05
9.0959e-06
3.22686e-05
2.33656e-05
2.78923e-05
5.66534e-05
1.41222e-05
9.74474e-05
-8.34237e-06
0.000122278
-2.36984e-05
3.84102e-05
-2.13419e-05
1.58428e-05
-2.84158e-06
1.95531e-05
1.32769e-05
1.94164e-06
-1.0153e-05
4.48697e-06
-9.3993e-06
7.72585e-06
-8.31861e-06
7.10966e-06
6.19943e-08
2.75582e-06
8.68292e-06
-3.60437e-06
1.30218e-05
-1.3175e-05
2.0666e-05
-2.32038e-05
2.93313e-05
-2.56889e-05
3.86435e-05
-1.96154e-05
5.12493e-05
-3.00717e-05
5.51356e-05
-4.91953e-05
3.43334e-05
-5.52629e-05
8.60721e-06
-5.05141e-05
-1.17358e-05
-3.99864e-05
-2.92745e-05
-3.48676e-05
-3.03318e-05
-3.23796e-05
-2.84009e-05
-2.48306e-05
-2.8792e-05
-1.26593e-05
-2.95176e-05
-2.20468e-06
-2.54923e-05
-1.66369e-07
-1.46258e-05
-5.26106e-06
-9.01748e-06
-1.57969e-05
-8.8771e-06
3.54059e-06
-1.36936e-05
6.98311e-06
-1.28418e-05
8.6792e-06
-1.00147e-05
7.27524e-06
1.46596e-06
3.48954e-06
1.24686e-05
-1.07284e-06
1.75842e-05
-4.94732e-06
2.45405e-05
-6.85565e-06
3.12396e-05
-4.63188e-06
3.64197e-05
6.78143e-06
3.9836e-05
2.342e-05
3.84971e-05
3.21043e-05
2.56491e-05
3.27908e-05
7.92064e-06
3.14837e-05
-1.04287e-05
2.65686e-05
-2.43594e-05
2.62318e-05
-2.9995e-05
3.00442e-05
-3.22133e-05
3.48764e-05
-3.36242e-05
3.73277e-05
-3.19688e-05
3.78538e-05
-2.60184e-05
4.43806e-05
-2.11526e-05
5.36831e-05
-1.83199e-05
-1.99339e-05
5.78201e-05
3.50339e-06
-1.7197e-05
1.15445e-05
-2.0883e-05
1.79057e-05
-1.63759e-05
1.73448e-05
2.02684e-06
9.32829e-06
2.04852e-05
-1.99981e-06
2.89123e-05
-9.48167e-06
3.20224e-05
-1.08012e-05
3.25591e-05
-6.95027e-06
3.25687e-05
1.68576e-06
3.11999e-05
1.40815e-05
2.61013e-05
2.34579e-05
1.62727e-05
3.09652e-05
4.1335e-07
3.43047e-05
-1.37681e-05
3.53864e-05
-2.54411e-05
3.98634e-05
-3.4472e-05
4.68993e-05
-3.92492e-05
5.52746e-05
-4.19994e-05
5.9073e-05
-3.57672e-05
4.74234e-05
-1.43688e-05
3.59904e-05
-9.71965e-06
3.76794e-05
-2.0009e-05
-1.27513e-05
3.04968e-05
1.675e-06
-1.8872e-05
1.19301e-05
-3.11381e-05
1.00452e-05
-1.4491e-05
4.8838e-07
1.15837e-05
-8.57995e-06
2.95535e-05
-1.59996e-05
3.6332e-05
-1.87649e-05
3.47876e-05
-1.7958e-05
3.17522e-05
-1.3783e-05
2.83938e-05
-8.19545e-06
2.56124e-05
1.20583e-07
1.77853e-05
8.59923e-06
7.79404e-06
1.64501e-05
-7.43751e-06
2.34297e-05
-2.07478e-05
2.8357e-05
-3.03684e-05
3.16302e-05
-3.77452e-05
3.44069e-05
-4.20259e-05
4.04378e-05
-4.80303e-05
4.5875e-05
-4.12044e-05
1.76123e-05
1.38939e-05
-2.11467e-05
2.90393e-05
-6.98273e-05
2.86716e-05
5.24309e-05
-0.000135009
-8.63108e-06
-1.02409e-05
-2.91447e-05
-1.06245e-05
-5.71768e-05
1.35411e-05
-7.79683e-05
3.23752e-05
-8.12568e-05
3.2842e-05
-6.86487e-05
2.37238e-05
-5.34043e-05
1.95432e-05
-4.35581e-05
2.19061e-05
-3.26128e-05
1.74484e-05
-2.29049e-05
1.59045e-05
-1.35105e-05
8.39088e-06
-8.03538e-06
2.31896e-06
-5.48341e-06
-9.98948e-06
-5.0558e-07
-2.57256e-05
1.70458e-06
-3.25786e-05
5.30171e-06
-4.13423e-05
6.52659e-06
-4.32507e-05
2.08709e-06
-4.35908e-05
-6.2693e-05
2.35757e-05
-0.000137225
8.84263e-05
-0.000143762
3.55761e-05
-0.000157054
4.19633e-05
6.30077e-05
-0.000167631
-3.56812e-05
2.54403e-05
-8.00244e-05
3.37187e-05
-9.93888e-05
3.29055e-05
-0.000107342
4.03279e-05
-0.000107106
3.26068e-05
-9.71746e-05
1.3792e-05
-8.70718e-05
9.4404e-06
-7.57416e-05
1.05759e-05
-6.52275e-05
6.93436e-06
-5.66481e-05
7.32502e-06
-5.32885e-05
5.03128e-06
-4.98551e-05
-1.11445e-06
-4.12026e-05
-1.8642e-05
-4.28222e-05
-2.4106e-05
-8.76481e-05
1.22473e-05
-0.000151864
2.28733e-05
-0.000165731
-2.9383e-05
-0.000170268
-3.9054e-05
-0.0001514
4.70758e-06
-0.000160048
9.70738e-05
-0.000164247
3.97758e-05
-0.000154062
3.17784e-05
6.22366e-05
-0.000153291
-4.22382e-05
6.76785e-05
-7.19842e-05
6.34647e-05
-8.75673e-05
4.84886e-05
-0.000100915
5.36753e-05
-7.93749e-05
1.10672e-05
-6.45012e-05
-1.08163e-06
-6.20235e-05
6.96262e-06
-4.59828e-05
-5.46477e-06
-7.20208e-05
3.29723e-05
-0.000108611
4.39155e-05
-0.000141853
3.82732e-05
-0.000178394
3.54265e-05
-0.000185135
-1.19008e-05
-0.000171918
-3.73229e-05
-0.000111252
-4.84187e-05
-5.35795e-05
-3.47996e-05
-4.90777e-05
-3.38848e-05
-6.45493e-05
-2.35824e-05
-9.19664e-05
3.21247e-05
-0.000114487
0.000119594
-0.000151628
7.69165e-05
-0.000156156
3.63067e-05
7.50907e-05
-0.00016901
-3.0361e-05
9.80394e-05
-6.88083e-05
0.000101912
-8.29644e-05
6.26448e-05
-7.22599e-05
4.29707e-05
-4.64489e-05
-1.47438e-05
-1.73581e-05
-3.01724e-05
5.89451e-06
-1.629e-05
-1.00898e-05
1.05196e-05
-3.09282e-05
5.38106e-05
-3.85031e-05
5.14905e-05
-2.97663e-05
2.95364e-05
-9.78313e-06
1.54433e-05
1.74293e-06
-2.34269e-05
-4.50881e-06
-3.10712e-05
-2.92705e-05
-2.36571e-05
-4.77916e-05
-1.62784e-05
-6.75385e-05
-1.41379e-05
-8.23064e-05
-8.81444e-06
-8.34212e-05
3.32395e-05
-6.65817e-05
0.000102755
-9.41968e-05
0.000104532
-0.00015574
9.78504e-05
0.000202755
-0.000283405
4.26547e-06
9.37739e-05
6.11171e-06
0.000100066
1.08845e-05
5.78719e-05
2.66627e-05
2.71926e-05
2.2814e-05
-1.08951e-05
1.91665e-05
-2.65249e-05
9.83194e-06
-6.95543e-06
-2.79299e-05
4.82814e-05
-2.8438e-05
5.43188e-05
-3.07563e-05
5.38088e-05
-4.94172e-05
4.81973e-05
-4.94898e-05
1.55159e-05
-5.08845e-05
-2.20322e-05
-6.28833e-05
-1.90723e-05
-7.31852e-05
-1.33552e-05
-7.57932e-05
-1.36705e-05
-8.20218e-05
-7.90935e-06
-9.68584e-05
6.02219e-06
-0.000103792
4.0173e-05
-0.000104724
0.000103687
-0.00014516
0.000144967
-0.000223042
0.000175733
0.000296041
-0.000316328
1.70464e-06
9.20693e-05
1.28885e-05
8.88819e-05
5.6473e-06
6.51131e-05
1.57441e-06
3.12655e-05
6.77828e-06
-1.6099e-05
-1.42281e-06
-1.83239e-05
4.46993e-06
-1.28482e-05
6.94589e-06
4.58054e-05
-8.93153e-06
7.01962e-05
-1.81354e-05
6.30126e-05
-1.20334e-05
4.20953e-05
-3.03869e-06
6.52118e-06
-1.35851e-05
-1.14858e-05
-1.77514e-05
-1.49061e-05
-2.08489e-05
-1.02576e-05
-3.47849e-05
2.6548e-07
-5.74101e-05
1.47158e-05
-9.01593e-05
3.87714e-05
-0.000122923
7.29365e-05
-0.000145601
0.000126366
-0.000187977
0.000187343
-0.000245528
0.000233284
0.000310903
-0.000260391
-1.47997e-06
9.35492e-05
1.4094e-05
7.33078e-05
2.95757e-05
4.96315e-05
4.06973e-05
2.01439e-05
2.06511e-05
3.94717e-06
-1.71487e-07
2.49869e-06
-1.42226e-05
1.20294e-06
-7.41104e-06
3.89938e-05
3.51432e-08
6.275e-05
8.64343e-06
5.44043e-05
2.00905e-05
3.06482e-05
1.14666e-05
1.51451e-05
-1.18688e-05
1.18496e-05
-3.03938e-05
3.61882e-06
-4.68857e-05
6.23432e-06
-6.017e-05
1.35498e-05
-7.46416e-05
2.91874e-05
-9.2655e-05
5.67848e-05
-0.000118591
9.88728e-05
-0.000143611
0.000151385
-0.000172512
0.000216243
-0.000198069
0.000258841
0.000281326
-0.000168491
2.00017e-06
9.15491e-05
1.24813e-05
6.28267e-05
1.7395e-05
4.47178e-05
1.1754e-05
2.57849e-05
6.7104e-06
8.99082e-06
8.91056e-07
8.31802e-06
-2.08932e-06
4.18332e-06
1.16477e-06
3.57397e-05
8.39411e-06
5.55206e-05
1.12504e-05
5.15481e-05
6.68046e-06
3.52181e-05
1.13265e-06
2.06929e-05
-5.79882e-06
1.87811e-05
-1.73005e-05
1.51205e-05
-2.9462e-05
1.83958e-05
-4.32871e-05
2.73749e-05
-5.73108e-05
4.32111e-05
-7.04206e-05
6.98946e-05
-8.206e-05
0.000110512
-9.19039e-05
0.000161229
-9.31538e-05
0.000217493
-8.16547e-05
0.000247342
0.000246764
-4.70936e-05
1.08132e-05
8.07359e-05
1.66196e-05
5.70203e-05
2.12206e-05
4.01167e-05
2.06919e-05
2.63135e-05
1.03875e-05
1.92952e-05
-5.30482e-07
1.9236e-05
-1.37699e-05
1.74227e-05
-6.9303e-06
2.89001e-05
6.57649e-06
4.20138e-05
1.36845e-05
4.444e-05
1.08361e-05
3.80665e-05
-3.80676e-07
3.19097e-05
-1.18577e-05
3.02582e-05
-2.50333e-05
2.82961e-05
-3.70701e-05
3.04325e-05
-4.66159e-05
3.69207e-05
-5.28608e-05
4.9456e-05
-5.46845e-05
7.17183e-05
-4.92691e-05
0.000105097
-3.3395e-05
0.000145355
-4.45787e-06
0.000188556
2.89488e-05
0.000213936
0.000211575
6.41378e-05
1.39543e-05
6.67816e-05
1.81145e-05
5.286e-05
1.91577e-05
3.90735e-05
1.50704e-05
3.04009e-05
7.77561e-06
2.659e-05
7.85394e-07
2.62262e-05
-7.19689e-06
2.5405e-05
-8.87801e-06
3.05813e-05
-2.4492e-06
3.5585e-05
1.41149e-06
4.05793e-05
-2.31815e-06
4.17961e-05
-9.52551e-06
3.91171e-05
-1.61296e-05
3.68623e-05
-2.26979e-05
3.48643e-05
-2.92e-05
3.69346e-05
-3.5802e-05
4.35227e-05
-4.15032e-05
5.51573e-05
-4.19245e-05
7.21396e-05
-3.25621e-05
9.57344e-05
-1.04299e-05
0.000123223
2.54585e-05
0.000152668
6.68429e-05
0.000172551
0.000174805
0.000103614
1.01634e-05
5.66182e-05
1.47864e-05
4.8237e-05
1.46491e-05
3.92108e-05
1.08454e-05
3.42046e-05
5.95765e-06
3.14777e-05
1.34177e-06
3.08421e-05
-3.79669e-06
3.05435e-05
-6.31039e-06
3.3095e-05
-6.00109e-06
3.52757e-05
-5.3324e-06
3.99106e-05
-6.3014e-06
4.27651e-05
-9.64482e-06
4.24605e-05
-1.41315e-05
4.13489e-05
-2.01385e-05
4.08713e-05
-2.57985e-05
4.25946e-05
-2.94015e-05
4.71257e-05
-3.05689e-05
5.63247e-05
-2.82127e-05
6.97834e-05
-1.92034e-05
8.67252e-05
-1.29731e-06
0.000105317
2.70408e-05
0.00012433
6.24158e-05
0.000137176
0.000139839
9.73811e-05
6.17453e-06
5.04436e-05
9.52153e-06
4.489e-05
9.29895e-06
3.94334e-05
7.19648e-06
3.6307e-05
4.36359e-06
3.43106e-05
1.55119e-06
3.36545e-05
-1.43146e-06
3.35261e-05
-3.46564e-06
3.51291e-05
-4.74244e-06
3.65525e-05
-4.77397e-06
3.99422e-05
-4.53076e-06
4.25219e-05
-5.54929e-06
4.3479e-05
-7.78611e-06
4.35857e-05
-1.11498e-05
4.4235e-05
-1.47194e-05
4.61642e-05
-1.75256e-05
4.99319e-05
-1.7966e-05
5.67651e-05
-1.5008e-05
6.68255e-05
-7.44062e-06
7.91578e-05
6.34112e-06
9.1535e-05
2.71256e-05
0.000103545
5.30758e-05
0.000111226
0.000112455
8.04601e-05
3.64709e-06
4.67966e-05
5.92499e-06
4.26121e-05
5.99277e-06
3.93656e-05
4.95854e-06
3.73413e-05
3.40077e-06
3.58684e-05
1.79006e-06
3.52652e-05
1.36142e-07
3.518e-05
-1.02631e-06
3.62916e-05
-1.98631e-06
3.75125e-05
-2.04357e-06
3.99994e-05
-1.65985e-06
4.21382e-05
-1.54497e-06
4.33641e-05
-2.07428e-06
4.4115e-05
-3.31817e-06
4.54789e-05
-4.7073e-06
4.75533e-05
-5.83421e-06
5.10588e-05
-5.70214e-06
5.6633e-05
-3.02967e-06
6.4153e-05
3.17068e-06
7.29575e-05
1.32184e-05
8.14873e-05
2.83912e-05
8.83725e-05
4.71887e-05
9.24283e-05
9.28238e-05
6.68199e-05
2.2335e-06
4.4563e-05
3.84688e-06
4.09987e-05
4.21837e-06
3.89941e-05
3.88433e-06
3.76753e-05
3.06484e-06
3.66879e-05
2.09379e-06
3.62362e-05
1.02374e-06
3.62501e-05
2.62813e-07
3.70525e-05
-2.93055e-07
3.80684e-05
-1.05132e-07
3.98115e-05
5.66321e-07
4.14667e-05
1.15015e-06
4.27803e-05
1.35038e-06
4.39148e-05
1.18274e-06
4.56465e-05
8.97214e-07
4.78388e-05
7.49663e-07
5.12063e-05
1.77622e-06
5.56064e-05
4.94381e-06
6.09854e-05
1.06098e-05
6.72914e-05
1.8658e-05
7.34391e-05
2.96665e-05
7.7364e-05
4.33618e-05
7.8733e-05
7.81865e-05
5.79991e-05
1.50613e-06
4.30569e-05
2.78028e-06
3.97246e-05
3.25532e-06
3.8519e-05
3.19393e-06
3.77367e-05
2.70825e-06
3.71735e-05
2.00754e-06
3.69369e-05
1.2474e-06
3.70102e-05
6.9874e-07
3.76011e-05
3.96636e-07
3.83705e-05
6.34779e-07
3.95733e-05
1.24198e-06
4.08595e-05
1.87526e-06
4.2147e-05
2.32379e-06
4.34663e-05
2.69348e-06
4.52768e-05
3.04543e-06
4.74868e-05
3.65489e-06
5.05969e-05
5.44434e-06
5.3817e-05
9.06247e-06
5.73672e-05
1.44274e-05
6.19265e-05
2.14624e-05
6.64041e-05
3.02924e-05
6.8534e-05
4.08204e-05
6.8205e-05
6.69215e-05
5.20853e-05
1.16996e-06
4.18869e-05
2.07647e-06
3.88181e-05
2.46297e-06
3.81325e-05
2.52683e-06
3.76728e-05
2.3374e-06
3.7363e-05
1.98043e-06
3.72939e-05
1.57086e-06
3.74198e-05
1.26756e-06
3.79044e-05
1.10569e-06
3.85324e-05
1.30638e-06
3.93726e-05
1.84221e-06
4.03237e-05
2.4525e-06
4.15367e-05
3.03111e-06
4.28877e-05
3.79105e-06
4.45168e-05
4.77527e-06
4.65026e-05
6.45922e-06
4.89129e-05
9.03069e-06
5.12455e-05
1.25516e-05
5.38463e-05
1.74418e-05
5.70363e-05
2.39156e-05
5.99304e-05
3.15117e-05
6.09379e-05
3.99813e-05
5.97354e-05
5.79059e-05
4.8997e-05
9.04443e-07
4.09825e-05
1.57785e-06
3.81447e-05
1.98603e-06
3.77244e-05
2.22983e-06
3.7429e-05
2.32423e-06
3.72686e-05
2.32248e-06
3.72956e-05
2.2626e-06
3.74796e-05
2.24938e-06
3.79177e-05
2.28782e-06
3.84939e-05
2.45434e-06
3.92061e-05
2.82794e-06
3.99501e-05
3.40264e-06
4.0962e-05
4.07892e-06
4.22114e-05
5.12051e-06
4.34752e-05
6.6523e-06
4.49708e-05
8.89093e-06
4.66743e-05
1.15278e-05
4.86086e-05
1.47396e-05
5.06345e-05
1.9185e-05
5.25909e-05
2.48539e-05
5.42616e-05
3.12943e-05
5.44975e-05
3.81626e-05
5.2867e-05
5.06782e-05
4.53902e-05
7.31065e-07
4.02514e-05
1.36922e-06
3.75065e-05
1.8665e-06
3.72271e-05
2.19964e-06
3.70959e-05
2.43925e-06
3.7029e-05
2.65833e-06
3.70765e-05
2.87013e-06
3.72678e-05
3.15275e-06
3.7635e-05
3.52198e-06
3.81247e-05
3.94667e-06
3.87814e-05
4.45563e-06
3.94411e-05
5.20261e-06
4.0215e-05
6.17957e-06
4.12344e-05
7.39114e-06
4.22637e-05
8.95608e-06
4.34059e-05
1.10303e-05
4.46001e-05
1.36947e-05
4.59442e-05
1.70313e-05
4.72979e-05
2.11771e-05
4.8445e-05
2.61408e-05
4.92978e-05
3.16519e-05
4.89864e-05
3.72762e-05
4.72427e-05
4.51553e-05
4.27991e-05
6.74014e-07
3.95774e-05
1.23112e-06
3.69494e-05
1.68997e-06
3.67682e-05
2.07962e-06
3.67062e-05
2.4241e-06
3.66845e-05
2.74991e-06
3.67507e-05
3.10166e-06
3.69161e-05
3.53779e-06
3.71989e-05
4.07207e-06
3.75904e-05
4.70799e-06
3.81455e-05
5.39497e-06
3.87542e-05
6.26376e-06
3.93462e-05
7.45201e-06
4.00462e-05
8.88201e-06
4.08337e-05
1.05915e-05
4.16964e-05
1.25029e-05
4.26887e-05
1.48743e-05
4.35729e-05
1.79521e-05
4.422e-05
2.16414e-05
4.47558e-05
2.59288e-05
4.50104e-05
3.06628e-05
4.42525e-05
3.53658e-05
4.25397e-05
4.07211e-05
3.98e-05
6.01722e-07
3.89757e-05
1.11882e-06
3.64323e-05
1.58763e-06
3.62994e-05
2.02896e-06
3.62649e-05
2.43516e-06
3.62783e-05
2.82945e-06
3.63564e-05
3.24918e-06
3.64963e-05
3.74512e-06
3.6703e-05
4.33588e-06
3.69996e-05
5.0383e-06
3.74431e-05
5.84556e-06
3.79469e-05
6.79063e-06
3.84011e-05
7.9451e-06
3.88917e-05
9.37874e-06
3.94e-05
1.10949e-05
3.99803e-05
1.32148e-05
4.05689e-05
1.57967e-05
4.09909e-05
1.86706e-05
4.13461e-05
2.19316e-05
4.14947e-05
2.57125e-05
4.12296e-05
2.96966e-05
4.02684e-05
3.35207e-05
3.87155e-05
3.69082e-05
3.73336e-05
6.2694e-07
3.83487e-05
1.16081e-06
3.58984e-05
1.65439e-06
3.58058e-05
2.1257e-06
3.57936e-05
2.58839e-06
3.58156e-05
3.06682e-06
3.5878e-05
3.57899e-06
3.59842e-05
4.13968e-06
3.61423e-05
4.76467e-06
3.63747e-05
5.53492e-06
3.66728e-05
6.48954e-06
3.69923e-05
7.56606e-06
3.73246e-05
8.7648e-06
3.76929e-05
1.01458e-05
3.8019e-05
1.18087e-05
3.83173e-05
1.37999e-05
3.85777e-05
1.6005e-05
3.87859e-05
1.85109e-05
3.88402e-05
2.14992e-05
3.85065e-05
2.48243e-05
3.79044e-05
2.81778e-05
3.69149e-05
3.14594e-05
3.54339e-05
3.34766e-05
3.4891e-05
5.81336e-07
3.77674e-05
1.10452e-06
3.53752e-05
1.62334e-06
3.5287e-05
2.12714e-06
3.52898e-05
2.62864e-06
3.53141e-05
3.14921e-06
3.53574e-05
3.70499e-06
3.54284e-05
4.30966e-06
3.55376e-05
4.98981e-06
3.56945e-05
5.78292e-06
3.58797e-05
6.7045e-06
3.60707e-05
7.76079e-06
3.62683e-05
9.01842e-06
3.64353e-05
1.03842e-05
3.66533e-05
1.19148e-05
3.67867e-05
1.37419e-05
3.67505e-05
1.58816e-05
3.66462e-05
1.83983e-05
3.63235e-05
2.10734e-05
3.58315e-05
2.38723e-05
3.51055e-05
2.67452e-05
3.40419e-05
2.97029e-05
3.24762e-05
3.05411e-05
3.26384e-05
5.8102e-07
3.71864e-05
1.10966e-06
3.48466e-05
1.64149e-06
3.47552e-05
2.18216e-06
3.47491e-05
2.73281e-06
3.47634e-05
3.29644e-06
3.47938e-05
3.89415e-06
3.48307e-05
4.54561e-06
3.48861e-05
5.27886e-06
3.49612e-05
6.09146e-06
3.50671e-05
6.9649e-06
3.51972e-05
7.95145e-06
3.52818e-05
9.10381e-06
3.5283e-05
1.04896e-05
3.52675e-05
1.21397e-05
3.51366e-05
1.39107e-05
3.49795e-05
1.58484e-05
3.47085e-05
1.78877e-05
3.42843e-05
2.00818e-05
3.36373e-05
2.25605e-05
3.26268e-05
2.52449e-05
3.13575e-05
2.7871e-05
2.98501e-05
2.79982e-05
3.0414e-05
5.72051e-07
3.66143e-05
1.09692e-06
3.43217e-05
1.62561e-06
3.42265e-05
2.15701e-06
3.42177e-05
2.7042e-06
3.42162e-05
3.27816e-06
3.42198e-05
3.88261e-06
3.42262e-05
4.53099e-06
3.42378e-05
5.24827e-06
3.4244e-05
6.07818e-06
3.42372e-05
7.04675e-06
3.42287e-05
8.12558e-06
3.42029e-05
9.26978e-06
3.41388e-05
1.0518e-05
3.40193e-05
1.18416e-05
3.38129e-05
1.33693e-05
3.34518e-05
1.51247e-05
3.29531e-05
1.71009e-05
3.23081e-05
1.92864e-05
3.14517e-05
2.1492e-05
3.04213e-05
2.36673e-05
2.91823e-05
2.59342e-05
2.75831e-05
2.56891e-05
2.82433e-05
5.74696e-07
3.60396e-05
1.11258e-06
3.37838e-05
1.65806e-06
3.3681e-05
2.21001e-06
3.36657e-05
2.7765e-06
3.36497e-05
3.36855e-06
3.36278e-05
3.99106e-06
3.36037e-05
4.65504e-06
3.35738e-05
5.36799e-06
3.3531e-05
6.13047e-06
3.34747e-05
6.95961e-06
3.33995e-05
7.89149e-06
3.32711e-05
8.95471e-06
3.30755e-05
1.01665e-05
3.28075e-05
1.15535e-05
3.2426e-05
1.30945e-05
3.19108e-05
1.47144e-05
3.13332e-05
1.64206e-05
3.0602e-05
1.81647e-05
2.97076e-05
2.00348e-05
2.85511e-05
2.20686e-05
2.71485e-05
2.41071e-05
2.55446e-05
2.37021e-05
2.60941e-05
5.50308e-07
3.54893e-05
1.06654e-06
3.32676e-05
1.59634e-06
3.31512e-05
2.1364e-06
3.31257e-05
2.69096e-06
3.30952e-05
3.26761e-06
3.30511e-05
3.87498e-06
3.29964e-05
4.52378e-06
3.2925e-05
5.22399e-06
3.28308e-05
5.99609e-06
3.27026e-05
6.86805e-06
3.25276e-05
7.82335e-06
3.23158e-05
8.8582e-06
3.20407e-05
9.98231e-06
3.16834e-05
1.11768e-05
3.12315e-05
1.24293e-05
3.06583e-05
1.38134e-05
2.99492e-05
1.53323e-05
2.90831e-05
1.70016e-05
2.80384e-05
1.87285e-05
2.68242e-05
2.04568e-05
2.54201e-05
2.22163e-05
2.37852e-05
2.19298e-05
2.39885e-05
5.54532e-07
3.49348e-05
1.08279e-06
3.27393e-05
1.62241e-06
3.26116e-05
2.16577e-06
3.25823e-05
2.71983e-06
3.25411e-05
3.28599e-06
3.2485e-05
3.87158e-06
3.24108e-05
4.48626e-06
3.23103e-05
5.14119e-06
3.21759e-05
5.84556e-06
3.19982e-05
6.6027e-06
3.17704e-05
7.43208e-06
3.14864e-05
8.35088e-06
3.11219e-05
9.36722e-06
3.06671e-05
1.04855e-05
3.01132e-05
1.17122e-05
2.94316e-05
1.30252e-05
2.86361e-05
1.43857e-05
2.77226e-05
1.57892e-05
2.66349e-05
1.72548e-05
2.53586e-05
1.87915e-05
2.38834e-05
2.03497e-05
2.22269e-05
2.03815e-05
2.18981e-05
5.28021e-07
3.44068e-05
1.03636e-06
3.2231e-05
1.5564e-06
3.20915e-05
2.08011e-06
3.20586e-05
2.6137e-06
3.20075e-05
3.16001e-06
3.19387e-05
3.7252e-06
3.18456e-05
4.31705e-06
3.17184e-05
4.94269e-06
3.15502e-05
5.61319e-06
3.13277e-05
6.33555e-06
3.10481e-05
7.12353e-06
3.06984e-05
7.97703e-06
3.02684e-05
8.89324e-06
2.97509e-05
9.87445e-06
2.9132e-05
1.09169e-05
2.83892e-05
1.20247e-05
2.75284e-05
1.322e-05
2.65272e-05
1.44867e-05
2.53682e-05
1.5796e-05
2.40493e-05
1.71226e-05
2.25568e-05
1.84709e-05
2.08787e-05
1.90276e-05
1.98248e-05
5.27722e-07
3.3879e-05
1.03118e-06
3.17275e-05
1.54106e-06
3.15817e-05
2.05091e-06
3.15488e-05
2.56632e-06
3.14921e-05
3.08948e-06
3.14155e-05
3.6226e-06
3.13125e-05
4.1703e-06
3.11707e-05
4.74013e-06
3.09804e-05
5.34646e-06
3.07214e-05
5.99e-06
3.04045e-05
6.68109e-06
3.00073e-05
7.43206e-06
2.95174e-05
8.24474e-06
2.89382e-05
9.11819e-06
2.82586e-05
1.00486e-05
2.74588e-05
1.10353e-05
2.65417e-05
1.20772e-05
2.54853e-05
1.31599e-05
2.42855e-05
1.42808e-05
2.29285e-05
1.54298e-05
2.14077e-05
1.65972e-05
1.97114e-05
1.78578e-05
1.77669e-05
5.10985e-07
3.33681e-05
9.92054e-07
3.12465e-05
1.47902e-06
3.10947e-05
1.96314e-06
3.10646e-05
2.45243e-06
3.10028e-05
2.95226e-06
3.09157e-05
3.46741e-06
3.07973e-05
3.99877e-06
3.06394e-05
4.54123e-06
3.04379e-05
5.0935e-06
3.01691e-05
5.6628e-06
2.98352e-05
6.2568e-06
2.94133e-05
6.8886e-06
2.88856e-05
7.57065e-06
2.82561e-05
8.31407e-06
2.75152e-05
9.11374e-06
2.66591e-05
9.96623e-06
2.56892e-05
1.08584e-05
2.45931e-05
1.17865e-05
2.33575e-05
1.27477e-05
2.19673e-05
1.37289e-05
2.04265e-05
1.47183e-05
1.87219e-05
1.68601e-05
1.57161e-05
5.03572e-07
3.28645e-05
9.39807e-07
3.08102e-05
1.3823e-06
3.06522e-05
1.82719e-06
3.06197e-05
2.28148e-06
3.05485e-05
2.75123e-06
3.04459e-05
3.24132e-06
3.03072e-05
3.74423e-06
3.01365e-05
4.26021e-06
2.99219e-05
4.77804e-06
2.96513e-05
5.30617e-06
2.93071e-05
5.84552e-06
2.8874e-05
6.39618e-06
2.8335e-05
6.96216e-06
2.76902e-05
7.55129e-06
2.69261e-05
8.17467e-06
2.60357e-05
8.85458e-06
2.50093e-05
9.60055e-06
2.38471e-05
1.03887e-05
2.25693e-05
1.11945e-05
2.11615e-05
1.2014e-05
1.96071e-05
1.28398e-05
1.78961e-05
1.60287e-05
1.36712e-05
4.87746e-07
3.23767e-05
8.5523e-07
3.04428e-05
1.22462e-06
3.02828e-05
1.60518e-06
3.02392e-05
1.99824e-06
3.01555e-05
2.40776e-06
3.00364e-05
2.84214e-06
2.98728e-05
3.29757e-06
2.9681e-05
3.77587e-06
2.94437e-05
4.26932e-06
2.91578e-05
4.7718e-06
2.88046e-05
5.27617e-06
2.83696e-05
5.77629e-06
2.78349e-05
6.27773e-06
2.71887e-05
6.78516e-06
2.64186e-05
7.30538e-06
2.55155e-05
7.83548e-06
2.44792e-05
8.37688e-06
2.33058e-05
8.96242e-06
2.19838e-05
9.61233e-06
2.05116e-05
1.02887e-05
1.89307e-05
1.09603e-05
1.72246e-05
1.53598e-05
1.16292e-05
4.35994e-07
3.19407e-05
6.75349e-07
3.02034e-05
9.15378e-07
3.00428e-05
1.18237e-06
2.99722e-05
1.46905e-06
2.98688e-05
1.78149e-06
2.9724e-05
2.12305e-06
2.95313e-05
2.50377e-06
2.93003e-05
2.92404e-06
2.90234e-05
3.37989e-06
2.8702e-05
3.85696e-06
2.83276e-05
4.3376e-06
2.7889e-05
4.82369e-06
2.73488e-05
5.32262e-06
2.66898e-05
5.81417e-06
2.59271e-05
6.29568e-06
2.5034e-05
6.76109e-06
2.40138e-05
7.21264e-06
2.28542e-05
7.65754e-06
2.15389e-05
8.09248e-06
2.00766e-05
8.55709e-06
1.84661e-05
9.07313e-06
1.67086e-05
1.48439e-05
9.58904e-06
3.2306e-07
3.16177e-05
3.67021e-07
3.01594e-05
3.96763e-07
3.0013e-05
4.80658e-07
2.98883e-05
6.01516e-07
2.97479e-05
7.62517e-07
2.9563e-05
9.66569e-07
2.93272e-05
1.22788e-06
2.9039e-05
1.55154e-06
2.86997e-05
1.94486e-06
2.83087e-05
2.40362e-06
2.78688e-05
2.91082e-06
2.73818e-05
3.43372e-06
2.68259e-05
3.95402e-06
2.61695e-05
4.44685e-06
2.54343e-05
4.91516e-06
2.45657e-05
5.37722e-06
2.35518e-05
5.83278e-06
2.23987e-05
6.25481e-06
2.11169e-05
6.62787e-06
1.97036e-05
6.94992e-06
1.8144e-05
7.2456e-06
1.64129e-05
1.45244e-05
7.56504e-06
1.29945e-07
3.14877e-05
-6.64001e-08
3.03558e-05
-2.73114e-07
3.02197e-05
-4.34965e-07
3.00502e-05
-5.39584e-07
2.98526e-05
-5.85699e-07
2.96091e-05
-5.77421e-07
2.9319e-05
-5.11804e-07
2.89734e-05
-3.70731e-07
2.85587e-05
-1.45984e-07
2.80839e-05
1.64368e-07
2.75585e-05
5.75179e-07
2.6971e-05
1.08417e-06
2.63169e-05
1.66303e-06
2.55906e-05
2.29919e-06
2.47982e-05
2.94141e-06
2.39235e-05
3.54153e-06
2.29517e-05
4.06063e-06
2.18796e-05
4.51199e-06
2.06655e-05
4.91454e-06
1.9301e-05
5.24241e-06
1.78161e-05
5.46491e-06
1.61904e-05
1.43988e-05
5.59056e-06
-5.29667e-08
3.15407e-05
-4.79833e-07
3.07827e-05
-9.00062e-07
3.064e-05
-1.27486e-06
3.0425e-05
-1.59074e-06
3.01684e-05
-1.83441e-06
2.98528e-05
-1.99907e-06
2.94836e-05
-2.07934e-06
2.90537e-05
-2.07977e-06
2.85591e-05
-2.00362e-06
2.80078e-05
-1.84119e-06
2.7396e-05
-1.59205e-06
2.67218e-05
-1.25774e-06
2.59826e-05
-8.38787e-07
2.51717e-05
-3.31874e-07
2.42912e-05
2.52894e-07
2.33388e-05
8.96922e-07
2.23076e-05
1.56932e-06
2.12072e-05
2.21179e-06
2.0023e-05
2.75802e-06
1.87548e-05
3.17759e-06
1.73966e-05
3.46045e-06
1.59076e-05
1.42347e-05
3.62455e-06
-1.74869e-07
3.17156e-05
-6.89807e-07
3.12976e-05
-1.18746e-06
3.11376e-05
-1.65322e-06
3.08907e-05
-2.07625e-06
3.05915e-05
-2.44548e-06
3.0222e-05
-2.75334e-06
2.97915e-05
-2.99571e-06
2.9296e-05
-3.17165e-06
2.8735e-05
-3.26861e-06
2.81047e-05
-3.28002e-06
2.74074e-05
-3.2019e-06
2.66437e-05
-3.03452e-06
2.58152e-05
-2.78919e-06
2.49264e-05
-2.46451e-06
2.39665e-05
-2.07034e-06
2.29446e-05
-1.58991e-06
2.18272e-05
-1.04771e-06
2.06649e-05
-4.55218e-07
1.94305e-05
1.56756e-07
1.81428e-05
7.38335e-07
1.6815e-05
1.20954e-06
1.54364e-05
1.39502e-05
1.4941e-06
-3.28011e-07
-9.00941e-07
-1.45899e-06
-1.99336e-06
-2.50161e-06
-2.97947e-06
-3.41928e-06
-3.80592e-06
-4.13033e-06
-4.39115e-06
-4.58318e-06
-4.70032e-06
-4.73763e-06
-4.6939e-06
-4.56027e-06
-4.34016e-06
-4.06327e-06
-3.7128e-06
-3.31534e-06
-2.88348e-06
-2.42787e-06
-1.98338e-06
-1.62814e-06
8.94113e-06
-1.78182e-05
2.23034e-05
-1.33623e-05
3.80648e-05
-1.57614e-05
-1.89092e-05
5.6974e-05
4.61869e-05
-6.18507e-06
3.42551e-05
-1.43041e-06
2.0632e-05
-2.13833e-06
-2.90887e-06
4.63167e-06
1.51063e-05
9.20543e-06
-1.49023e-06
1.51661e-05
-2.36639e-05
2.00353e-05
3.39802e-05
-6.0553e-05
-0.000164322
3.85176e-05
-0.000190738
4.15827e-05
-0.000215985
4.52823e-05
6.04324e-05
-0.000242437
-0.000168257
3.91441e-05
-0.000185644
5.89693e-05
-0.00022305
8.26889e-05
9.3649e-05
-0.000256267
-0.000163278
4.91311e-05
-0.000201319
9.70098e-05
-0.00026375
0.00014512
0.000167458
-0.000337559
-0.000223524
0.000103645
-0.000307884
0.000181369
-0.000376296
0.000213531
0.000194288
-0.000403126
-0.000353241
0.000173482
-0.000371866
0.000199995
-0.000364273
0.000205938
0.000171566
-0.000341551
-0.000324343
0.000181496
-0.000311153
0.000186806
-0.0002696
0.000164385
0.000114711
-0.000212746
-0.000238897
0.000160002
-0.000198061
0.00014597
-0.000150048
0.000116372
7.58008e-05
-0.000111138
-0.000138422
0.000129933
-9.84098e-05
0.000105958
-6.42552e-05
8.22179e-05
5.13683e-05
-3.98228e-05
-2.26219e-05
0.000105461
-1.50212e-06
8.4838e-05
1.66606e-05
6.40551e-05
3.8388e-05
2.96409e-05
8.16275e-05
8.79712e-05
9.28168e-05
7.36486e-05
0.000100198
5.66739e-05
3.72456e-05
0.00010134
0.000118738
7.28465e-05
0.000129291
6.3096e-05
0.000133963
5.20015e-05
3.9209e-05
0.000132
0.000111146
5.90816e-05
0.000122226
5.20156e-05
0.000128012
4.62162e-05
3.85528e-05
0.000128668
9.1115e-05
4.84267e-05
9.89024e-05
4.42281e-05
0.00010449
4.06285e-05
3.59451e-05
0.000107098
7.43823e-05
4.08644e-05
8.02574e-05
3.8353e-05
8.4953e-05
3.59328e-05
3.28674e-05
8.80307e-05
6.38493e-05
3.50141e-05
6.88259e-05
3.33764e-05
7.31013e-05
3.16574e-05
2.95711e-05
7.63976e-05
5.67711e-05
3.03284e-05
6.10602e-05
2.90872e-05
6.49202e-05
2.77974e-05
2.63262e-05
6.81651e-05
5.28601e-05
2.64652e-05
5.64034e-05
2.55439e-05
5.96677e-05
2.45331e-05
2.35199e-05
6.2474e-05
4.86034e-05
2.3252e-05
5.15599e-05
2.25874e-05
5.43202e-05
2.17729e-05
2.10453e-05
5.67948e-05
4.53491e-05
2.0702e-05
4.77481e-05
2.01884e-05
5.0077e-05
1.94439e-05
1.87698e-05
5.23524e-05
4.19302e-05
1.85718e-05
4.40086e-05
1.811e-05
4.60514e-05
1.74011e-05
1.67133e-05
4.81079e-05
3.92206e-05
1.66848e-05
4.11026e-05
1.6228e-05
4.28969e-05
1.56068e-05
1.49423e-05
4.46679e-05
3.65413e-05
1.50345e-05
3.82125e-05
1.45569e-05
3.98051e-05
1.40142e-05
1.34081e-05
4.13393e-05
3.40093e-05
1.36637e-05
3.54102e-05
1.3156e-05
3.68089e-05
1.26155e-05
1.20204e-05
3.81965e-05
3.16469e-05
1.24307e-05
3.28817e-05
1.19212e-05
3.41084e-05
1.13888e-05
1.08223e-05
3.53065e-05
2.92944e-05
1.13797e-05
3.03542e-05
1.08614e-05
3.14057e-05
1.03374e-05
9.78979e-06
3.24382e-05
2.70282e-05
1.04456e-05
2.79511e-05
9.93853e-06
2.88693e-05
9.41915e-06
8.88083e-06
2.97783e-05
2.48027e-05
9.63141e-06
2.56077e-05
9.13358e-06
2.64088e-05
8.61802e-06
8.09051e-06
2.71991e-05
2.26167e-05
8.9128e-06
2.33259e-05
8.42438e-06
2.40268e-05
7.91719e-06
7.39576e-06
2.47215e-05
2.04543e-05
8.28331e-06
2.10746e-05
7.80413e-06
2.16896e-05
7.30217e-06
6.78824e-06
2.22971e-05
1.8315e-05
7.73528e-06
1.88569e-05
7.26218e-06
1.9393e-05
6.76615e-06
6.25505e-06
1.99262e-05
1.6186e-05
7.26538e-06
1.66521e-05
6.79603e-06
1.71132e-05
6.30509e-06
5.79663e-06
1.75716e-05
1.40636e-05
6.87297e-06
1.44553e-05
6.40431e-06
1.48428e-05
5.91761e-06
5.41089e-06
1.52286e-05
1.19452e-05
6.55699e-06
1.2258e-05
6.09153e-06
1.25719e-05
5.60372e-06
5.10072e-06
1.28821e-05
9.82895e-06
6.31709e-06
1.0066e-05
5.85451e-06
1.02992e-05
5.37054e-06
4.86742e-06
1.05325e-05
7.72261e-06
6.15954e-06
7.882e-06
5.69515e-06
8.03787e-06
5.21467e-06
4.71472e-06
8.19058e-06
5.64854e-06
6.10157e-06
5.71017e-06
5.63351e-06
5.77599e-06
5.14886e-06
4.64592e-06
5.8448e-06
3.64859e-06
6.07756e-06
3.64297e-06
5.63914e-06
3.61724e-06
5.17459e-06
4.68652e-06
3.57664e-06
1.56204e-06
6.00963e-06
1.58766e-06
5.61351e-06
1.57416e-06
5.18809e-06
4.73683e-06
1.52385e-06
-1.50383e-06
-1.40936e-06
-1.34725e-06
-1.31932e-06
1.27854e-05
-8.54702e-05
-4.88978e-05
-1.89287e-05
-8.51056e-05
-1.0717e-05
-5.55389e-05
-7.42463e-05
-1.26285e-05
-8.85622e-05
3.31121e-05
-7.68932e-05
6.22584e-05
-4.46753e-05
7.11099e-05
-1.51994e-05
6.37995e-05
7.84996e-06
5.48096e-05
1.30827e-05
5.15445e-05
1.2361e-05
5.28379e-05
2.20722e-05
5.47336e-05
5.47578e-05
5.30205e-05
9.91605e-05
4.28828e-05
0.000132416
-8.4563e-06
8.97493e-05
-3.52901e-05
4.26766e-05
-3.16316e-05
1.58947e-05
-1.83547e-05
-0.000117421
3.6582e-05
-0.00020844
7.20908e-05
-0.000173493
-4.56635e-05
-0.000128379
-0.000119361
-7.80665e-05
-0.000138875
-2.73005e-05
-0.000127659
2.32927e-05
-9.52685e-05
6.0042e-05
-5.19486e-05
6.50157e-05
2.87622e-06
4.28629e-05
3.52355e-05
3.10125e-05
2.42114e-05
2.69257e-05
2.61589e-05
3.6141e-05
4.55425e-05
4.95912e-05
8.57103e-05
5.25418e-05
0.000129466
2.92643e-05
0.000113027
-6.54432e-06
7.84852e-05
-1.66998e-05
2.60501e-05
-3.50545e-05
-0.000195832
0.000171861
-0.000203836
8.00948e-05
-0.000175674
-7.38254e-05
-0.000137228
-0.000157807
-9.89067e-05
-0.000177196
-6.2533e-05
-0.000164033
-2.35477e-05
-0.000134254
1.87393e-05
-9.42357e-05
5.8197e-05
-3.65815e-05
4.90812e-05
4.43514e-05
3.04645e-05
4.28281e-05
1.8504e-05
3.81194e-05
2.23806e-05
4.1666e-05
3.70789e-05
7.10119e-05
4.1597e-05
0.000124947
3.32058e-05
0.000121418
1.34033e-05
9.82878e-05
1.07728e-06
3.83761e-05
-3.39772e-05
-0.000241895
0.000171319
-0.000209977
4.8177e-05
-0.000175428
-0.000108374
-0.000134931
-0.000198304
-9.76852e-05
-0.000214442
-7.29266e-05
-0.000188791
-5.64532e-05
-0.000150727
-3.32703e-05
-0.000117419
1.00111e-05
-7.98629e-05
5.14102e-05
2.95225e-06
2.98059e-05
6.44324e-05
1.20375e-05
5.58878e-05
1.33665e-05
4.03369e-05
1.73388e-05
6.70396e-05
1.51594e-05
0.000127127
1.67036e-05
0.000119874
1.24223e-05
0.000102569
7.3628e-06
4.34356e-05
-2.66144e-05
-0.00030025
0.000215302
-0.000271123
1.90501e-05
-0.00018416
-0.000195337
-0.00012789
-0.000254574
-9.9177e-05
-0.000243155
-7.73583e-05
-0.00021061
-6.60934e-05
-0.000161992
-6.02841e-05
-0.000123228
-5.33526e-05
-8.67943e-05
-6.54962e-06
-4.38508e-05
1.95126e-05
3.83702e-05
3.77293e-06
7.16275e-05
1.30914e-06
4.28007e-05
-1.30778e-06
6.96565e-05
-1.18503e-05
0.000137669
-7.77178e-06
0.000115795
5.18176e-06
8.96155e-05
1.13821e-05
3.72353e-05
-1.52323e-05
-0.000414047
0.00029179
-0.000268787
-0.000126209
-0.000180014
-0.00028411
-0.000142558
-0.00029203
-0.000118014
-0.000267699
-9.75049e-05
-0.00023112
-8.03141e-05
-0.000179183
-8.70377e-05
-0.000116504
-7.93535e-05
-9.44785e-05
-5.53528e-05
-6.78515e-05
-1.88842e-05
1.90162e-06
-1.17353e-05
6.44786e-05
-2.30929e-05
5.41583e-05
-3.42402e-05
8.08038e-05
-2.97621e-05
0.000133191
-1.81311e-05
0.000104164
7.46997e-06
6.40145e-05
1.4243e-05
3.04622e-05
-9.89265e-07
-0.000339486
0.00022815
-0.000195916
-0.00026978
-0.000184027
-0.000295999
-0.000172036
-0.00030402
-0.000154187
-0.000285549
-0.000145107
-0.000240199
-0.000166475
-0.000157816
-0.0001515
-0.000131479
-0.000116906
-0.000129072
-8.21954e-05
-0.000102562
-5.28321e-05
-2.74617e-05
-3.31646e-05
4.48111e-05
-5.58495e-05
7.68432e-05
-6.54503e-05
9.04046e-05
-4.28062e-05
0.000110547
-9.88539e-06
7.12433e-05
1.61107e-05
3.80183e-05
1.7826e-05
2.87469e-05
1.68367e-05
-0.000213235
9.98347e-05
-0.000192021
-0.000290995
-0.000198004
-0.000290016
-0.000218491
-0.000283532
-0.000228412
-0.000275628
-0.000242767
-0.000225843
-0.000234521
-0.000166063
-0.000188079
-0.000177921
-0.000132819
-0.000184332
-8.55134e-05
-0.000149868
-7.63041e-05
-3.6671e-05
-5.92669e-05
2.77739e-05
-5.95184e-05
7.70947e-05
-4.86166e-05
7.95028e-05
-1.12624e-05
7.31932e-05
1.85475e-05
4.14334e-05
2.49172e-05
3.16487e-05
1.9829e-05
3.38351e-05
3.66658e-05
-0.000160212
4.73011e-05
-0.000225471
-0.000225735
-0.000231037
-0.000284451
-0.000240245
-0.000274324
-0.000276364
-0.00023951
-0.000262928
-0.000239279
-0.000242374
-0.000186617
-0.000209767
-0.000210527
-0.000170646
-0.000223454
-0.000134855
-0.000185659
-0.000101222
-7.03038e-05
-8.07749e-05
7.32656e-06
-5.46104e-05
5.09303e-05
-3.24505e-05
5.73429e-05
3.21595e-06
3.75268e-05
2.28253e-05
2.1824e-05
2.25531e-05
3.19209e-05
1.34837e-05
4.29045e-05
5.01494e-05
-0.000114942
5.11052e-05
-0.000210144
-0.000130534
-0.000258359
-0.000236236
-0.000247912
-0.000284771
-0.000244548
-0.000242873
-0.000264723
-0.000219104
-0.000231594
-0.000219746
-0.000246075
-0.000196046
-0.000238575
-0.000230954
-0.000202581
-0.000221652
-0.000138786
-0.000134099
-9.72386e-05
-3.42209e-05
-6.27512e-05
1.64429e-05
-3.0224e-05
2.48157e-05
-3.80784e-06
1.11106e-05
4.62783e-06
1.33883e-05
-2.44812e-06
3.89969e-05
-8.60751e-06
4.90639e-05
4.15419e-05
-2.86957e-05
3.9978e-05
-0.000115288
-4.39415e-05
-0.000204409
-0.000147115
-0.000247509
-0.000241671
-0.000223309
-0.000267072
-0.000212923
-0.000229491
-0.000226525
-0.000206144
-0.000241998
-0.000180573
-0.000291187
-0.000181764
-0.000300727
-0.000212113
-0.000232336
-0.00020249
-0.000150883
-0.000115674
-9.87288e-05
-3.57112e-05
-6.85181e-05
-5.39499e-06
-5.76088e-05
2.01162e-07
-5.64566e-05
1.22361e-05
-4.64525e-05
2.89929e-05
-2.8942e-05
3.15534e-05
1.25999e-05
4.88531e-05
2.07657e-05
1.08317e-05
-5.92008e-06
-9.0267e-05
-4.6016e-05
-0.000175271
-0.000156667
-0.000207466
-0.000234878
-0.00020364
-0.000233317
-0.000195839
-0.000213945
-0.000206027
-0.000170386
-0.000241813
-0.000145977
-0.000299933
-0.000153993
-0.000324722
-0.000177702
-0.00026924
-0.000171156
-0.000202188
-0.000102763
-0.000158215
-4.93676e-05
-0.000134362
-2.36519e-05
-0.000109032
-1.30946e-05
-7.25122e-05
-7.52661e-06
-3.23925e-05
-8.56634e-06
-1.97926e-05
9.2528e-05
2.9578e-05
7.10776e-05
1.55304e-05
6.95063e-06
1.8111e-05
-0.000108799
-4.09171e-05
-0.000192379
-0.000151297
-0.000192273
-0.000233424
-0.000191442
-0.000214775
-0.000168397
-0.00019343
-0.00015254
-0.000161834
-0.000149651
-0.000156883
-0.000167525
-0.000159828
-0.000189803
-0.000148877
-0.000173655
-0.000118911
-0.000126627
-9.63955e-05
-8.65923e-05
-6.36869e-05
-6.01142e-05
-3.95727e-05
-3.92025e-05
-2.84383e-05
-1.81745e-05
-2.95944e-05
-3.79671e-05
0.000112385
4.91928e-05
9.2777e-05
3.51385e-05
7.07055e-05
4.01825e-05
-3.9253e-06
3.37137e-05
-0.000116393
-3.88292e-05
-0.000191058
-0.000158759
-0.000180812
-0.000225021
-0.000172522
-0.00020172
-0.000151388
-0.000182968
-0.000139929
-0.000168342
-0.000136602
-0.000163155
-0.000133907
-0.000151573
-0.000121124
-0.000131693
-0.000104809
-0.000112711
-7.95353e-05
-8.89604e-05
-5.3984e-05
-6.51241e-05
-3.34734e-05
-4.89489e-05
-1.5179e-05
-4.78888e-05
-5.31461e-05
0.000113686
6.41749e-05
9.94645e-05
4.93597e-05
8.76907e-05
5.19564e-05
6.87887e-05
5.26157e-05
-6.9689e-06
3.69285e-05
-0.000118387
-4.73416e-05
-0.000184085
-0.000159323
-0.000170161
-0.000215643
-0.000161843
-0.000191287
-0.000150347
-0.000179838
-0.000144482
-0.00016902
-0.000140121
-0.000155934
-0.000132843
-0.000138971
-0.000122285
-0.000123269
-0.000102422
-0.000108824
-7.73118e-05
-9.02343e-05
-5.03739e-05
-7.58867e-05
-2.20436e-05
-7.62191e-05
-7.51897e-05
0.000101646
6.96268e-05
9.57412e-05
5.52645e-05
9.37645e-05
5.39331e-05
9.18535e-05
5.45268e-05
8.03751e-05
4.84069e-05
-6.63553e-07
3.3697e-05
-0.000111603
-4.83836e-05
-0.000181304
-0.000145942
-0.000172108
-0.000200483
-0.000161129
-0.000190816
-0.000160709
-0.000169441
-0.000160558
-0.000156085
-0.000161139
-0.00013839
-0.000147028
-0.00013738
-0.000114914
-0.000140937
-8.64584e-05
-0.00011869
-6.12478e-05
-0.000101097
-4.41575e-05
-9.33094e-05
-0.000119347
9.00871e-05
6.75704e-05
8.97061e-05
5.56455e-05
9.33462e-05
5.02929e-05
9.90996e-05
4.87734e-05
0.000104988
4.25183e-05
0.000108192
3.04931e-05
5.27825e-05
7.02582e-06
-3.34814e-05
-5.96784e-05
-0.000111932
-0.000122032
-0.000153006
-0.000149742
-0.000159232
-0.000163215
-0.000156766
-0.000158551
-0.00015091
-0.000144245
-0.000153482
-0.000134808
-0.000161119
-0.0001333
-0.000150949
-0.00012886
-0.000121784
-0.000130263
-5.96176e-05
-0.000155476
-0.000178965
8.14322e-05
6.25358e-05
8.42879e-05
5.27898e-05
8.87454e-05
4.58354e-05
9.64552e-05
4.10635e-05
0.00010591
3.30631e-05
0.000115612
2.07916e-05
0.000118605
4.0324e-06
8.21192e-05
-2.31925e-05
2.0385e-05
-6.02983e-05
-5.24561e-05
-7.6901e-05
-0.000118847
-9.68247e-05
-0.000158208
-0.000119189
-0.000172277
-0.000130177
-0.000184796
-0.000122289
-0.000205867
-0.000112229
-0.000224892
-0.000109836
-0.000219013
-0.000136141
-0.000146185
-0.000228304
-0.00032515
7.40458e-05
5.6655e-05
7.83586e-05
4.8477e-05
8.29315e-05
4.12624e-05
8.9794e-05
3.4201e-05
9.73149e-05
2.55422e-05
0.000103043
1.50636e-05
0.000105316
1.75881e-06
9.81602e-05
-1.60363e-05
7.12655e-05
-3.34036e-05
3.87415e-05
-4.43771e-05
-1.02129e-05
-4.78703e-05
-8.13415e-05
-4.80609e-05
-0.00014574
-6.57779e-05
-0.000181674
-8.6355e-05
-0.000205137
-8.8766e-05
-0.000215367
-9.9606e-05
-0.000194664
-0.000156844
-0.000113692
-0.000309276
-0.000438844
6.81917e-05
5.09373e-05
7.26917e-05
4.3977e-05
7.72787e-05
3.66754e-05
8.24024e-05
2.90772e-05
8.64649e-05
2.14797e-05
9.03255e-05
1.1203e-05
9.13608e-05
7.23478e-07
8.65562e-05
-1.12317e-05
7.60867e-05
-2.29341e-05
6.28992e-05
-3.11897e-05
4.17167e-05
-2.66878e-05
5.12056e-06
-1.14648e-05
-6.66717e-05
6.01436e-06
-0.000132948
-2.00782e-05
-0.000164463
-5.72516e-05
-0.000162262
-0.000101807
-8.55263e-05
-0.00023358
2.66578e-05
-0.00042146
-0.000412185
6.20949e-05
4.56372e-05
6.68333e-05
3.92386e-05
7.12675e-05
3.22411e-05
7.53341e-05
2.50107e-05
7.84202e-05
1.83935e-05
8.11349e-05
8.48826e-06
8.01029e-05
1.75542e-06
7.84276e-05
-9.55637e-06
6.98014e-05
-1.43079e-05
5.88903e-05
-2.02786e-05
5.01343e-05
-1.79319e-05
4.34507e-05
-4.78121e-06
1.70552e-05
3.24098e-05
-4.39559e-05
4.0933e-05
-8.73343e-05
-1.38732e-05
-5.26537e-05
-0.000136488
4.41932e-05
-0.000330427
1.90743e-05
-0.000396341
-0.000393111
5.72154e-05
4.07743e-05
6.1655e-05
3.4799e-05
6.56299e-05
2.82663e-05
6.88438e-05
2.17967e-05
7.14373e-05
1.58e-05
7.27263e-05
7.19923e-06
7.42309e-05
2.50772e-07
7.17755e-05
-7.10095e-06
6.76707e-05
-1.02031e-05
6.50102e-05
-1.76181e-05
5.98162e-05
-1.27379e-05
5.17341e-05
3.30097e-06
3.64263e-05
4.77176e-05
-6.75662e-06
8.41159e-05
-5.36564e-05
3.30266e-05
-1.14078e-05
-0.000178736
1.887e-05
-0.000360704
3.30563e-06
-0.000380776
-0.000389805
5.26452e-05
3.6237e-05
5.67507e-05
3.06935e-05
6.01913e-05
2.48257e-05
6.28814e-05
1.91066e-05
6.5512e-05
1.31694e-05
6.66529e-05
6.05836e-06
6.79971e-05
-1.09348e-06
6.76146e-05
-6.71845e-06
6.72442e-05
-9.83272e-06
6.80904e-05
-1.84643e-05
6.78227e-05
-1.24702e-05
6.36172e-05
7.50642e-06
4.64998e-05
6.48351e-05
1.80383e-05
0.000112577
-2.10357e-05
7.21006e-05
-8.33165e-06
-0.00019144
-2.4719e-06
-0.000366564
9.50605e-07
-0.000384199
-0.000388854
4.86252e-05
3.22797e-05
5.21492e-05
2.71695e-05
5.51235e-05
2.18514e-05
5.75957e-05
1.66343e-05
6.00872e-05
1.0678e-05
6.15845e-05
4.56107e-06
6.29226e-05
-2.4316e-06
6.40499e-05
-7.84584e-06
6.63053e-05
-1.20881e-05
6.97577e-05
-2.19167e-05
7.27415e-05
-1.54539e-05
6.94792e-05
1.07687e-05
5.03448e-05
8.39695e-05
2.28844e-05
0.000140038
-7.90366e-06
0.000102889
-1.20779e-05
-0.000187266
-8.12475e-06
-0.000370517
2.68426e-06
-0.000395008
-0.00038617
4.48195e-05
2.87996e-05
4.78649e-05
2.41241e-05
5.04941e-05
1.92222e-05
5.27664e-05
1.4362e-05
5.48526e-05
8.59178e-06
5.64299e-05
2.98368e-06
5.79018e-05
-3.90348e-06
5.94881e-05
-9.43219e-06
6.35129e-05
-1.61128e-05
6.97811e-05
-2.81849e-05
7.6276e-05
-2.19489e-05
7.33012e-05
1.37436e-05
5.44712e-05
0.0001028
2.54302e-05
0.000169079
2.91226e-06
0.000125407
-7.59303e-06
-0.00017676
-1.0922e-05
-0.000367188
-2.61291e-07
-0.000405669
-0.000386431
4.1287e-05
2.57091e-05
4.39423e-05
2.14688e-05
4.62495e-05
1.6915e-05
4.82872e-05
1.23244e-05
4.98692e-05
7.00974e-06
5.12904e-05
1.56245e-06
5.21071e-05
-4.72013e-06
5.36291e-05
-1.09542e-05
5.73242e-05
-1.9808e-05
6.27669e-05
-3.36276e-05
6.9001e-05
-2.81829e-05
5.87468e-05
2.39978e-05
3.9387e-05
0.000122159
2.67169e-05
0.000181749
2.33008e-05
0.000128823
2.59985e-06
-0.000156059
-3.02816e-05
-0.000334307
-2.49425e-05
-0.000411008
-0.000411374
3.79218e-05
2.30938e-05
4.02593e-05
1.91313e-05
4.22861e-05
1.48882e-05
4.40466e-05
1.05639e-05
4.53482e-05
5.70807e-06
4.63089e-05
6.0171e-07
4.65032e-05
-4.91439e-06
4.64255e-05
-1.08764e-05
4.5387e-05
-1.87695e-05
4.1334e-05
-2.95745e-05
3.92801e-05
-2.61291e-05
3.05889e-05
3.2689e-05
2.7787e-05
0.000124961
3.49334e-05
0.000174602
3.54749e-05
0.000128281
2.06834e-06
-0.000122653
-4.41245e-05
-0.000288114
-7.68381e-05
-0.000378294
-0.000488212
3.47948e-05
2.07372e-05
3.68483e-05
1.70777e-05
3.86239e-05
1.31126e-05
4.01366e-05
9.05124e-06
4.12179e-05
4.62674e-06
4.1803e-05
1.6586e-08
4.16128e-05
-4.72418e-06
4.04034e-05
-9.66704e-06
3.71254e-05
-1.54916e-05
2.83283e-05
-2.07774e-05
2.05647e-05
-1.83655e-05
2.15127e-05
3.17409e-05
3.03164e-05
0.000116158
5.01917e-05
0.000154727
6.46869e-05
0.000113786
2.43294e-05
-8.22955e-05
-3.24447e-06
-0.00026054
4.50498e-05
-0.000426589
-0.000443162
3.1817e-05
1.86985e-05
3.36431e-05
1.52516e-05
3.52374e-05
1.15184e-05
3.6582e-05
7.70656e-06
3.75229e-05
3.6859e-06
3.79744e-05
-4.34939e-07
3.76469e-05
-4.39672e-06
3.61469e-05
-8.16702e-06
3.23607e-05
-1.17053e-05
2.4944e-05
-1.33607e-05
1.64084e-05
-9.82987e-06
2.18273e-05
2.63221e-05
4.20091e-05
9.59758e-05
7.33901e-05
0.000123346
0.000101809
8.53675e-05
6.91171e-05
-4.9604e-05
3.10675e-05
-0.000222491
1.90978e-05
-0.000414619
-0.000424064
2.90064e-05
1.68912e-05
3.06416e-05
1.36165e-05
3.20984e-05
1.00615e-05
3.33444e-05
6.46056e-06
3.43137e-05
2.71662e-06
3.48916e-05
-1.01278e-06
3.49294e-05
-4.43455e-06
3.40928e-05
-7.33045e-06
3.16972e-05
-9.30974e-06
2.70383e-05
-8.70183e-06
2.11624e-05
-3.95392e-06
2.86131e-05
1.88713e-05
5.88292e-05
6.57597e-05
9.44637e-05
8.77116e-05
0.000126054
5.37773e-05
0.000112339
-3.58894e-05
7.12199e-05
-0.000181371
2.46683e-05
-0.000368067
-0.000399396
2.63169e-05
1.52959e-05
2.78046e-05
1.21287e-05
2.91436e-05
8.72247e-06
3.03694e-05
5.23483e-06
3.13988e-05
1.68716e-06
3.2222e-05
-1.83596e-06
3.27991e-05
-5.01163e-06
3.30385e-05
-7.5699e-06
3.29506e-05
-9.22179e-06
3.27445e-05
-8.49577e-06
3.32184e-05
-4.42777e-06
4.21897e-05
9.89999e-06
7.18996e-05
3.60498e-05
0.000105474
5.41367e-05
0.000132726
2.65253e-05
0.00012902
-3.21833e-05
9.89005e-05
-0.000151251
4.26428e-05
-0.00031181
-0.000356753
2.37141e-05
1.38789e-05
2.50589e-05
1.07839e-05
2.63328e-05
7.44858e-06
2.75409e-05
4.0267e-06
2.86914e-05
5.36689e-07
2.97933e-05
-2.93791e-06
3.0976e-05
-6.19433e-06
3.23926e-05
-8.98652e-06
3.42396e-05
-1.10687e-05
3.70562e-05
-1.13124e-05
4.25272e-05
-9.89878e-06
5.3889e-05
-1.46181e-06
7.96525e-05
1.02863e-05
0.000105417
2.83724e-05
0.000123825
8.11665e-06
0.00012374
-3.20983e-05
9.95314e-05
-0.000127042
5.18162e-05
-0.000264094
-0.000304937
2.11699e-05
1.26353e-05
2.23858e-05
9.56797e-06
2.35688e-05
6.26562e-06
2.47544e-05
2.84106e-06
2.59633e-05
-6.72189e-07
2.72907e-05
-4.2653e-06
2.88754e-05
-7.779e-06
3.09992e-05
-1.11104e-05
3.40576e-05
-1.41271e-05
3.91365e-05
-1.63913e-05
4.71992e-05
-1.79615e-05
6.06967e-05
-1.49593e-05
8.28142e-05
-1.18313e-05
0.000102161
9.02598e-06
0.000113618
-3.3408e-06
0.00011139
-2.98702e-05
9.06066e-05
-0.000106259
5.07076e-05
-0.000224195
-0.000254229
1.86454e-05
1.15615e-05
1.9726e-05
8.48739e-06
2.08008e-05
5.1908e-06
2.19252e-05
1.71665e-06
2.31395e-05
-1.88647e-06
2.45637e-05
-5.68948e-06
2.63945e-05
-9.60984e-06
2.8988e-05
-1.37039e-05
3.28223e-05
-1.79614e-05
3.91638e-05
-2.27328e-05
4.95566e-05
-2.83543e-05
6.58491e-05
-3.12518e-05
8.42912e-05
-3.02734e-05
9.61091e-05
-2.79193e-06
9.90577e-05
-6.28944e-06
9.28052e-05
-2.36177e-05
7.93239e-05
-9.27777e-05
4.58172e-05
-0.000190689
-0.000208412
1.61338e-05
1.06563e-05
1.70526e-05
7.56851e-06
1.79881e-05
4.25537e-06
1.89723e-05
7.32388e-07
2.0078e-05
-2.99215e-06
2.13779e-05
-6.98937e-06
2.30389e-05
-1.12709e-05
2.53161e-05
-1.5981e-05
2.87684e-05
-2.14137e-05
3.42366e-05
-2.8201e-05
4.38091e-05
-3.79268e-05
5.74366e-05
-4.48793e-05
6.92666e-05
-4.21034e-05
7.58144e-05
-9.33971e-06
7.55375e-05
-6.01259e-06
7.29456e-05
-2.10258e-05
7.00959e-05
-8.9928e-05
4.15665e-05
-0.000162159
-0.000166846
1.36116e-05
9.92681e-06
1.43572e-05
6.82297e-06
1.51275e-05
3.48499e-06
1.59367e-05
-7.67868e-08
1.6838e-05
-3.89347e-06
1.78845e-05
-8.03587e-06
1.91467e-05
-1.25331e-05
2.06698e-05
-1.75042e-05
2.25939e-05
-2.33378e-05
2.45378e-05
-3.01449e-05
2.68733e-05
-4.02622e-05
3.00667e-05
-4.80727e-05
3.53023e-05
-4.7339e-05
4.41342e-05
-1.81716e-05
4.9237e-05
-1.11155e-05
5.72319e-05
-2.90207e-05
6.13047e-05
-9.40008e-05
3.54089e-05
-0.000136263
-0.000131437
1.10761e-05
9.3832e-06
1.16288e-05
6.27026e-06
1.21942e-05
2.91963e-06
1.27854e-05
-6.67972e-07
1.34431e-05
-4.55124e-06
1.41648e-05
-8.75752e-06
1.49339e-05
-1.33022e-05
1.56834e-05
-1.82537e-05
1.62537e-05
-2.3908e-05
1.59433e-05
-2.98346e-05
1.38031e-05
-3.8122e-05
1.03606e-05
-4.46302e-05
8.45317e-06
-4.54316e-05
1.93604e-05
-2.90789e-05
3.25059e-05
-2.42609e-05
5.10664e-05
-4.75813e-05
5.11503e-05
-9.40846e-05
2.64752e-05
-0.000111588
-0.000104962
8.54022e-06
9.03356e-06
8.89359e-06
5.91688e-06
9.25888e-06
2.55434e-06
9.63499e-06
-1.04409e-06
1.00578e-05
-4.97409e-06
1.0507e-05
-9.2067e-06
1.09877e-05
-1.37829e-05
1.14184e-05
-1.86844e-05
1.15985e-05
-2.4088e-05
1.11259e-05
-2.93619e-05
8.77007e-06
-3.57662e-05
4.94842e-06
-4.08085e-05
1.90825e-06
-4.23914e-05
1.21979e-05
-3.93685e-05
2.84456e-05
-4.05087e-05
3.98343e-05
-5.897e-05
3.09683e-05
-8.52186e-05
1.4675e-05
-9.52951e-05
-9.02867e-05
5.9952e-06
8.88316e-06
6.1286e-06
5.78347e-06
6.25297e-06
2.42996e-06
6.38619e-06
-1.17732e-06
6.52303e-06
-5.11094e-06
6.66517e-06
-9.34884e-06
6.81976e-06
-1.39375e-05
6.92757e-06
-1.87922e-05
6.87577e-06
-2.40362e-05
6.59201e-06
-2.90782e-05
5.44923e-06
-3.46234e-05
4.45502e-06
-3.98143e-05
3.45433e-06
-4.13907e-05
1.20376e-05
-4.79517e-05
2.14094e-05
-4.98805e-05
2.51636e-05
-6.27242e-05
1.83439e-05
-7.8399e-05
8.98833e-06
-8.59395e-05
-8.12983e-05
3.46972e-06
8.99008e-06
3.3746e-06
5.87857e-06
3.28665e-06
2.5179e-06
3.20782e-06
-1.09849e-06
3.12501e-06
-5.02814e-06
3.03702e-06
-9.26084e-06
2.89255e-06
-1.3793e-05
2.73231e-06
-1.86319e-05
2.36649e-06
-2.36704e-05
2.23749e-06
-2.89492e-05
1.97313e-06
-3.43591e-05
3.30719e-06
-4.11484e-05
4.85057e-06
-4.29341e-05
1.2211e-05
-5.53122e-05
1.93023e-05
-5.69718e-05
2.28125e-05
-6.62344e-05
1.72329e-05
-7.28194e-05
9.97693e-06
-7.86836e-05
-7.13214e-05
1.26651e-06
9.2474e-06
8.76478e-07
6.2686e-06
4.26337e-07
2.96804e-06
-5.56395e-08
-6.16523e-07
-5.45747e-07
-4.53803e-06
-1.00284e-06
-8.80374e-06
-1.35321e-06
-1.34427e-05
-1.49702e-06
-1.84881e-05
-1.36378e-06
-2.38036e-05
-1.68888e-07
-3.01441e-05
1.17256e-06
-3.57005e-05
5.76238e-06
-4.57382e-05
1.15356e-05
-4.87073e-05
1.79278e-05
-6.17044e-05
2.18393e-05
-6.08833e-05
2.24007e-05
-6.67959e-05
1.68397e-05
-6.72583e-05
9.07884e-06
-7.09227e-05
-6.22425e-05
-1.39375e-06
-1.62322e-06
-1.97283e-06
-2.35336e-06
-2.70535e-06
-2.9786e-06
-3.09943e-06
-2.89455e-06
-2.06458e-06
2.86858e-07
3.54299e-06
9.62615e-06
1.66046e-05
2.10017e-05
2.3793e-05
2.22028e-05
1.61381e-05
8.44265e-06
)
;

boundaryField
{
    leftWall
    {
        type            calculated;
        value           uniform 0;
    }
    rightWall
    {
        type            calculated;
        value           uniform 0;
    }
    lowerWall
    {
        type            calculated;
        value           nonuniform List<scalar> 
62
(
-3.54109e-22
3.46973e-22
-1.41846e-22
-1.63137e-22
2.25062e-22
-1.21936e-23
-5.25217e-23
-4.49343e-22
-1.31469e-22
-2.28263e-22
-2.34795e-23
-5.10657e-23
2.87062e-22
3.16216e-22
-3.84749e-22
-2.99726e-22
5.64188e-22
-3.34193e-22
-2.67625e-22
2.14933e-22
2.09264e-22
4.30797e-22
-2.23016e-25
0
0
0
0
0
0
0
0
-4.25138e-23
1.41658e-22
1.52643e-22
1.86307e-22
0
0
0
0
0
0
0
0
-6.59111e-23
4.53353e-22
1.3515e-22
-3.59851e-22
-8.84956e-23
5.06363e-23
3.12609e-22
-5.0194e-22
1.2188e-22
-9.63858e-23
2.43615e-22
2.63e-22
-3.45661e-22
7.04176e-23
6.70533e-23
5.68687e-24
2.17135e-24
4.34816e-22
-2.69939e-22
)
;
    }
    atmosphere
    {
        type            calculated;
        value           nonuniform List<scalar> 
46
(
3.20436e-05
3.18705e-05
3.16957e-05
3.14251e-05
3.10997e-05
3.06999e-05
3.02313e-05
2.96827e-05
2.90595e-05
2.83655e-05
2.75995e-05
2.67608e-05
2.58525e-05
2.48826e-05
2.38329e-05
2.27245e-05
2.15503e-05
2.03145e-05
1.90331e-05
1.77109e-05
1.63594e-05
1.49919e-05
1.35949e-05
5.8853e-06
5.51904e-06
5.12597e-06
4.7089e-06
9.32184e-06
6.49807e-06
3.31765e-06
-2.35988e-07
-4.18605e-06
-8.53048e-06
-1.33218e-05
-1.8693e-05
-2.46336e-05
-3.24955e-05
-3.89567e-05
-5.18213e-05
-5.56858e-05
-6.61015e-05
-6.36746e-05
-6.52057e-05
-6.11937e-05
-6.32272e-05
-5.37999e-05
)
;
    }
    defaultFaces
    {
        type            empty;
        value           nonuniform 0();
    }
}


// ************************************************************************* //
