/*--------------------------------*- C++ -*----------------------------------*\
| =========                 |                                                 |
| \\      /  F ield         | OpenFOAM: The Open Source CFD Toolbox           |
|  \\    /   O peration     | Version:  2.4.0                                 |
|   \\  /    A nd           | Web:      www.OpenFOAM.org                      |
|    \\/     M anipulation  |                                                 |
\*---------------------------------------------------------------------------*/
FoamFile
{
    version     2.0;
    format      ascii;
    class       volVectorField;
    location    "0.75";
    object      U;
}
// * * * * * * * * * * * * * * * * * * * * * * * * * * * * * * * * * * * * * //

dimensions      [0 1 -1 0 0 0 0];

internalField   nonuniform List<vector> 
2268
(
(0.0105947 -0.0210507 0)
(0.0292568 -0.0220449 0)
(0.0531071 -0.0192834 0)
(0.0592665 -0.0202847 0)
(0.0757115 -0.0212195 0)
(0.0915847 -0.0179525 0)
(0.0854896 -0.00747083 0)
(0.0677767 0.0132168 0)
(0.0265606 0.0310722 0)
(-0.0236598 0.0445477 0)
(-0.078113 0.0498833 0)
(-0.126513 0.0383357 0)
(-0.173725 0.0165826 0)
(-0.19353 0.00240206 0)
(-0.186466 -0.00759265 0)
(-0.167043 -0.0107384 0)
(-0.146712 -0.00815398 0)
(-0.13055 -0.0076164 0)
(-0.112419 -0.0043579 0)
(-0.0916316 -0.0101764 0)
(-0.0548636 -0.00366729 0)
(-0.0435136 0.000487868 0)
(-0.034614 -0.00902614 0)
(0.0126131 0.00944081 0)
(0.0269692 0.00773679 0)
(0.0513215 0.0125594 0)
(0.0637176 0.0132328 0)
(0.0791822 0.011415 0)
(0.0935026 0.0176513 0)
(0.0965762 0.0198957 0)
(0.0818768 0.0168665 0)
(0.0475515 0.0106552 0)
(-0.0140836 0.00598638 0)
(-0.0860987 0.00420677 0)
(-0.144976 0.0127333 0)
(-0.185113 0.0162378 0)
(-0.196862 0.00356118 0)
(-0.187538 -0.00559372 0)
(-0.166411 -0.00896379 0)
(-0.144612 -0.00943991 0)
(-0.127161 -0.00939079 0)
(-0.109104 -0.012623 0)
(-0.0812851 -0.0171696 0)
(-0.0545311 -0.0186924 0)
(-0.0309404 -0.0092685 0)
(-0.0146593 -0.0294433 0)
(0.0143219 -0.0615659 0)
(0.0254203 -0.064098 0)
(0.0460216 -0.0538746 0)
(0.0712539 -0.0535302 0)
(0.0779071 -0.053008 0)
(0.0818129 -0.0373381 0)
(0.0774679 -0.0102362 0)
(0.0618042 0.034133 0)
(0.0345452 0.0925288 0)
(-0.0222213 0.118131 0)
(-0.0884435 0.0958333 0)
(-0.140113 0.0673698 0)
(-0.173247 0.0309186 0)
(-0.193452 0.0015487 0)
(-0.18879 -0.020685 0)
(-0.172976 -0.0287559 0)
(-0.150957 -0.0258631 0)
(-0.127557 -0.0234487 0)
(-0.107152 -0.0238359 0)
(-0.0709731 -0.0348628 0)
(-0.0513235 -0.0275306 0)
(-0.015668 -0.0159185 0)
(-2.54354e-05 -0.0310741 0)
(0.0149346 0.0246064 0)
(0.0227327 0.0271385 0)
(0.0384133 0.0179876 0)
(0.0689664 0.020223 0)
(0.0694324 0.0208883 0)
(0.0656302 0.0166537 0)
(0.0775623 0.0110877 0)
(0.0825556 0.0160478 0)
(0.042777 0.0305444 0)
(-0.0396539 0.0540021 0)
(-0.11994 0.0838222 0)
(-0.15675 0.0710051 0)
(-0.182836 0.049536 0)
(-0.196762 0.00758186 0)
(-0.19148 -0.017554 0)
(-0.174185 -0.0284417 0)
(-0.147508 -0.0321185 0)
(-0.118628 -0.0319765 0)
(-0.0953501 -0.038049 0)
(-0.0732398 -0.0446829 0)
(-0.068004 -0.0469319 0)
(-0.0228127 -0.0312625 0)
(-0.00264403 -0.0362358 0)
(0.001912 -0.0914372 0)
(0.0141441 -0.0869332 0)
(0.0152286 -0.0870664 0)
(0.0114831 -0.0773802 0)
(0.00829744 -0.0532121 0)
(0.0023679 -0.0308973 0)
(0.0117971 0.0429494 0)
(0.0305749 0.179441 0)
(-0.032749 0.295003 0)
(-0.127509 0.173944 0)
(-0.178632 0.116883 0)
(-0.223763 0.083767 0)
(-0.230718 0.047724 0)
(-0.224448 0.0110227 0)
(-0.206409 -0.0275152 0)
(-0.177343 -0.0467454 0)
(-0.142299 -0.050671 0)
(-0.104263 -0.047222 0)
(-0.0796796 -0.0466936 0)
(-0.0727121 -0.0465091 0)
(-0.0763033 -0.0515129 0)
(-0.044853 -0.0486 0)
(-0.00314249 -0.0451711 0)
(-0.000873204 -0.0235382 0)
(0.00312352 -0.0175147 0)
(-0.00104303 -0.0169777 0)
(-0.0140644 -0.00471625 0)
(-0.0452819 0.00291022 0)
(-0.0802118 -0.00161825 0)
(-0.131139 -0.0406202 0)
(-0.158193 -0.0575872 0)
(-0.12157 0.0404715 0)
(-0.245523 0.247917 0)
(-0.285221 0.152788 0)
(-0.288206 0.0877571 0)
(-0.282927 0.0338006 0)
(-0.275817 -0.0124316 0)
(-0.258613 -0.0429577 0)
(-0.21347 -0.0585344 0)
(-0.156261 -0.0671213 0)
(-0.101376 -0.0594828 0)
(-0.075454 -0.0488158 0)
(-0.0702514 -0.0447462 0)
(-0.0745367 -0.0539876 0)
(-0.0612897 -0.0581397 0)
(-0.0126045 -0.0581474 0)
(0.000434133 -0.03713 0)
(0.0030881 -0.0321998 0)
(0.00229948 -0.0281331 0)
(-0.00413763 -0.0120036 0)
(-0.0215631 0.0110927 0)
(-0.0396916 0.0308183 0)
(-0.0670098 0.0844704 0)
(-0.142686 0.14427 0)
(-0.20841 0.190333 0)
(-0.28043 0.237567 0)
(-0.452482 0.191291 0)
(-0.401785 0.0977451 0)
(-0.363042 0.0569653 0)
(-0.326528 0.00668175 0)
(-0.306629 -0.0517697 0)
(-0.261064 -0.0895633 0)
(-0.189971 -0.101372 0)
(-0.131452 -0.0822799 0)
(-0.0901677 -0.0592106 0)
(-0.0705702 -0.0505029 0)
(-0.0594745 -0.0664905 0)
(-0.0564681 -0.0831949 0)
(-0.0154125 -0.084119 0)
(0.0014251 -0.0534766 0)
(0.00566314 -0.0466418 0)
(0.00428371 -0.0367993 0)
(-0.00849388 -0.0147753 0)
(-0.0290777 0.00106065 0)
(-0.0617758 0.00231269 0)
(-0.0968367 0.00892665 0)
(-0.12711 0.0473006 0)
(-0.172094 0.157643 0)
(-0.217611 0.272506 0)
(-0.465019 0.209447 0)
(-0.49183 0.0414776 0)
(-0.465398 -0.0215349 0)
(-0.426222 -0.046985 0)
(-0.359023 -0.0858293 0)
(-0.270909 -0.128919 0)
(-0.215396 -0.151755 0)
(-0.183331 -0.132643 0)
(-0.13445 -0.0980659 0)
(-0.0645604 -0.0753341 0)
(-0.0279423 -0.0814728 0)
(-0.0425701 -0.0919511 0)
(-0.0103677 -0.117941 0)
(-0.186344 -0.10365 0)
(-0.0577552 -0.232451 0)
(0.125731 -0.195667 0)
(0.285286 -0.163086 0)
(0.39937 -0.139757 0)
(0.470088 -0.138611 0)
(0.515301 -0.148163 0)
(0.551144 -0.156442 0)
(0.595324 -0.160775 0)
(0.647006 -0.160212 0)
(0.69509 -0.160489 0)
(0.733105 -0.167575 0)
(0.733471 -0.180558 0)
(0.710749 -0.179923 0)
(0.641945 -0.149387 0)
(0.460607 -0.114281 0)
(0.186117 -0.0744844 0)
(-0.0862054 -0.127139 0)
(-0.0211337 -0.170207 0)
(-0.245451 0.157226 0)
(0.245323 0.0341343 0)
(0.401997 -0.0273061 0)
(0.485926 -0.0169475 0)
(0.545419 0.00629032 0)
(0.576075 0.0346697 0)
(0.600029 0.0534874 0)
(0.619924 0.0597571 0)
(0.637327 0.0561427 0)
(0.662815 0.0479595 0)
(0.695211 0.0530859 0)
(0.715737 0.0741237 0)
(0.702154 0.11589 0)
(0.705934 0.157916 0)
(0.660351 0.223231 0)
(0.518874 0.25534 0)
(0.310439 0.219394 0)
(0.0403439 0.175952 0)
(-0.077431 0.0803835 0)
(-0.124373 -0.0287013 0)
(0.369921 -0.317686 0)
(0.543659 -0.211576 0)
(0.684628 -0.0466808 0)
(0.806923 0.109664 0)
(0.812345 0.122574 0)
(0.800667 0.0933899 0)
(0.763982 0.0625584 0)
(0.730673 0.0502185 0)
(0.676211 0.0628252 0)
(0.615929 0.0870274 0)
(0.519501 0.144423 0)
(0.419715 0.111182 0)
(0.303466 0.0909686 0)
(0.385357 0.0754234 0)
(0.447849 0.168736 0)
(0.304084 0.219117 0)
(0.0615072 0.14975 0)
(-0.0641076 -0.0978142 0)
(0.378212 -0.0269526 0)
(0.445914 -0.266951 0)
(0.49981 -0.206104 0)
(0.575694 -0.140018 0)
(0.651019 -0.144286 0)
(0.700072 -0.12756 0)
(0.717044 -0.0876553 0)
(0.715295 -0.0557017 0)
(0.702148 -0.0447186 0)
(0.672411 -0.0553923 0)
(0.615817 -0.0555501 0)
(0.55704 -0.038777 0)
(0.426698 0.00183609 0)
(0.386339 0.0554472 0)
(-0.108103 0.296078 0)
(0.203669 0.175657 0)
(0.238483 0.253616 0)
(0.0870673 0.227195 0)
(-0.023125 0.0178411 0)
(0.357601 -0.267673 0)
(0.347552 -0.355018 0)
(0.427672 -0.28469 0)
(0.45275 -0.183559 0)
(0.509991 -0.0865701 0)
(0.537504 -0.0319102 0)
(0.549109 -0.0093212 0)
(0.576993 -0.00716297 0)
(0.604301 0.000858031 0)
(0.620939 0.0359207 0)
(0.615118 0.0690882 0)
(0.561318 0.126584 0)
(0.446113 0.130795 0)
(0.248402 0.149221 0)
(-0.140062 0.163697 0)
(-0.226195 0.124225 0)
(0.15872 0.261237 0)
(0.0655055 0.276066 0)
(0.101978 -0.0177391 0)
(0.283582 -0.372637 0)
(0.264168 -0.375061 0)
(0.344863 -0.267871 0)
(0.331124 -0.173278 0)
(0.379641 -0.105204 0)
(0.436039 -0.0543481 0)
(0.468241 -0.0164247 0)
(0.485753 0.00390474 0)
(0.484785 0.021533 0)
(0.490326 0.0315674 0)
(0.51606 0.0645106 0)
(0.517538 0.115261 0)
(0.448403 0.195672 0)
(0.242262 0.281697 0)
(-0.104039 0.296162 0)
(-0.257628 0.102035 0)
(0.0539452 0.157884 0)
(0.000783783 0.290259 0)
(0.155538 0.0655805 0)
(0.31801 -0.520298 0)
(0.220163 -0.424617 0)
(0.261364 -0.267128 0)
(0.222943 -0.183024 0)
(0.271425 -0.168694 0)
(0.360929 -0.114725 0)
(0.409842 -0.0730026 0)
(0.431547 -0.0527486 0)
(0.43637 -0.0412787 0)
(0.428371 -0.0251866 0)
(0.440828 0.0108811 0)
(0.470662 0.102222 0)
(0.445264 0.218563 0)
(0.270345 0.358452 0)
(-0.0615257 0.420353 0)
(-0.279748 0.0746074 0)
(-0.146859 0.111725 0)
(-0.121938 0.234703 0)
(0.185541 0.0897892 0)
(0.316892 -0.597758 0)
(0.154251 -0.447288 0)
(0.114224 -0.277162 0)
(0.0645792 -0.194575 0)
(0.158735 -0.176653 0)
(0.311853 -0.106826 0)
(0.40149 -0.0441881 0)
(0.426486 -0.011888 0)
(0.418717 0.0167445 0)
(0.385294 0.0248534 0)
(0.350011 0.0587821 0)
(0.371033 0.128135 0)
(0.400278 0.274322 0)
(0.288832 0.444744 0)
(0.0396509 0.547517 0)
(-0.259885 0.115978 0)
(-0.250652 0.0556125 0)
(-0.273485 0.128429 0)
(0.156584 0.146448 0)
(0.00556006 -0.0360249 0)
(0.0141426 -0.0278444 0)
(0.0323957 -0.0191682 0)
(0.0462008 0.0186676 0)
(0.0323068 0.069982 0)
(-0.00102164 0.10048 0)
(-0.0373231 0.15155 0)
(-0.0991655 0.199582 0)
(-0.144022 0.248678 0)
(-0.10969 0.33806 0)
(-0.107961 0.366325 0)
(-0.231404 0.260363 0)
(-0.311914 0.0991267 0)
(-0.299089 -0.0441276 0)
(-0.234052 -0.166188 0)
(-0.197845 -0.166177 0)
(-0.192277 -0.113665 0)
(-0.166355 -0.0525497 0)
(-0.105185 -0.0256208 0)
(-0.0382077 0.00606366 0)
(0.0104087 0.0821118 0)
(-0.0093249 0.0788881 0)
(-0.0659663 -0.0347149 0)
(0.0103345 -0.0623715 0)
(0.026502 -0.0612345 0)
(0.0460971 -0.056593 0)
(0.0444637 -0.0162866 0)
(0.0323009 0.0354343 0)
(0.00513576 0.0539112 0)
(-0.0152863 0.0890926 0)
(-0.0344175 0.136075 0)
(-0.0359996 0.186234 0)
(-0.00785608 0.23569 0)
(0.0775258 0.261627 0)
(0.152177 0.195253 0)
(0.177842 0.0842394 0)
(0.183136 -0.0152858 0)
(0.162222 -0.05523 0)
(0.135578 -0.0645786 0)
(0.150444 -0.0961658 0)
(0.165011 -0.158777 0)
(0.202476 -0.187691 0)
(0.210416 -0.179172 0)
(0.214258 -0.168487 0)
(0.251677 -0.131842 0)
(0.299588 -0.072147 0)
(0.00917491 -0.0990131 0)
(0.0299427 -0.0911371 0)
(0.0846795 -0.0639903 0)
(0.103619 0.0296574 0)
(0.0858685 0.0848659 0)
(0.0155917 0.118568 0)
(-0.0348031 0.156761 0)
(-0.0631036 0.182921 0)
(-0.0513351 0.193298 0)
(-0.019518 0.195603 0)
(0.0365083 0.176859 0)
(0.106325 0.113718 0)
(0.147605 0.0226116 0)
(0.178631 -0.0819255 0)
(0.191124 -0.178146 0)
(0.192567 -0.233707 0)
(0.242521 -0.248228 0)
(0.264529 -0.244674 0)
(0.313098 -0.223628 0)
(0.295137 -0.168995 0)
(0.229905 -0.107806 0)
(0.186393 -0.106535 0)
(0.178462 -0.194765 0)
(-0.00669613 -0.0971597 0)
(0.0257549 -0.151169 0)
(0.0872307 -0.139237 0)
(0.0248399 -0.018581 0)
(-0.0173467 0.150812 0)
(-0.0723598 0.215356 0)
(-0.0990209 0.200164 0)
(-0.103507 0.165157 0)
(-0.0867419 0.148495 0)
(-0.0623452 0.126847 0)
(-0.0228468 0.0855581 0)
(0.0224634 0.0401254 0)
(0.0656898 -0.0235086 0)
(0.109879 -0.0856429 0)
(0.144411 -0.130702 0)
(0.15533 -0.181232 0)
(0.19533 -0.220215 0)
(0.176885 -0.254789 0)
(0.245372 -0.251858 0)
(0.171842 -0.165033 0)
(-0.00739986 -0.0868676 0)
(-0.151586 -0.104302 0)
(-0.542988 0.102119 0)
(-0.020171 -0.0795407 0)
(-0.0681692 -0.143027 0)
(-0.252411 0.0205203 0)
(-0.391138 0.164459 0)
(-0.429964 0.200065 0)
(-0.411758 0.220477 0)
(-0.309805 0.224498 0)
(-0.254627 0.226052 0)
(-0.206773 0.201293 0)
(-0.142255 0.188501 0)
(-0.0962733 0.135647 0)
(-0.060477 0.05338 0)
(-0.0324515 -0.0610929 0)
(-0.0215008 -0.163569 0)
(0.00315986 -0.269991 0)
(0.0173547 -0.315308 0)
(0.0441055 -0.280792 0)
(0.0163324 -0.057978 0)
(-0.0374064 0.527615 0)
(-0.603843 0.793083 0)
(-0.794973 0.36222 0)
(-0.765783 0.339128 0)
(-0.835367 0.405038 0)
(-0.0708488 -0.0504543 0)
(-0.324182 0.00438442 0)
(-0.511125 0.0864838 0)
(-0.549025 0.0860973 0)
(-0.572388 0.0419609 0)
(-0.547771 -0.0659352 0)
(-0.486618 -0.104447 0)
(-0.431585 -0.0537136 0)
(-0.386138 -0.066792 0)
(-0.322415 -0.0812764 0)
(-0.289953 -0.144052 0)
(-0.27795 -0.181983 0)
(-0.244387 -0.114853 0)
(-0.190994 0.0391175 0)
(-0.265599 0.730173 0)
(-0.606508 0.806805 0)
(-0.944514 0.0629219 0)
(-0.889813 -0.224436 0)
(-0.856792 -0.127199 0)
(-0.743647 0.346784 0)
(-0.958557 0.216243 0)
(-0.811706 0.206789 0)
(-0.785604 0.306862 0)
(-0.134285 0.311795 0)
(-0.294996 0.368801 0)
(-0.408637 0.562691 0)
(-0.484068 0.819793 0)
(-0.532341 0.826079 0)
(-0.352616 0.769727 0)
(-0.311045 0.763496 0)
(-0.281766 0.573411 0)
(-0.285838 0.563828 0)
(-0.477523 0.71214 0)
(-0.648965 0.820168 0)
(-0.870315 0.770965 0)
(-1.05128 0.250553 0)
(-1.01014 -0.166687 0)
(-0.735718 -0.507386 0)
(-0.413851 -0.46103 0)
(-0.242246 -0.409499 0)
(-0.269581 -0.282344 0)
(-0.396286 0.138287 0)
(-0.498571 0.563255 0)
(-0.841227 0.274134 0)
(-0.837075 0.130574 0)
(-0.792317 0.274519 0)
(-0.0541914 0.891328 0)
(-0.283755 0.752952 0)
(-0.429903 0.239644 0)
(-0.486109 0.0273072 0)
(-0.27399 -0.59336 0)
(-0.186008 -0.682926 0)
(0.0272745 -0.605239 0)
(0.0103448 -0.533175 0)
(-0.0888498 0.0131417 0)
(-0.229293 -0.0127974 0)
(-0.189058 -0.23277 0)
(-0.140687 -0.244532 0)
(0.00946588 -0.332472 0)
(0.0178966 -0.267763 0)
(-0.066327 -0.160897 0)
(-0.214571 -0.0212202 0)
(-0.303074 0.00211939 0)
(-0.395212 0.00471162 0)
(-0.462365 0.230894 0)
(-0.392543 0.654547 0)
(-0.40192 0.637955 0)
(-0.66517 0.474345 0)
(-1.07953 0.884322 0)
(0.0115692 0.434425 0)
(0.0199384 0.544258 0)
(0.0485873 0.353668 0)
(0.0469725 0.292998 0)
(0.218734 0.3362 0)
(0.0646592 0.210954 0)
(0.129824 0.325475 0)
(-0.0500794 0.579841 0)
(-0.205036 0.409528 0)
(-0.129797 0.41546 0)
(-0.213421 0.44488 0)
(-0.293932 0.353149 0)
(-0.24937 0.063223 0)
(-0.299325 -0.00399516 0)
(-0.366046 -0.0126684 0)
(-0.397592 -0.0965499 0)
(-0.410541 -0.118816 0)
(-0.467503 -0.0746512 0)
(-0.54425 0.156455 0)
(-0.554479 0.541234 0)
(-0.57974 0.649614 0)
(-0.964848 0.773133 0)
(-1.56475 1.56606 0)
(-0.037688 0.468172 0)
(0.0538457 0.502928 0)
(0.0639 0.347883 0)
(0.00298462 0.0989956 0)
(0.0207144 -0.379195 0)
(0.0553689 -0.381242 0)
(-0.0658213 -0.338993 0)
(0.106994 0.08485 0)
(-0.0438413 0.294556 0)
(-0.0459856 0.272995 0)
(-0.131118 0.169681 0)
(-0.0136986 -0.149632 0)
(-0.0207203 -0.298859 0)
(-0.110441 -0.241735 0)
(-0.093778 -0.177218 0)
(-0.131727 -0.0945586 0)
(-0.228683 0.00741544 0)
(-0.367618 0.129486 0)
(-0.574568 0.269131 0)
(-0.711724 0.603802 0)
(-0.847327 0.924302 0)
(-1.16493 1.12824 0)
(-1.40634 1.70404 0)
(-0.0816673 0.501158 0)
(0.0638271 0.418491 0)
(0.0914275 0.303789 0)
(0.214349 0.15927 0)
(0.183343 0.130099 0)
(0.0773531 0.107702 0)
(-0.0858515 0.130146 0)
(-0.0407189 0.301414 0)
(-0.039776 0.375904 0)
(0.0386677 0.334969 0)
(0.0526536 0.225008 0)
(0.141583 0.200668 0)
(-0.00107809 0.169017 0)
(-0.128331 0.0992014 0)
(-0.203984 0.095724 0)
(-0.292141 0.104353 0)
(-0.359451 0.175004 0)
(-0.430565 0.312423 0)
(-0.542163 0.515558 0)
(-0.68946 0.751399 0)
(-0.810776 1.10205 0)
(-1.01828 1.34715 0)
(-1.10748 1.54507 0)
(-0.0566624 0.513135 0)
(0.0734847 0.363037 0)
(0.0679991 0.24755 0)
(0.105367 0.102331 0)
(0.036328 -0.0574166 0)
(0.034478 -0.0595247 0)
(-0.0219284 -0.0940592 0)
(-0.00709968 0.184762 0)
(0.018123 0.342991 0)
(0.0712738 0.290889 0)
(0.0545957 0.1436 0)
(0.0215658 -0.0043224 0)
(-0.00875927 -0.0209634 0)
(-0.0576788 -0.0528047 0)
(-0.125795 -0.0251275 0)
(-0.190866 0.0469586 0)
(-0.267164 0.15803 0)
(-0.34129 0.324803 0)
(-0.401048 0.574188 0)
(-0.443881 0.873324 0)
(-0.492017 1.19724 0)
(-0.502114 1.39193 0)
(-0.411756 1.46013 0)
(0.0137742 0.486679 0)
(0.0916114 0.328349 0)
(0.0982075 0.224303 0)
(0.124376 0.143158 0)
(0.0839448 0.120406 0)
(0.0412475 0.119919 0)
(-0.0507515 0.115131 0)
(-0.0792581 0.16549 0)
(-0.00322387 0.254388 0)
(0.0754513 0.250155 0)
(0.074222 0.209926 0)
(0.0328869 0.194001 0)
(-0.0353388 0.19444 0)
(-0.0972997 0.19195 0)
(-0.170354 0.199581 0)
(-0.226048 0.221312 0)
(-0.268575 0.277965 0)
(-0.290069 0.396783 0)
(-0.280726 0.583714 0)
(-0.22172 0.829633 0)
(-0.106741 1.11461 0)
(0.0530506 1.29613 0)
(0.227652 1.29442 0)
(0.0529988 0.391812 0)
(0.0907333 0.296282 0)
(0.102489 0.212926 0)
(0.100237 0.153239 0)
(0.060986 0.117258 0)
(0.0270358 0.115539 0)
(-0.0193611 0.104135 0)
(-0.0584926 0.154854 0)
(-0.034921 0.193227 0)
(0.00558851 0.223882 0)
(0.0096081 0.215982 0)
(-0.0316112 0.18038 0)
(-0.0693872 0.161288 0)
(-0.103629 0.142188 0)
(-0.140449 0.156487 0)
(-0.172005 0.203046 0)
(-0.209819 0.27629 0)
(-0.2312 0.389495 0)
(-0.208055 0.549444 0)
(-0.125879 0.728852 0)
(0.0293392 0.917442 0)
(0.238231 1.04372 0)
(0.454443 1.04402 0)
(0.0413665 0.323332 0)
(0.0672885 0.267402 0)
(0.0877395 0.208678 0)
(0.0702898 0.174228 0)
(0.0447369 0.15801 0)
(0.0217623 0.155655 0)
(-0.00829983 0.15399 0)
(-0.0318436 0.171931 0)
(-0.0364961 0.187814 0)
(-0.0298833 0.214211 0)
(-0.0265847 0.22712 0)
(-0.0396093 0.220447 0)
(-0.0625984 0.21482 0)
(-0.0901847 0.21178 0)
(-0.124449 0.221106 0)
(-0.149892 0.247669 0)
(-0.161066 0.303929 0)
(-0.159872 0.381631 0)
(-0.133644 0.488004 0)
(-0.065888 0.615398 0)
(0.0577085 0.741475 0)
(0.231518 0.817503 0)
(0.429004 0.822185 0)
(0.0234342 0.283338 0)
(0.043948 0.247753 0)
(0.0552848 0.210674 0)
(0.0451899 0.190282 0)
(0.0311212 0.178403 0)
(0.0167214 0.175564 0)
(-0.00068767 0.174503 0)
(-0.0139684 0.184683 0)
(-0.0237473 0.192551 0)
(-0.0275985 0.214358 0)
(-0.0236102 0.230361 0)
(-0.0253222 0.237174 0)
(-0.0332061 0.236989 0)
(-0.0489916 0.2372 0)
(-0.0690693 0.245891 0)
(-0.0865445 0.266892 0)
(-0.0975294 0.307568 0)
(-0.0906383 0.367915 0)
(-0.0643574 0.441428 0)
(-0.0112366 0.520709 0)
(0.0818009 0.604339 0)
(0.208192 0.657735 0)
(0.356611 0.664284 0)
(0.0129337 0.259949 0)
(0.0271331 0.23471 0)
(0.0345358 0.212429 0)
(0.0300238 0.199163 0)
(0.0225736 0.189892 0)
(0.0143652 0.186377 0)
(0.00439639 0.185754 0)
(-0.00285468 0.192786 0)
(-0.00853759 0.199931 0)
(-0.0125212 0.215077 0)
(-0.00979677 0.228652 0)
(-0.00780268 0.235573 0)
(-0.00811088 0.237649 0)
(-0.0133172 0.242498 0)
(-0.0212629 0.253145 0)
(-0.0275692 0.272492 0)
(-0.0325227 0.305042 0)
(-0.0261861 0.351423 0)
(-0.0037981 0.408354 0)
(0.0389935 0.461446 0)
(0.10524 0.508806 0)
(0.198523 0.53966 0)
(0.304274 0.544126 0)
(0.00744696 0.245199 0)
(0.0171096 0.224824 0)
(0.0229883 0.211472 0)
(0.0223391 0.202777 0)
(0.0188913 0.196159 0)
(0.014197 0.193018 0)
(0.00794352 0.192699 0)
(0.00326138 0.197508 0)
(-0.000515434 0.203466 0)
(-0.00238068 0.214928 0)
(0.00114086 0.224929 0)
(0.00505323 0.231696 0)
(0.00754711 0.237264 0)
(0.00735441 0.246652 0)
(0.00569854 0.257776 0)
(0.00424429 0.276027 0)
(0.0042768 0.303745 0)
(0.0153888 0.339327 0)
(0.0388287 0.379441 0)
(0.0762043 0.41853 0)
(0.125512 0.444969 0)
(0.192537 0.457966 0)
(0.270449 0.456756 0)
(0.00455173 0.235918 0)
(0.011908 0.217506 0)
(0.0172072 0.208876 0)
(0.017705 0.203175 0)
(0.0162709 0.199066 0)
(0.0128627 0.197131 0)
(0.00848592 0.197508 0)
(0.00506348 0.201228 0)
(0.00231952 0.206153 0)
(0.00202292 0.213907 0)
(0.00472365 0.221453 0)
(0.00885159 0.228466 0)
(0.011478 0.235556 0)
(0.0139629 0.245137 0)
(0.0153598 0.257316 0)
(0.0179898 0.275822 0)
(0.0221415 0.296407 0)
(0.0371777 0.31976 0)
(0.0615808 0.348442 0)
(0.0941095 0.377379 0)
(0.136755 0.393448 0)
(0.188307 0.394234 0)
(0.248291 0.388176 0)
(0.00349938 0.228854 0)
(0.00916858 0.211443 0)
(0.0126943 0.206698 0)
(0.0136593 0.203613 0)
(0.0133232 0.201195 0)
(0.0117186 0.20044 0)
(0.00947376 0.200888 0)
(0.00755084 0.203678 0)
(0.00602145 0.207202 0)
(0.00600286 0.212442 0)
(0.00805083 0.218986 0)
(0.0120043 0.226026 0)
(0.0145665 0.233103 0)
(0.0185025 0.242579 0)
(0.0226565 0.254672 0)
(0.0293623 0.270005 0)
(0.0409143 0.283809 0)
(0.0570953 0.299561 0)
(0.078914 0.320749 0)
(0.109088 0.340598 0)
(0.147814 0.348622 0)
(0.190132 0.343634 0)
(0.23835 0.334683 0)
(0.00281881 0.223248 0)
(0.0069629 0.207573 0)
(0.00972205 0.204799 0)
(0.0114971 0.202824 0)
(0.012366 0.201503 0)
(0.0125749 0.201516 0)
(0.012356 0.202344 0)
(0.0121308 0.204786 0)
(0.0121421 0.208124 0)
(0.0126777 0.212048 0)
(0.0138377 0.216255 0)
(0.0168908 0.222117 0)
(0.019936 0.229403 0)
(0.0243462 0.237668 0)
(0.0311934 0.247313 0)
(0.0410843 0.25812 0)
(0.0551058 0.270545 0)
(0.0696564 0.283032 0)
(0.0895994 0.296539 0)
(0.116986 0.308231 0)
(0.150086 0.310963 0)
(0.185373 0.303028 0)
(0.223747 0.291585 0)
(0.00222551 0.219087 0)
(0.00563124 0.204027 0)
(0.00891742 0.20214 0)
(0.0110726 0.200844 0)
(0.0124856 0.200587 0)
(0.0137416 0.200744 0)
(0.0148673 0.201806 0)
(0.0161382 0.20396 0)
(0.0178997 0.206711 0)
(0.0202116 0.210391 0)
(0.0224924 0.214008 0)
(0.0257195 0.218845 0)
(0.0305853 0.225476 0)
(0.0363007 0.231292 0)
(0.0437219 0.238041 0)
(0.0531696 0.245449 0)
(0.0659709 0.25437 0)
(0.0819713 0.263912 0)
(0.101641 0.27192 0)
(0.126274 0.278578 0)
(0.154398 0.278361 0)
(0.185047 0.268604 0)
(0.21456 0.256498 0)
(0.00204231 0.215269 0)
(0.00519864 0.20084 0)
(0.00794069 0.199631 0)
(0.0101699 0.199135 0)
(0.0121502 0.198936 0)
(0.0139451 0.199223 0)
(0.0156977 0.200143 0)
(0.01777 0.201918 0)
(0.0203996 0.204474 0)
(0.0235749 0.207805 0)
(0.0272869 0.211378 0)
(0.0309895 0.215228 0)
(0.0367158 0.219517 0)
(0.0437492 0.224803 0)
(0.0522259 0.230204 0)
(0.0620805 0.236196 0)
(0.0728615 0.24217 0)
(0.0874423 0.24731 0)
(0.105786 0.251984 0)
(0.12715 0.254882 0)
(0.15111 0.25177 0)
(0.177668 0.24261 0)
(0.201479 0.232051 0)
(0.00175698 0.211924 0)
(0.0047025 0.197962 0)
(0.00727463 0.1971 0)
(0.00978606 0.196764 0)
(0.0120261 0.196781 0)
(0.014194 0.197247 0)
(0.0163158 0.19806 0)
(0.0187333 0.199294 0)
(0.021667 0.201096 0)
(0.0251171 0.204072 0)
(0.0292773 0.207031 0)
(0.0338693 0.209335 0)
(0.0393555 0.212639 0)
(0.0463693 0.216286 0)
(0.0548466 0.220233 0)
(0.0647448 0.224844 0)
(0.0777368 0.22815 0)
(0.0923011 0.230366 0)
(0.108676 0.232199 0)
(0.127072 0.2318 0)
(0.149018 0.227122 0)
(0.169353 0.217919 0)
(0.190047 0.208807 0)
(0.00183246 0.20849 0)
(0.00490328 0.1951 0)
(0.00756422 0.194501 0)
(0.0102043 0.194473 0)
(0.0126901 0.194597 0)
(0.0152011 0.194945 0)
(0.0178522 0.195637 0)
(0.0207311 0.196682 0)
(0.0239262 0.198084 0)
(0.0275016 0.19977 0)
(0.0321816 0.202022 0)
(0.0377941 0.204483 0)
(0.0438115 0.206829 0)
(0.050724 0.208811 0)
(0.0585663 0.211155 0)
(0.0687275 0.213449 0)
(0.0797975 0.214964 0)
(0.0924792 0.216748 0)
(0.106625 0.216086 0)
(0.124292 0.213863 0)
(0.142303 0.207697 0)
(0.159828 0.200175 0)
(0.177695 0.1901 0)
(0.00168711 0.20543 0)
(0.00457003 0.192361 0)
(0.00731851 0.191875 0)
(0.0101222 0.191888 0)
(0.0127976 0.191965 0)
(0.0155175 0.19215 0)
(0.0184134 0.192613 0)
(0.0215177 0.193323 0)
(0.0249607 0.194356 0)
(0.0288229 0.195778 0)
(0.0334946 0.19723 0)
(0.0387447 0.198662 0)
(0.0449322 0.200276 0)
(0.0521972 0.201896 0)
(0.0596668 0.203077 0)
(0.0686846 0.203177 0)
(0.0791462 0.20378 0)
(0.0916842 0.202542 0)
(0.106036 0.200063 0)
(0.120456 0.196287 0)
(0.135904 0.191956 0)
(0.150943 0.183354 0)
(0.167464 0.17192 0)
(0.00165433 0.202108 0)
(0.00459114 0.189345 0)
(0.0073643 0.188781 0)
(0.0103064 0.188762 0)
(0.0132062 0.188957 0)
(0.0162058 0.18931 0)
(0.0193143 0.18965 0)
(0.0226461 0.190112 0)
(0.0263327 0.190755 0)
(0.0305332 0.191556 0)
(0.0351306 0.192159 0)
(0.0399077 0.192911 0)
(0.0457375 0.193212 0)
(0.0522878 0.193906 0)
(0.0606459 0.193637 0)
(0.0699479 0.193566 0)
(0.079784 0.192366 0)
(0.0904934 0.190256 0)
(0.101846 0.187815 0)
(0.113815 0.183099 0)
(0.128303 0.175676 0)
(0.14275 0.167426 0)
(0.15612 0.158219 0)
(0.00162132 0.199205 0)
(0.00452778 0.186702 0)
(0.00728844 0.186171 0)
(0.0101987 0.186103 0)
(0.0130381 0.186091 0)
(0.0160781 0.186161 0)
(0.0192359 0.186244 0)
(0.0225854 0.186413 0)
(0.0262059 0.186612 0)
(0.0303434 0.186862 0)
(0.0350955 0.18744 0)
(0.0408039 0.187464 0)
(0.0466699 0.187269 0)
(0.053142 0.186735 0)
(0.0599687 0.186215 0)
(0.0674772 0.184803 0)
(0.0763163 0.182571 0)
(0.0862419 0.180008 0)
(0.097493 0.175005 0)
(0.109661 0.169382 0)
(0.121211 0.163541 0)
(0.132786 0.155175 0)
(0.145457 0.1444 0)
(0.00161089 0.195919 0)
(0.00456954 0.183672 0)
(0.00741133 0.183188 0)
(0.01042 0.183155 0)
(0.0133854 0.183141 0)
(0.0165104 0.183097 0)
(0.0197639 0.183058 0)
(0.0232165 0.182994 0)
(0.0269079 0.182869 0)
(0.0308864 0.182668 0)
(0.0351287 0.182287 0)
(0.0397704 0.181953 0)
(0.0451439 0.18142 0)
(0.0512599 0.180352 0)
(0.058103 0.178531 0)
(0.0661285 0.175888 0)
(0.0746395 0.173062 0)
(0.083554 0.169163 0)
(0.0928513 0.165255 0)
(0.102245 0.159508 0)
(0.112928 0.151595 0)
(0.124003 0.142914 0)
(0.13465 0.133233 0)
(0.00154014 0.193048 0)
(0.00437493 0.180954 0)
(0.00711666 0.180334 0)
(0.0100493 0.180203 0)
(0.0129602 0.180055 0)
(0.0160052 0.179849 0)
(0.0191737 0.179631 0)
(0.0225414 0.179398 0)
(0.0261582 0.179097 0)
(0.0300813 0.178694 0)
(0.0344573 0.178097 0)
(0.0394291 0.177184 0)
(0.0447608 0.175746 0)
(0.0505479 0.173988 0)
(0.0568308 0.171761 0)
(0.063326 0.169057 0)
(0.0703203 0.165652 0)
(0.0781082 0.161352 0)
(0.0866579 0.155488 0)
(0.0959642 0.148927 0)
(0.105207 0.141839 0)
(0.114417 0.133035 0)
(0.12399 0.12293 0)
(0.00151821 0.189934 0)
(0.00443654 0.178052 0)
(0.00723365 0.1774 0)
(0.0102029 0.177256 0)
(0.0131232 0.177047 0)
(0.0161439 0.176758 0)
(0.0192307 0.176374 0)
(0.0224462 0.175854 0)
(0.0258472 0.175167 0)
(0.0294897 0.174297 0)
(0.0334024 0.173208 0)
(0.037637 0.171914 0)
(0.0423239 0.170252 0)
(0.0475059 0.168026 0)
(0.0532259 0.165285 0)
(0.0595085 0.161746 0)
(0.0663797 0.157603 0)
(0.0735859 0.152976 0)
(0.0809602 0.147534 0)
(0.0886539 0.140864 0)
(0.0967092 0.132846 0)
(0.105063 0.12396 0)
(0.113333 0.114057 0)
(0.0014439 0.187138 0)
(0.004236 0.175345 0)
(0.00693043 0.174622 0)
(0.00979427 0.174457 0)
(0.0126036 0.174225 0)
(0.0155167 0.17391 0)
(0.0184955 0.173487 0)
(0.0215962 0.172896 0)
(0.0248575 0.172102 0)
(0.0283325 0.171037 0)
(0.0320626 0.169673 0)
(0.0360993 0.167874 0)
(0.0405186 0.165676 0)
(0.0452677 0.163075 0)
(0.0503655 0.159937 0)
(0.0557924 0.156145 0)
(0.0615412 0.151701 0)
(0.0677102 0.146414 0)
(0.0743222 0.140155 0)
(0.0813005 0.133095 0)
(0.088369 0.125197 0)
(0.0955222 0.116193 0)
(0.102733 0.106226 0)
(0.00144111 0.184191 0)
(0.00423467 0.172453 0)
(0.00687425 0.171686 0)
(0.00968485 0.171502 0)
(0.012399 0.1712 0)
(0.0152076 0.170799 0)
(0.0180429 0.170249 0)
(0.0209418 0.1695 0)
(0.0239226 0.168505 0)
(0.0270834 0.1672 0)
(0.0304324 0.165584 0)
(0.0339966 0.163633 0)
(0.0378584 0.161227 0)
(0.0420625 0.158273 0)
(0.046584 0.154753 0)
(0.051424 0.150575 0)
(0.0565839 0.145711 0)
(0.0620269 0.140167 0)
(0.0677268 0.133885 0)
(0.0736539 0.126685 0)
(0.079762 0.118521 0)
(0.0859766 0.10943 0)
(0.0921926 0.0994411 0)
(0.00138767 0.181455 0)
(0.00409196 0.169979 0)
(0.00659987 0.169177 0)
(0.00928567 0.16902 0)
(0.0118523 0.168712 0)
(0.0145227 0.168275 0)
(0.0172419 0.167668 0)
(0.0200634 0.166851 0)
(0.0229519 0.16577 0)
(0.0258919 0.164384 0)
(0.0289129 0.162556 0)
(0.0320071 0.16023 0)
(0.0352736 0.15736 0)
(0.0387935 0.154074 0)
(0.0426125 0.150318 0)
(0.0467554 0.145973 0)
(0.0512151 0.140904 0)
(0.0558988 0.135087 0)
(0.0607711 0.128456 0)
(0.06586 0.121048 0)
(0.0710922 0.112794 0)
(0.0763736 0.103641 0)
(0.0816515 0.0936103 0)
(0.00144605 0.178618 0)
(0.00395236 0.167281 0)
(0.0061731 0.166418 0)
(0.00865997 0.166249 0)
(0.0110188 0.165905 0)
(0.0135075 0.165423 0)
(0.0160888 0.164823 0)
(0.0187706 0.164009 0)
(0.0215148 0.162894 0)
(0.0242951 0.161486 0)
(0.0271021 0.159659 0)
(0.0299573 0.157315 0)
(0.032889 0.15446 0)
(0.0358808 0.150988 0)
(0.0389815 0.146771 0)
(0.0421899 0.141894 0)
(0.0456618 0.136494 0)
(0.0495028 0.130551 0)
(0.0536671 0.123897 0)
(0.0579491 0.116359 0)
(0.062321 0.107959 0)
(0.0667398 0.0987344 0)
(0.0711321 0.0886907 0)
(0.0014921 0.176062 0)
(0.00372295 0.165263 0)
(0.00549296 0.164451 0)
(0.00763959 0.164262 0)
(0.00964545 0.163851 0)
(0.0118198 0.163267 0)
(0.0140835 0.162428 0)
(0.0164757 0.161419 0)
(0.0189899 0.160218 0)
(0.0216102 0.158746 0)
(0.0242902 0.156914 0)
(0.0270014 0.154612 0)
(0.0297227 0.151747 0)
(0.0323976 0.148233 0)
(0.0350802 0.144104 0)
(0.0378287 0.139283 0)
(0.0406926 0.133618 0)
(0.0435325 0.127041 0)
(0.0464673 0.119896 0)
(0.0498301 0.112303 0)
(0.0534631 0.103974 0)
(0.0570752 0.0947415 0)
(0.0606185 0.0846649 0)
(0.00151004 0.173483 0)
(0.00313669 0.163557 0)
(0.00414261 0.162637 0)
(0.00566792 0.162353 0)
(0.00705823 0.161857 0)
(0.00871633 0.16113 0)
(0.0104441 0.160166 0)
(0.0123819 0.159008 0)
(0.0145329 0.157679 0)
(0.0169032 0.15608 0)
(0.0194334 0.154166 0)
(0.0220235 0.151817 0)
(0.0246017 0.148922 0)
(0.0272541 0.145471 0)
(0.0299288 0.141368 0)
(0.0325664 0.136547 0)
(0.0351107 0.131009 0)
(0.0375112 0.124792 0)
(0.039967 0.117604 0)
(0.0423246 0.109387 0)
(0.044596 0.100652 0)
(0.0473454 0.0914641 0)
(0.0501078 0.0814885 0)
(0.00135761 0.171288 0)
(0.00211831 0.162626 0)
(0.00184389 0.161814 0)
(0.00238879 0.161303 0)
(0.00280021 0.160644 0)
(0.00363565 0.159762 0)
(0.0045729 0.158629 0)
(0.00582339 0.157218 0)
(0.00738579 0.155525 0)
(0.0092987 0.15362 0)
(0.011598 0.151514 0)
(0.0142423 0.149104 0)
(0.0170509 0.146239 0)
(0.0198633 0.142798 0)
(0.0226135 0.138736 0)
(0.0251912 0.133949 0)
(0.0276167 0.128445 0)
(0.0301442 0.122222 0)
(0.0325339 0.115262 0)
(0.0346322 0.107636 0)
(0.0365737 0.0989465 0)
(0.0381251 0.0892222 0)
(0.0396661 0.0790801 0)
(0.000938749 0.170062 0)
(0.000465103 0.162701 0)
(-0.0011393 0.161926 0)
(-0.00187078 0.161122 0)
(-0.00272343 0.160232 0)
(-0.00306853 0.159128 0)
(-0.00318914 0.157759 0)
(-0.00297081 0.156126 0)
(-0.00246541 0.15424 0)
(-0.00149245 0.151962 0)
(-7.35984e-05 0.149364 0)
(0.0018505 0.146458 0)
(0.00434574 0.143271 0)
(0.00729517 0.139722 0)
(0.0106051 0.135698 0)
(0.0141004 0.131165 0)
(0.0175243 0.125967 0)
(0.0205446 0.119957 0)
(0.0230709 0.113119 0)
(0.0253621 0.105522 0)
(0.0273894 0.0972375 0)
(0.0289693 0.0883027 0)
(0.0297391 0.078205 0)
(0.000548799 0.169794 0)
(-0.0011303 0.164825 0)
(-0.00394086 0.164119 0)
(-0.00582079 0.163055 0)
(-0.00778715 0.161808 0)
(-0.00927577 0.160284 0)
(-0.0103828 0.158536 0)
(-0.0110749 0.156466 0)
(-0.0112443 0.154016 0)
(-0.0110428 0.151223 0)
(-0.0104111 0.148087 0)
(-0.00931099 0.1447 0)
(-0.00775071 0.140983 0)
(-0.0057329 0.136853 0)
(-0.00323131 0.132336 0)
(-0.000286371 0.12743 0)
(0.00302792 0.122103 0)
(0.00661172 0.116348 0)
(0.0102523 0.110065 0)
(0.0135167 0.103146 0)
(0.0161196 0.0954923 0)
(0.0179887 0.0869114 0)
(0.0191342 0.077441 0)
(0.00011955 0.170127 0)
(-0.00206146 0.166689 0)
(-0.00522549 0.165852 0)
(-0.00760529 0.164596 0)
(-0.0100894 0.163097 0)
(-0.0122176 0.161251 0)
(-0.014034 0.159093 0)
(-0.015518 0.15666 0)
(-0.0166496 0.153931 0)
(-0.017393 0.150875 0)
(-0.0176866 0.147463 0)
(-0.0175153 0.143686 0)
(-0.0168498 0.139546 0)
(-0.0157279 0.134991 0)
(-0.0141906 0.130069 0)
(-0.0122604 0.124758 0)
(-0.00990774 0.119098 0)
(-0.00713325 0.113089 0)
(-0.00403733 0.106722 0)
(-0.00078718 0.0999723 0)
(0.00248473 0.0929212 0)
(0.00542199 0.08544 0)
(0.00757738 0.076959 0)
(-0.000420162 0.17287 0)
(-0.00315215 0.171938 0)
(-0.0064677 0.170996 0)
(-0.00924134 0.169537 0)
(-0.0121195 0.167782 0)
(-0.0147565 0.165627 0)
(-0.0172454 0.1631 0)
(-0.019464 0.160141 0)
(-0.0213785 0.156778 0)
(-0.0229564 0.153034 0)
(-0.0241752 0.1489 0)
(-0.0250151 0.144375 0)
(-0.0254356 0.139474 0)
(-0.0254064 0.13424 0)
(-0.0249168 0.128576 0)
(-0.0239624 0.122594 0)
(-0.0226261 0.116259 0)
(-0.0209245 0.10959 0)
(-0.0188953 0.102676 0)
(-0.0166516 0.095542 0)
(-0.0142289 0.0882495 0)
(-0.0117706 0.0808711 0)
(-0.0094095 0.0733333 0)
(-0.022122 -0.488712 0)
(0.100849 -0.503174 0)
(0.147993 -0.571887 0)
(0.260213 -0.559934 0)
(0.290736 0.0521741 0)
(0.224053 0.188654 0)
(0.142444 0.185808 0)
(0.105369 0.0857195 0)
(0.129775 -0.211993 0)
(0.047568 -0.216274 0)
(-0.0670228 -0.206835 0)
(-0.167362 -0.0879087 0)
(-0.843774 0.454858 0)
(-0.968078 0.57959 0)
(-1.11812 0.658488 0)
(-1.22961 0.79979 0)
(-0.878109 0.457208 0)
(-0.924507 0.502814 0)
(-1.15024 0.545114 0)
(-1.32191 0.767836 0)
(-0.838979 0.345132 0)
(-0.993854 0.548566 0)
(-1.20665 0.981351 0)
(-1.64816 1.15868 0)
(-0.864499 0.801776 0)
(-1.3855 2.12592 0)
(-1.93848 2.82705 0)
(-2.16761 2.84941 0)
(-1.7667 2.05606 0)
(-1.9273 2.44347 0)
(-1.98356 2.57349 0)
(-2.02302 2.37022 0)
(-1.71312 2.09995 0)
(-1.75521 2.21076 0)
(-1.59419 2.08818 0)
(-1.35108 1.42791 0)
(-1.40649 1.98168 0)
(-1.20721 1.93657 0)
(-0.9087 1.54317 0)
(-0.657164 1.04692 0)
(-0.868685 1.61594 0)
(-0.6369 1.36237 0)
(-0.450733 1.10449 0)
(-0.233165 0.723538 0)
(-0.208767 1.36287 0)
(-0.0454631 1.08646 0)
(0.0274512 0.824267 0)
(0.145328 0.499368 0)
(0.362401 1.15581 0)
(0.479582 0.956682 0)
(0.511964 0.734556 0)
(0.559225 0.449804 0)
(0.577963 0.903844 0)
(0.675488 0.777347 0)
(0.702577 0.605577 0)
(0.727193 0.433205 0)
(0.552029 0.722369 0)
(0.625567 0.62701 0)
(0.674285 0.552628 0)
(0.700089 0.44587 0)
(0.457119 0.596591 0)
(0.512292 0.535459 0)
(0.544833 0.485413 0)
(0.574875 0.421182 0)
(0.377343 0.499984 0)
(0.416724 0.463036 0)
(0.44271 0.429043 0)
(0.466559 0.387496 0)
(0.325981 0.429236 0)
(0.356895 0.406771 0)
(0.380455 0.383651 0)
(0.402311 0.355307 0)
(0.291341 0.369729 0)
(0.316437 0.353419 0)
(0.337886 0.336489 0)
(0.357704 0.316873 0)
(0.272716 0.322159 0)
(0.293395 0.309273 0)
(0.311546 0.296079 0)
(0.328048 0.281866 0)
(0.251642 0.283071 0)
(0.269125 0.274299 0)
(0.284126 0.264281 0)
(0.298542 0.254607 0)
(0.23617 0.249088 0)
(0.249851 0.242218 0)
(0.262329 0.233435 0)
(0.275173 0.226058 0)
(0.218977 0.224498 0)
(0.230535 0.218943 0)
(0.241257 0.210436 0)
(0.253116 0.202072 0)
(0.205123 0.201026 0)
(0.215509 0.19556 0)
(0.225132 0.18772 0)
(0.235168 0.179611 0)
(0.191585 0.180203 0)
(0.200638 0.174955 0)
(0.209086 0.168636 0)
(0.217997 0.161388 0)
(0.178671 0.163925 0)
(0.186287 0.157913 0)
(0.193608 0.151749 0)
(0.201234 0.144698 0)
(0.166473 0.148466 0)
(0.173305 0.142717 0)
(0.179493 0.136464 0)
(0.186343 0.129699 0)
(0.154356 0.135835 0)
(0.160154 0.129748 0)
(0.165694 0.123767 0)
(0.171229 0.11736 0)
(0.142514 0.124368 0)
(0.147661 0.118479 0)
(0.152452 0.112475 0)
(0.157396 0.106188 0)
(0.13089 0.114531 0)
(0.135355 0.108701 0)
(0.139615 0.102772 0)
(0.143832 0.09663 0)
(0.119433 0.105768 0)
(0.123365 0.100094 0)
(0.127106 0.0942366 0)
(0.130811 0.0881961 0)
(0.108076 0.0981031 0)
(0.111517 0.0925358 0)
(0.114832 0.0867665 0)
(0.118085 0.0808116 0)
(0.0968227 0.0913967 0)
(0.0998036 0.0859337 0)
(0.102728 0.0802371 0)
(0.105559 0.0743553 0)
(0.085614 0.0855985 0)
(0.0881513 0.0801991 0)
(0.0906916 0.0745652 0)
(0.0931276 0.0687264 0)
(0.0744324 0.0806875 0)
(0.0765458 0.0753294 0)
(0.0786931 0.0697395 0)
(0.0807435 0.063932 0)
(0.0632721 0.0766572 0)
(0.0649549 0.0713191 0)
(0.0666868 0.0657595 0)
(0.0683475 0.059972 0)
(0.0521214 0.073503 0)
(0.0533944 0.0681745 0)
(0.0546891 0.0626441 0)
(0.0559363 0.0568821 0)
(0.0410488 0.0711913 0)
(0.0418776 0.0659106 0)
(0.0427502 0.0604076 0)
(0.0435732 0.0546634 0)
(0.0301493 0.069988 0)
(0.0304715 0.064629 0)
(0.0308376 0.0591249 0)
(0.0311923 0.0534433 0)
(0.019605 0.069661 0)
(0.0196034 0.064372 0)
(0.0195196 0.0588242 0)
(0.0193175 0.0530528 0)
(0.00824069 0.0698557 0)
(0.00849759 0.0650478 0)
(0.00853824 0.0599078 0)
(0.00836853 0.0544766 0)
(-0.00840279 0.0671732 0)
(-0.00774745 0.0629919 0)
(-0.00734387 0.0585043 0)
(-0.00708795 0.0537429 0)
(0.299709 -0.596001 0)
(-0.105216 -0.204891 0)
(-0.454188 -0.0615356 0)
(-0.409734 -0.27541 0)
(-0.228701 -0.293458 0)
(0.0776592 -0.216318 0)
(0.281768 -0.116378 0)
(0.395253 -0.047536 0)
(0.388373 -0.00857227 0)
(0.321627 0.0219033 0)
(0.277635 0.0300565 0)
(0.272452 0.0912583 0)
(0.328791 0.265192 0)
(0.297146 0.492012 0)
(0.308004 0.668886 0)
(0.0756745 0.42716 0)
(-0.132603 0.183063 0)
(-0.308656 0.169503 0)
(0.0347204 -0.00324389 0)
(-0.207726 -0.127068 0)
(-1.1165 0.207534 0)
(-1.08306 -0.0121899 0)
(-0.81589 -0.450051 0)
(-0.574037 -0.555758 0)
(-0.292439 -0.485369 0)
(-0.0129723 -0.301585 0)
(0.248402 -0.114194 0)
(0.395947 0.0664289 0)
(0.318365 0.0877307 0)
(0.180263 0.0809042 0)
(0.151311 0.115941 0)
(0.153432 0.248469 0)
(0.249822 0.47456 0)
(0.311697 0.649385 0)
(0.202335 0.541843 0)
(0.152937 0.344151 0)
(-0.244785 0.0569243 0)
(0.103827 -0.147561 0)
(-0.759668 0.568102 0)
(-1.25783 0.483579 0)
(-1.03726 -0.377815 0)
(-0.847444 -0.649969 0)
(-0.652399 -0.738644 0)
(-0.423306 -0.709146 0)
(-0.250531 -0.563849 0)
(-0.0305875 -0.308329 0)
(0.236881 0.0162641 0)
(0.343555 0.28097 0)
(0.228779 0.162031 0)
(0.126739 0.152088 0)
(0.0791108 0.210508 0)
(0.163514 0.37665 0)
(0.256596 0.6149 0)
(0.171504 0.571216 0)
(0.215434 0.446762 0)
(-0.103306 0.174226 0)
(0.123597 -0.165199 0)
(-1.35749 0.907958 0)
(-1.15576 0.292042 0)
(-1.05916 -0.259409 0)
(-0.876805 -0.844145 0)
(-0.610791 -0.988523 0)
(-0.435826 -0.870271 0)
(-0.34858 -0.706241 0)
(-0.243539 -0.570617 0)
(-0.139555 -0.363051 0)
(0.261556 0.181663 0)
(0.251966 0.260781 0)
(0.100105 0.215839 0)
(0.0442544 0.195258 0)
(0.0818809 0.325802 0)
(0.124383 0.607115 0)
(0.0357782 0.593409 0)
(0.161386 0.505953 0)
(-0.0513626 0.220445 0)
(0.148793 -0.155005 0)
(-1.51773 0.871751 0)
(-1.5552 0.269478 0)
(-1.22874 -0.871277 0)
(-0.839417 -1.18976 0)
(-0.613426 -1.16763 0)
(-0.487343 -1.04242 0)
(-0.380632 -0.870933 0)
(-0.34361 -0.685472 0)
(-0.320176 -0.488364 0)
(-0.233603 -0.177456 0)
(0.160393 0.34067 0)
(0.0601959 0.32269 0)
(-0.00777387 0.194846 0)
(0.00864505 0.290645 0)
(-0.0111348 0.63361 0)
(-0.129286 0.554723 0)
(0.0559585 0.481979 0)
(-0.00974782 0.210941 0)
(0.145832 -0.104737 0)
(-2.16702 1.19094 0)
(-1.71928 -0.356742 0)
(-1.0967 -1.21709 0)
(-0.839575 -1.32458 0)
(-0.714718 -1.27409 0)
(-0.597447 -1.10672 0)
(-0.465891 -0.818043 0)
(-0.450737 -0.604418 0)
(-0.450735 -0.474633 0)
(-0.383988 -0.358094 0)
(-0.184407 0.0172267 0)
(-0.0215287 0.347879 0)
(-0.0898584 0.215362 0)
(-0.191283 0.38 0)
(-0.143818 0.691157 0)
(-0.213402 0.561776 0)
(0.0388032 0.36503 0)
(0.0346988 0.157248 0)
(0.130005 -0.0385814 0)
(-2.19511 2.04955 0)
(-1.08152 -0.859384 0)
(-0.980624 -1.43038 0)
(-0.960156 -1.44088 0)
(-0.899595 -1.34701 0)
(-0.737407 -0.952741 0)
(-0.549115 0.0342536 0)
(-0.891956 0.0613584 0)
(-0.72619 0.0204987 0)
(-0.563198 0.0119163 0)
(-0.364196 -0.0741409 0)
(-0.121782 0.293539 0)
(-0.208507 0.334538 0)
(-0.404214 0.454772 0)
(-0.281993 0.642718 0)
(-0.195892 0.477993 0)
(0.0755356 0.253734 0)
(0.0824655 0.133939 0)
(0.127984 0.0331395 0)
(-1.53001 0.926654 0)
(-0.979479 -1.21501 0)
(-1.06861 -1.42381 0)
(-1.09792 -1.44007 0)
(-1.15431 -1.35607 0)
(-1.29117 -0.919907 0)
(-1.31088 -0.995572 0)
(-1.13776 -0.985853 0)
(-0.836935 -0.964782 0)
(-0.64042 -0.725069 0)
(-0.500808 -0.0979151 0)
(-0.307442 0.134242 0)
(-0.264533 0.389322 0)
(-0.355699 0.41159 0)
(-0.170755 0.442628 0)
(0.0337574 0.249364 0)
(0.150657 0.158857 0)
(0.100092 0.152202 0)
(0.136005 0.121109 0)
(-0.864311 0.149348 0)
(-1.05237 -1.19892 0)
(-1.2636 -1.34413 0)
(-1.22682 -1.34538 0)
(-1.23274 -1.25282 0)
(-1.52023 -0.9028 0)
(-1.5156 -0.759854 0)
(-1.21312 -0.95544 0)
(-0.982179 -1.02573 0)
(-0.871313 -0.873874 0)
(-0.801106 -0.282995 0)
(-0.431479 0.124704 0)
(-0.29137 0.335279 0)
(-0.282624 0.339401 0)
(-0.0665179 0.286495 0)
(0.0885999 0.173941 0)
(0.155266 0.153293 0)
(0.0719432 0.166516 0)
(0.0919725 0.222668 0)
(-0.467722 0.272103 0)
(-0.807644 -0.886828 0)
(-1.38598 -1.13796 0)
(-1.30994 -1.27075 0)
(-1.22611 -1.1846 0)
(-1.25931 -1.06576 0)
(-1.37022 -0.924431 0)
(-1.39349 -1.05558 0)
(-1.29677 -1.16769 0)
(-1.39698 -1.03282 0)
(-0.972204 -0.44888 0)
(-0.54112 -0.0202548 0)
(-0.38625 0.201938 0)
(-0.27477 0.243985 0)
(-0.0499107 0.091785 0)
(-0.00366149 0.0138365 0)
(0.0674123 0.146671 0)
(-0.0978439 0.243042 0)
(0.0177581 0.247042 0)
(-0.109018 0.295133 0)
(-0.199916 -0.361385 0)
(-0.965904 -1.01267 0)
(-1.2076 -1.18547 0)
(-1.16916 -1.19711 0)
(-1.11465 -1.13262 0)
(-1.08868 -1.00777 0)
(-1.23644 -0.72255 0)
(-1.54277 -0.988959 0)
(-1.78888 -1.06163 0)
(-1.53831 -0.816094 0)
(-0.87703 -0.310627 0)
(-0.610467 -0.0298499 0)
(-0.419542 0.0137728 0)
(-0.348309 -0.0204296 0)
(-0.357099 0.0692458 0)
(-0.203263 0.207814 0)
(-0.278941 0.240537 0)
(-0.0218998 0.173894 0)
(0.259909 0.126464 0)
(0.259319 -0.06741 0)
(-0.143459 -0.407426 0)
(-0.752728 -1.08321 0)
(-1.09203 -1.16676 0)
(-1.06931 -1.15296 0)
(-1.04418 -1.04642 0)
(-1.0244 -0.797992 0)
(-1.16181 -0.467083 0)
(-1.65036 -0.602762 0)
(-1.78419 -0.852105 0)
(-1.45245 -0.743285 0)
(-1.15366 -0.31258 0)
(-0.945403 -0.0262973 0)
(-0.828286 0.0414749 0)
(-0.668743 0.104575 0)
(-0.465928 0.103437 0)
(-0.289821 0.0574729 0)
(-0.0391562 -0.0336175 0)
(0.571959 0.111342 0)
(0.453348 0.0210998 0)
(0.304517 0.00434717 0)
(-0.241349 -0.463441 0)
(-0.880227 -1.01576 0)
(-1.04467 -1.07441 0)
(-1.02833 -1.06743 0)
(-0.970482 -0.92744 0)
(-0.863928 -0.754073 0)
(-0.811249 -0.725722 0)
(-0.852824 -0.76155 0)
(-0.964401 -0.776271 0)
(-1.00696 -0.563549 0)
(-0.779141 -0.412029 0)
(-0.550567 -0.2348 0)
(-0.396346 -0.141053 0)
(-0.268431 -0.116309 0)
(-0.170678 -0.128286 0)
(-0.00441594 -0.174286 0)
(0.687728 0.193718 0)
(0.546793 0.127887 0)
(0.439446 0.154578 0)
(0.31446 0.0896696 0)
(-0.36089 -0.482442 0)
(-0.941285 -0.963547 0)
(-0.977862 -1.02363 0)
(-0.960724 -0.990753 0)
(-0.862717 -0.861103 0)
(-0.782124 -0.810968 0)
(-0.748235 -0.81847 0)
(-0.730126 -0.775492 0)
(-0.698325 -0.662454 0)
(-0.61641 -0.534606 0)
(-0.479512 -0.411866 0)
(-0.351335 -0.291758 0)
(-0.234254 -0.209441 0)
(-0.145402 -0.176111 0)
(-0.00325178 -0.204993 0)
(0.670518 0.28103 0)
(0.563721 0.216365 0)
(0.498204 0.236489 0)
(0.444869 0.227077 0)
(0.329836 0.113051 0)
(-0.42758 -0.550746 0)
(-0.923933 -0.932215 0)
(-0.922326 -0.983139 0)
(-0.896313 -0.94864 0)
(-0.837515 -0.871253 0)
(-0.795674 -0.818306 0)
(-0.765876 -0.766464 0)
(-0.743865 -0.69316 0)
(-0.69997 -0.625552 0)
(-0.606066 -0.515401 0)
(-0.469923 -0.395235 0)
(-0.347183 -0.302543 0)
(-0.180661 -0.302817 0)
(-0.064 -0.311498 0)
(0.567837 0.332213 0)
(0.526683 0.25928 0)
(0.504346 0.264145 0)
(0.502533 0.266952 0)
(0.499128 0.224031 0)
(0.400297 0.117099 0)
(-0.413758 -0.514764 0)
(-0.903218 -0.789336 0)
(-0.929106 -0.869264 0)
(-0.887418 -0.825392 0)
(-0.865903 -0.748004 0)
(-0.870214 -0.644613 0)
(-0.873038 -0.567886 0)
(-0.829444 -0.560602 0)
(-0.693499 -0.528643 0)
(-0.539864 -0.455016 0)
(-0.383397 -0.397763 0)
(-0.261283 -0.363487 0)
(-0.176615 -0.213409 0)
(0.48173 0.33203 0)
(0.481731 0.271251 0)
(0.486798 0.252851 0)
(0.516321 0.253199 0)
(0.555764 0.231843 0)
(0.595614 0.180698 0)
(0.544667 0.0680264 0)
(0.0272226 -0.387422 0)
(-0.418807 -0.494744 0)
(-0.756283 -0.430858 0)
(-0.860821 -0.409118 0)
(-0.849306 -0.274587 0)
(-0.833226 -0.0920766 0)
(-0.827476 0.055477 0)
(-0.849833 0.113515 0)
(-0.84335 0.121998 0)
(-0.707775 0.245218 0)
(-0.457156 0.674427 0)
(-0.288434 1.22045 0)
(0.425329 0.315951 0)
(0.445252 0.264845 0)
(0.463704 0.231882 0)
(0.495257 0.219136 0)
(0.54785 0.192008 0)
(0.589815 0.136741 0)
(0.645177 0.0286832 0)
(0.570216 -0.112119 0)
(0.323719 -0.456107 0)
(-0.0550165 -0.670718 0)
(-0.530079 -0.795886 0)
(-0.782765 -0.891773 0)
(-0.893046 -0.919623 0)
(-0.958634 -0.908229 0)
(-1.05913 -0.847751 0)
(-1.2017 -0.758061 0)
(-1.26388 -0.793668 0)
(-0.942046 -1.24779 0)
(-0.492552 -1.76014 0)
(0.383076 0.287694 0)
(0.409273 0.244284 0)
(0.432538 0.210012 0)
(0.462931 0.179159 0)
(0.496803 0.140144 0)
(0.546332 0.0865684 0)
(0.550487 0.0169946 0)
(0.552465 -0.121395 0)
(0.480398 -0.213092 0)
(0.312523 -0.255065 0)
(0.122999 -0.347131 0)
(-0.223286 -0.459159 0)
(-0.672465 -0.584312 0)
(-0.925152 -0.569684 0)
(-1.06436 -0.561157 0)
(-1.17059 -0.610095 0)
(-1.19097 -0.810329 0)
(-0.788156 -1.22254 0)
(-0.239594 -1.5336 0)
(0.350895 0.260009 0)
(0.379326 0.224319 0)
(0.399132 0.189525 0)
(0.431718 0.15395 0)
(0.447078 0.114147 0)
(0.47959 0.0618027 0)
(0.482063 -0.0071029 0)
(0.477326 -0.0513888 0)
(0.444156 -0.132271 0)
(0.376917 -0.170106 0)
(0.291533 -0.119063 0)
(0.168144 -0.0337292 0)
(-0.100766 -0.0616258 0)
(-0.646678 -0.259055 0)
(-0.849816 -0.323914 0)
(-0.965268 -0.426947 0)
(-0.778626 -0.838568 0)
(0.0207759 -1.62241 0)
(0.166916 -2.24163 0)
(0.318746 0.23371 0)
(0.346039 0.201769 0)
(0.368501 0.166786 0)
(0.396414 0.129803 0)
(0.407438 0.094726 0)
(0.432314 0.0425952 0)
(0.429066 0.0110866 0)
(0.421629 -0.0598786 0)
(0.405133 -0.0885607 0)
(0.343863 -0.113565 0)
(0.287941 -0.115598 0)
(0.261903 -0.0605701 0)
(0.224018 0.117835 0)
(-0.0347136 0.077586 0)
(-0.455006 -0.174973 0)
(-0.589738 -0.552632 0)
(0.231459 -1.32688 0)
(0.104411 -2.11806 0)
(0.10311 -2.05354 0)
(0.294127 0.209238 0)
(0.318402 0.179077 0)
(0.340582 0.145621 0)
(0.363552 0.112128 0)
(0.371575 0.082223 0)
(0.393878 0.0361775 0)
(0.383726 0.00434979 0)
(0.403189 -0.0396373 0)
(0.366237 -0.0575847 0)
(0.353841 -0.0869406 0)
(0.337408 -0.0645374 0)
(0.300292 0.00683509 0)
(0.278676 0.189612 0)
(0.14202 0.309896 0)
(-0.244059 0.0200306 0)
(-0.300861 -0.767829 0)
(0.186889 -1.79132 0)
(-0.0399269 -1.92954 0)
(0.0822251 -1.94891 0)
(0.27026 0.186618 0)
(0.292866 0.158233 0)
(0.313581 0.127989 0)
(0.332273 0.0981145 0)
(0.339942 0.0686129 0)
(0.364073 0.0307472 0)
(0.349414 -0.00291579 0)
(0.377009 -0.0330305 0)
(0.352274 -0.0467358 0)
(0.36227 -0.0900758 0)
(0.366551 -0.0622101 0)
(0.350708 0.0237211 0)
(0.329865 0.256297 0)
(0.208144 0.477483 0)
(-0.0594093 0.28875 0)
(-0.108172 -0.929834 0)
(-0.0119828 -1.80153 0)
(-0.0701741 -1.86955 0)
(0.0875983 -1.93244 0)
(0.250623 0.164917 0)
(0.269976 0.139409 0)
(0.287678 0.112163 0)
(0.304506 0.0857444 0)
(0.311666 0.0564233 0)
(0.335976 0.0248647 0)
(0.322896 -0.00917574 0)
(0.354642 -0.0362773 0)
(0.338823 -0.0537204 0)
(0.366591 -0.095672 0)
(0.382722 -0.0636055 0)
(0.387103 0.0507153 0)
(0.344501 0.366928 0)
(0.235148 0.619142 0)
(-0.0154166 0.431192 0)
(-0.101425 -0.975935 0)
(-0.0546038 -1.74986 0)
(-0.0867838 -1.88377 0)
(0.118805 -1.91812 0)
(0.231495 0.148411 0)
(0.248359 0.123757 0)
(0.263754 0.0990052 0)
(0.278861 0.074082 0)
(0.286481 0.0448511 0)
(0.305783 0.0174017 0)
(0.298739 -0.0163867 0)
(0.32933 -0.0434543 0)
(0.320214 -0.06998 0)
(0.362049 -0.125805 0)
(0.388519 -0.093859 0)
(0.413307 0.0550102 0)
(0.374048 0.427141 0)
(0.24867 0.732632 0)
(0.0510677 0.550832 0)
(-0.057277 -0.908085 0)
(0.0441095 -1.65273 0)
(-0.227597 -2.01905 0)
(0.174945 -1.89483 0)
(0.214167 0.131069 0)
(0.228441 0.110059 0)
(0.24187 0.0868207 0)
(0.255045 0.0637268 0)
(0.262835 0.0366768 0)
(0.275165 0.00997073 0)
(0.277407 -0.0228014 0)
(0.289929 -0.0507511 0)
(0.299077 -0.0912717 0)
(0.328963 -0.158788 0)
(0.348141 -0.136774 0)
(0.361428 0.059088 0)
(0.292122 0.531638 0)
(0.15753 0.857154 0)
(0.154616 0.615979 0)
(0.00731882 -0.73891 0)
(0.0825908 -1.58801 0)
(-0.58355 -1.99326 0)
(0.220856 -1.88675 0)
(0.196909 0.118401 0)
(0.209853 0.0979067 0)
(0.221331 0.076478 0)
(0.232751 0.0545646 0)
(0.240023 0.0297991 0)
(0.248497 0.00421519 0)
(0.250998 -0.0244444 0)
(0.255735 -0.0554044 0)
(0.253939 -0.0970276 0)
(0.245709 -0.160091 0)
(0.205891 -0.129051 0)
(0.193364 0.174177 0)
(0.14932 0.641543 0)
(0.163475 0.876105 0)
(0.231489 0.628856 0)
(0.0616778 -0.664302 0)
(-0.0150914 -1.48222 0)
(-0.694975 -1.81167 0)
(0.194993 -1.74471 0)
(0.180868 0.105836 0)
(0.19253 0.0875178 0)
(0.202347 0.0673748 0)
(0.212416 0.0468626 0)
(0.218787 0.0243349 0)
(0.224846 0.00099268 0)
(0.226009 -0.0241153 0)
(0.226471 -0.0508654 0)
(0.213948 -0.0837048 0)
(0.193864 -0.119114 0)
(0.112949 -0.110872 0)
(0.103121 0.173251 0)
(0.138619 0.607979 0)
(0.191748 0.826158 0)
(0.362846 0.595295 0)
(0.23939 -0.499876 0)
(0.0765823 -1.34614 0)
(-0.0993711 -1.89197 0)
(0.458506 -1.31617 0)
(0.16556 0.0955121 0)
(0.176039 0.0781028 0)
(0.184797 0.0593374 0)
(0.193684 0.0401099 0)
(0.199488 0.0197041 0)
(0.204291 -0.00110064 0)
(0.205063 -0.0219604 0)
(0.202944 -0.0426412 0)
(0.189176 -0.0642536 0)
(0.165286 -0.0784301 0)
(0.100811 -0.0627791 0)
(0.0807123 0.145452 0)
(0.169036 0.532261 0)
(0.275813 0.691449 0)
(0.520083 0.501429 0)
(0.470201 -0.28468 0)
(0.336242 -1.17682 0)
(-0.00543643 -2.03237 0)
(0.236558 -2.00927 0)
(0.150985 0.0861357 0)
(0.160559 0.0698389 0)
(0.168387 0.0520797 0)
(0.17645 0.0340412 0)
(0.182221 0.0153104 0)
(0.187012 -0.00324538 0)
(0.188937 -0.0206359 0)
(0.188452 -0.0360044 0)
(0.180077 -0.0478849 0)
(0.163356 -0.0474456 0)
(0.134085 -0.027601 0)
(0.100621 0.109043 0)
(0.226537 0.401956 0)
(0.385951 0.525976 0)
(0.64609 0.364111 0)
(0.611254 -0.162572 0)
(0.64679 -0.92816 0)
(0.135193 -1.90933 0)
(0.161993 -2.04639 0)
(0.137026 0.0779767 0)
(0.145667 0.0623393 0)
(0.152903 0.0453847 0)
(0.160384 0.0282053 0)
(0.166287 0.0106409 0)
(0.171707 -0.00659209 0)
(0.175566 -0.0220376 0)
(0.178004 -0.0343394 0)
(0.178884 -0.041629 0)
(0.177046 -0.0371013 0)
(0.181679 -0.0115916 0)
(0.186851 0.0694503 0)
(0.288493 0.243692 0)
(0.453216 0.344388 0)
(0.70584 0.191383 0)
(0.650248 -0.146717 0)
(0.750305 -0.765765 0)
(0.352259 -1.59449 0)
(0.15096 -1.8522 0)
(0.123501 0.0707033 0)
(0.131306 0.0555096 0)
(0.138008 0.0391362 0)
(0.14503 0.0223804 0)
(0.151198 0.00544131 0)
(0.157486 -0.0111812 0)
(0.163351 -0.0262512 0)
(0.170283 -0.0386467 0)
(0.179804 -0.0470815 0)
(0.189966 -0.0450582 0)
(0.215756 -0.0316563 0)
(0.251693 0.0201582 0)
(0.34717 0.101945 0)
(0.479406 0.193121 0)
(0.671789 0.0763714 0)
(0.615226 -0.151013 0)
(0.708558 -0.642395 0)
(0.410215 -1.33876 0)
(0.183863 -1.59074 0)
(0.110239 0.0642945 0)
(0.117204 0.0493486 0)
(0.123382 0.0332507 0)
(0.12996 0.0166222 0)
(0.136275 -0.000275904 0)
(0.143028 -0.0171904 0)
(0.150699 -0.0333175 0)
(0.16037 -0.0476065 0)
(0.174659 -0.0591679 0)
(0.193213 -0.063387 0)
(0.234455 -0.0628632 0)
(0.282316 -0.0331775 0)
(0.38016 0.00567823 0)
(0.487275 0.0955633 0)
(0.62278 0.0080828 0)
(0.570632 -0.153126 0)
(0.626299 -0.545814 0)
(0.379067 -1.15321 0)
(0.196848 -1.33775 0)
(0.0971389 0.0587046 0)
(0.103241 0.0438066 0)
(0.108787 0.027808 0)
(0.1148 0.0110419 0)
(0.120938 -0.00625026 0)
(0.127944 -0.0240803 0)
(0.136481 -0.0418398 0)
(0.147759 -0.0596142 0)
(0.165432 -0.0768554 0)
(0.189705 -0.0940558 0)
(0.238125 -0.109777 0)
(0.301556 -0.111493 0)
(0.397271 -0.119773 0)
(0.491238 -0.00173977 0)
(0.55289 -0.040457 0)
(0.49562 -0.137626 0)
(0.516782 -0.465971 0)
(0.340549 -0.988311 0)
(0.179523 -1.10797 0)
(0.0840836 0.053924 0)
(0.0892402 0.0389742 0)
(0.0940597 0.0229292 0)
(0.0992622 0.00593015 0)
(0.104769 -0.0119243 0)
(0.11115 -0.0308087 0)
(0.118983 -0.0507336 0)
(0.129256 -0.0723921 0)
(0.144596 -0.0965579 0)
(0.167519 -0.126339 0)
(0.206824 -0.167987 0)
(0.264129 -0.198634 0)
(0.328791 -0.185756 0)
(0.397559 -0.0286008 0)
(0.438804 -0.0264562 0)
(0.365098 -0.102356 0)
(0.436037 -0.432641 0)
(0.30817 -0.839692 0)
(0.163718 -0.896026 0)
(0.0710332 0.0499682 0)
(0.0751926 0.0349389 0)
(0.0791495 0.0187726 0)
(0.0833931 0.00146117 0)
(0.0879336 -0.0169534 0)
(0.0931446 -0.0367582 0)
(0.099168 -0.0582055 0)
(0.106895 -0.0821341 0)
(0.116534 -0.110408 0)
(0.128455 -0.14557 0)
(0.139096 -0.197556 0)
(0.151896 -0.233679 0)
(0.15363 -0.225518 0)
(0.210946 -0.064864 0)
(0.287186 -0.0335302 0)
(0.241267 -0.109516 0)
(0.381176 -0.442116 0)
(0.260958 -0.731942 0)
(0.142812 -0.708575 0)
(0.0579479 0.0469026 0)
(0.061028 0.0317996 0)
(0.0639656 0.0155608 0)
(0.0670526 -0.00193699 0)
(0.0703853 -0.0206893 0)
(0.0740782 -0.0409861 0)
(0.0780883 -0.0630219 0)
(0.0823432 -0.0873587 0)
(0.0870814 -0.115525 0)
(0.0862984 -0.146107 0)
(0.0847953 -0.190763 0)
(0.0628976 -0.227904 0)
(0.0392114 -0.223964 0)
(0.0522279 -0.102573 0)
(0.168078 -0.0705337 0)
(0.196385 -0.170006 0)
(0.342158 -0.466058 0)
(0.194315 -0.594177 0)
(0.106586 -0.563996 0)
(0.0448772 0.0446711 0)
(0.0468596 0.0295329 0)
(0.0487484 0.0131852 0)
(0.0507032 -0.00452074 0)
(0.0528472 -0.0234725 0)
(0.0551848 -0.0439852 0)
(0.0576891 -0.0660889 0)
(0.0599313 -0.0898571 0)
(0.0632276 -0.116483 0)
(0.0590173 -0.142641 0)
(0.0598728 -0.176917 0)
(0.0313411 -0.202577 0)
(0.0162034 -0.212534 0)
(0.00679086 -0.173967 0)
(0.130258 -0.160967 0)
(0.192268 -0.282325 0)
(0.221678 -0.435408 0)
(0.0991478 -0.499875 0)
(0.067764 -0.471445 0)
(0.0318031 0.0435847 0)
(0.0325738 0.02848 0)
(0.0332597 0.0121653 0)
(0.0339352 -0.00554959 0)
(0.0346397 -0.0246117 0)
(0.0353724 -0.0452319 0)
(0.0362632 -0.0674723 0)
(0.036297 -0.0911283 0)
(0.0386834 -0.116777 0)
(0.0328911 -0.141064 0)
(0.0389792 -0.168956 0)
(0.0164784 -0.193458 0)
(0.027669 -0.203932 0)
(0.0110645 -0.22145 0)
(0.125987 -0.238371 0)
(0.111947 -0.307897 0)
(0.148665 -0.415852 0)
(0.0424458 -0.450614 0)
(0.059956 -0.429219 0)
(0.0188467 0.0430915 0)
(0.0184153 0.0280705 0)
(0.0178621 0.0117909 0)
(0.0174545 -0.0058368 0)
(0.0170315 -0.0249572 0)
(0.0165913 -0.045611 0)
(0.0161104 -0.0676575 0)
(0.0144718 -0.0912606 0)
(0.0157251 -0.115923 0)
(0.00802244 -0.141153 0)
(0.0174949 -0.167602 0)
(0.00172673 -0.19463 0)
(0.0338351 -0.201159 0)
(0.0205247 -0.24912 0)
(0.113957 -0.26135 0)
(0.100157 -0.315014 0)
(0.137929 -0.366696 0)
(0.0399277 -0.406098 0)
(0.0753465 -0.3748 0)
(0.007731 0.0447953 0)
(0.00588422 0.029619 0)
(0.00356158 0.013127 0)
(0.00103952 -0.00475843 0)
(-0.00154722 -0.0239203 0)
(-0.00413035 -0.0446434 0)
(-0.00640248 -0.0669961 0)
(-0.00840436 -0.0911003 0)
(-0.0064392 -0.116138 0)
(-0.00992241 -0.143822 0)
(0.00886632 -0.169339 0)
(0.00211665 -0.210587 0)
(0.0614004 -0.223894 0)
(0.0599067 -0.297503 0)
(0.133024 -0.295604 0)
(0.106791 -0.324482 0)
(0.133203 -0.32882 0)
(0.0408497 -0.345028 0)
(0.063585 -0.305512 0)
(-0.00710046 0.0452521 0)
(-0.00793536 0.0315401 0)
(-0.00952461 0.0160981 0)
(-0.0115322 -0.0011511 0)
(-0.0135298 -0.0203179 0)
(-0.0152086 -0.041401 0)
(-0.016307 -0.0646462 0)
(-0.0165731 -0.0906858 0)
(-0.0126746 -0.119493 0)
(-0.0117517 -0.157484 0)
(0.0155028 -0.188719 0)
(0.0187358 -0.251028 0)
(0.0885928 -0.269693 0)
(0.082571 -0.320586 0)
(0.145262 -0.30903 0)
(0.112808 -0.316937 0)
(0.131742 -0.298288 0)
(0.0347543 -0.308607 0)
(0.063004 -0.262975 0)
)
;

boundaryField
{
    leftWall
    {
        type            calculated;
        value           uniform (0 0 0);
    }
    rightWall
    {
        type            calculated;
        value           uniform (0 0 0);
    }
    lowerWall
    {
        type            calculated;
        value           uniform (0 0 0);
    }
    atmosphere
    {
        type            calculated;
        value           nonuniform List<vector> 
46
(
(-0.000420162 0.172875 0)
(-0.00315215 0.171942 0)
(-0.0064677 0.170998 0)
(-0.00924134 0.169539 0)
(-0.0121195 0.167783 0)
(-0.0147565 0.165626 0)
(-0.0172454 0.163098 0)
(-0.019464 0.160138 0)
(-0.0213785 0.156776 0)
(-0.0229564 0.153032 0)
(-0.0241752 0.148899 0)
(-0.0250151 0.144375 0)
(-0.0254356 0.139475 0)
(-0.0254064 0.134242 0)
(-0.0249168 0.128579 0)
(-0.0239624 0.122599 0)
(-0.0226261 0.116264 0)
(-0.0209245 0.109597 0)
(-0.0188953 0.102684 0)
(-0.0166516 0.0955506 0)
(-0.0142289 0.0882589 0)
(-0.0117706 0.0808813 0)
(-0.0094095 0.0733446 0)
(-0.00840279 0.0671851 0)
(-0.00774745 0.063004 0)
(-0.00734387 0.0585168 0)
(-0.00708795 0.0537556 0)
(-0.00710046 0.0452654 0)
(-0.00793536 0.0315536 0)
(-0.00952461 0.01611 0)
(-0.0115322 -0.00114592 0)
(-0.0135298 -0.0203268 0)
(-0.0152086 -0.0414227 0)
(-0.016307 -0.0646888 0)
(-0.0165731 -0.0907703 0)
(-0.0126746 -0.119617 0)
(-0.0117517 -0.157793 0)
(0.0155028 -0.189168 0)
(0.0187358 -0.251637 0)
(0.0885928 -0.270402 0)
(0.082571 -0.320979 0)
(0.145262 -0.309194 0)
(0.112808 -0.316629 0)
(0.131742 -0.297147 0)
(0.0347543 -0.307022 0)
(0.063004 -0.261244 0)
)
;
    }
    defaultFaces
    {
        type            empty;
    }
}


// ************************************************************************* //
