/*--------------------------------*- C++ -*----------------------------------*\
| =========                 |                                                 |
| \\      /  F ield         | OpenFOAM: The Open Source CFD Toolbox           |
|  \\    /   O peration     | Version:  2.4.0                                 |
|   \\  /    A nd           | Web:      www.OpenFOAM.org                      |
|    \\/     M anipulation  |                                                 |
\*---------------------------------------------------------------------------*/
FoamFile
{
    version     2.0;
    format      ascii;
    class       volVectorField;
    location    "0.85";
    object      U;
}
// * * * * * * * * * * * * * * * * * * * * * * * * * * * * * * * * * * * * * //

dimensions      [0 1 -1 0 0 0 0];

internalField   nonuniform List<vector> 
2268
(
(0.0018994 -0.073362 0)
(0.00113274 -0.0792716 0)
(-0.00318645 -0.0841982 0)
(-0.0422565 -0.0745903 0)
(-0.090601 -0.0522493 0)
(-0.147569 -0.0144492 0)
(-0.211716 0.0130047 0)
(-0.254437 0.0202243 0)
(-0.263638 0.0174508 0)
(-0.257705 0.0133559 0)
(-0.246019 0.00711061 0)
(-0.234125 -0.00314128 0)
(-0.211525 -0.00792938 0)
(-0.182171 -0.00976419 0)
(-0.153876 -0.00972369 0)
(-0.135864 -0.00628188 0)
(-0.125095 -0.00428018 0)
(-0.116794 -0.00428011 0)
(-0.103325 -0.00391057 0)
(-0.0795999 -0.00744292 0)
(-0.055031 -0.00131614 0)
(-0.0477326 0.000852677 0)
(-0.0333345 -0.0121354 0)
(0.00162182 0.0739308 0)
(-0.0035101 0.0838858 0)
(-0.00102732 0.111461 0)
(-0.024325 0.123834 0)
(-0.0629564 0.100972 0)
(-0.125042 0.0668297 0)
(-0.198514 0.0331229 0)
(-0.256834 0.00423556 0)
(-0.270789 -0.0154616 0)
(-0.264857 -0.0215542 0)
(-0.251528 -0.0176869 0)
(-0.232586 -0.0132376 0)
(-0.207384 -0.0163082 0)
(-0.178713 -0.01779 0)
(-0.152795 -0.0123324 0)
(-0.135343 -0.0073826 0)
(-0.122122 -0.00473805 0)
(-0.112786 -0.00613821 0)
(-0.0980826 -0.012291 0)
(-0.0722047 -0.0173728 0)
(-0.0518324 -0.0146242 0)
(-0.0291525 -0.0101529 0)
(-0.0125959 -0.0276822 0)
(0.0117561 -0.094999 0)
(0.012348 -0.0984372 0)
(-0.00120268 -0.0870453 0)
(-0.0356032 -0.0632827 0)
(-0.10817 0.00472446 0)
(-0.16845 0.0753162 0)
(-0.220672 0.0769071 0)
(-0.26432 0.0445644 0)
(-0.275982 0.0180192 0)
(-0.26901 0.00250147 0)
(-0.250881 -0.00996564 0)
(-0.226045 -0.0247503 0)
(-0.200904 -0.0341768 0)
(-0.177518 -0.0344993 0)
(-0.153956 -0.0281141 0)
(-0.138477 -0.0190843 0)
(-0.121488 -0.0138436 0)
(-0.107539 -0.015228 0)
(-0.0920493 -0.0229776 0)
(-0.0706505 -0.0295074 0)
(-0.0555838 -0.0222073 0)
(-0.0206387 -0.0161512 0)
(-0.00629246 -0.0301213 0)
(-0.0107707 0.254411 0)
(-0.0515852 0.283458 0)
(-0.107881 0.286545 0)
(-0.101186 0.217245 0)
(-0.151358 0.123701 0)
(-0.220346 0.0954936 0)
(-0.270776 0.074309 0)
(-0.289865 0.0326018 0)
(-0.292084 -0.0105109 0)
(-0.273467 -0.0313107 0)
(-0.246333 -0.0356145 0)
(-0.221277 -0.0358635 0)
(-0.199526 -0.0398943 0)
(-0.176792 -0.0408408 0)
(-0.152559 -0.0303793 0)
(-0.130805 -0.0232247 0)
(-0.10951 -0.0199415 0)
(-0.0948262 -0.0174141 0)
(-0.0857268 -0.0252079 0)
(-0.0819065 -0.0310404 0)
(-0.0756528 -0.0382866 0)
(-0.0332096 -0.0331674 0)
(-0.0111912 -0.0393054 0)
(-0.00879913 -0.200416 0)
(-0.0170138 -0.194923 0)
(-0.0268603 -0.163761 0)
(-0.0433758 -0.0295666 0)
(-0.174598 0.19576 0)
(-0.326387 0.163005 0)
(-0.32875 0.0938512 0)
(-0.341184 0.0469894 0)
(-0.338794 0.00776569 0)
(-0.318047 -0.0188966 0)
(-0.282986 -0.0345813 0)
(-0.245931 -0.0452921 0)
(-0.214359 -0.0521193 0)
(-0.191248 -0.0523402 0)
(-0.163068 -0.0467578 0)
(-0.131378 -0.0386633 0)
(-0.102819 -0.0332588 0)
(-0.0887155 -0.0328025 0)
(-0.0848056 -0.0375781 0)
(-0.0852675 -0.0438865 0)
(-0.0799475 -0.0516419 0)
(-0.0533827 -0.0506935 0)
(-0.016675 -0.0425849 0)
(-0.0243095 0.200073 0)
(-0.0767189 0.21525 0)
(-0.159096 0.213023 0)
(-0.235722 0.184556 0)
(-0.264047 0.210914 0)
(-0.47687 0.219367 0)
(-0.448253 0.0980277 0)
(-0.415397 0.0323689 0)
(-0.389183 -0.0235661 0)
(-0.369282 -0.0530842 0)
(-0.329541 -0.0626122 0)
(-0.285043 -0.0651771 0)
(-0.247349 -0.0669766 0)
(-0.218105 -0.0675688 0)
(-0.188638 -0.0608885 0)
(-0.158281 -0.0493848 0)
(-0.128417 -0.0317545 0)
(-0.101322 -0.0143843 0)
(-0.0893122 -0.0125734 0)
(-0.0820339 -0.0193871 0)
(-0.0707524 -0.0398534 0)
(-0.050294 -0.0596902 0)
(-0.0331176 -0.0987938 0)
(-0.0073279 -0.0815424 0)
(-0.0233063 -0.0534413 0)
(-0.0563274 0.000869279 0)
(-0.125474 0.0989932 0)
(-0.206242 0.233361 0)
(-0.466597 0.23523 0)
(-0.557067 0.0908337 0)
(-0.533897 0.03051 0)
(-0.481956 -0.00644984 0)
(-0.42027 -0.0525481 0)
(-0.365973 -0.0945393 0)
(-0.301399 -0.108705 0)
(-0.232394 -0.109328 0)
(-0.185164 -0.102265 0)
(-0.176077 -0.0987591 0)
(-0.175673 -0.0948185 0)
(-0.169951 -0.090626 0)
(-0.137186 -0.0801708 0)
(-0.0979882 -0.0742136 0)
(-0.0756521 -0.0791553 0)
(-0.0586138 -0.099229 0)
(-0.0902365 -0.10175 0)
(-0.104372 -0.0498384 0)
(-0.0169181 0.14138 0)
(-0.0518293 0.156439 0)
(-0.0876915 0.172796 0)
(-0.121039 0.203383 0)
(-0.142907 0.318811 0)
(-0.274883 0.339681 0)
(-0.495219 0.127073 0)
(-0.514398 -0.0212372 0)
(-0.488196 -0.104817 0)
(-0.447791 -0.135362 0)
(-0.389204 -0.127502 0)
(-0.296464 -0.111118 0)
(-0.175334 -0.0571343 0)
(-0.12167 0.0109642 0)
(-0.119792 0.0426766 0)
(-0.16342 0.0509718 0)
(-0.196617 0.0381797 0)
(-0.184064 0.0143034 0)
(-0.129109 0.00203388 0)
(-0.093045 -0.00720074 0)
(-0.0814397 -0.00323796 0)
(-0.155383 0.0553603 0)
(-0.171394 -0.100806 0)
(-0.0972459 -0.162505 0)
(0.202443 -0.192806 0)
(0.316699 -0.229068 0)
(0.359578 -0.283204 0)
(0.377175 -0.310109 0)
(0.39044 -0.310972 0)
(0.408205 -0.295635 0)
(0.43035 -0.275277 0)
(0.442966 -0.250284 0)
(0.47167 -0.226596 0)
(0.491181 -0.213342 0)
(0.521955 -0.219507 0)
(0.521598 -0.208216 0)
(0.499709 -0.180885 0)
(0.443287 -0.126769 0)
(0.345097 -0.0773813 0)
(0.153667 -0.0390187 0)
(-0.0554106 -0.0819886 0)
(-0.0216768 -0.131154 0)
(-0.0926612 0.0696826 0)
(0.278596 -0.0390787 0)
(0.421948 0.112307 0)
(0.501705 0.197324 0)
(0.518208 0.221388 0)
(0.520191 0.215869 0)
(0.517721 0.185174 0)
(0.511956 0.170203 0)
(0.513268 0.145017 0)
(0.521663 0.110144 0)
(0.520459 0.0992491 0)
(0.518874 0.113861 0)
(0.511031 0.141418 0)
(0.466207 0.144826 0)
(0.437015 0.179267 0)
(0.315581 0.160697 0)
(0.160473 0.158581 0)
(0.0012574 0.131005 0)
(-0.0736691 0.0698749 0)
(0.24295 -0.0523272 0)
(0.384829 -0.160996 0)
(0.417877 -0.12164 0)
(0.47185 -0.153853 0)
(0.554447 -0.19052 0)
(0.622671 -0.1912 0)
(0.628765 -0.168194 0)
(0.603626 -0.15413 0)
(0.560961 -0.136738 0)
(0.49106 -0.0995212 0)
(0.344421 -0.0678356 0)
(0.13933 -0.03606 0)
(-0.166261 0.0571908 0)
(-0.337533 0.0260824 0)
(-0.0463949 0.0112241 0)
(0.192525 0.106614 0)
(0.14109 0.14806 0)
(0.01711 0.0874854 0)
(-0.0267349 -0.105308 0)
(0.245274 -0.237914 0)
(0.199449 -0.23567 0)
(0.281552 -0.125543 0)
(0.41181 -0.0102157 0)
(0.49429 0.049414 0)
(0.536357 0.092169 0)
(0.524137 0.122773 0)
(0.474385 0.12937 0)
(0.376549 0.117466 0)
(0.310432 0.117118 0)
(0.227542 0.144072 0)
(0.0646331 0.170296 0)
(-0.323201 0.194685 0)
(-0.496732 0.0207737 0)
(-0.420371 -0.0721151 0)
(-0.0355668 0.0248678 0)
(0.0989766 0.170682 0)
(0.0364876 0.143484 0)
(0.0264298 0.0214089 0)
(0.166911 -0.28816 0)
(0.0526422 -0.243825 0)
(0.0999121 -0.147939 0)
(0.177066 -0.154592 0)
(0.285401 -0.146494 0)
(0.347324 -0.107867 0)
(0.376686 -0.0576604 0)
(0.363245 -0.00909489 0)
(0.290419 0.0125295 0)
(0.214369 0.0501615 0)
(0.156147 0.1416 0)
(0.0488037 0.273033 0)
(-0.290067 0.304065 0)
(-0.461298 -0.00514258 0)
(-0.429356 -0.164258 0)
(-0.274582 -0.0889674 0)
(0.0200833 0.148024 0)
(0.021317 0.144624 0)
(0.0578353 -0.0440523 0)
(0.136672 -0.402213 0)
(-0.0441469 -0.18519 0)
(-0.0319199 -0.15889 0)
(0.0321644 -0.168127 0)
(0.15435 -0.0919946 0)
(0.264939 -0.00533482 0)
(0.248838 0.0529439 0)
(0.197647 0.0913142 0)
(0.135613 0.0935756 0)
(0.0851407 0.0843715 0)
(0.0774159 0.140652 0)
(0.0533452 0.314476 0)
(-0.142535 0.431238 0)
(-0.351177 0.0446395 0)
(-0.368665 -0.17049 0)
(-0.306425 -0.208745 0)
(-0.0203298 0.0497195 0)
(0.0207135 0.127781 0)
(0.0854471 0.0388213 0)
(0.128745 -0.426382 0)
(-0.0899987 -0.179067 0)
(-0.034949 -0.192284 0)
(-0.00623863 -0.206574 0)
(0.0335333 -0.171089 0)
(0.172811 -0.0844945 0)
(0.221929 0.0354548 0)
(0.147984 0.0998088 0)
(0.0651298 0.122403 0)
(-0.0121959 0.118356 0)
(-0.0218184 0.182036 0)
(0.0137311 0.338933 0)
(0.0126375 0.493628 0)
(-0.264956 0.143129 0)
(-0.357407 -0.119982 0)
(-0.349745 -0.216533 0)
(-0.160303 -0.0145234 0)
(0.00411056 0.104905 0)
(0.0928137 0.00953042 0)
(0.164816 -0.329032 0)
(-0.0892564 -0.106668 0)
(0.00414039 -0.201375 0)
(-0.0197958 -0.213029 0)
(-0.0129998 -0.200546 0)
(0.024915 -0.134393 0)
(0.163065 0.0333402 0)
(0.102794 0.127075 0)
(0.0194577 0.131689 0)
(-0.0605837 0.117 0)
(-0.0542313 0.164976 0)
(-0.0339267 0.331109 0)
(0.142897 0.541749 0)
(-0.126475 0.234263 0)
(-0.28198 -0.186945 0)
(-0.377495 -0.181803 0)
(-0.306354 -0.124558 0)
(-0.0575009 -0.00494216 0)
(0.0766863 0.0667039 0)
(0.0195143 -0.0506856 0)
(0.0453408 -0.0111951 0)
(0.0568819 0.0688643 0)
(0.0526422 0.168814 0)
(0.049835 0.296914 0)
(0.11096 0.405355 0)
(0.0733119 0.347258 0)
(-0.0377358 0.235432 0)
(-0.157743 0.169715 0)
(-0.244087 0.064224 0)
(-0.230766 -0.0508541 0)
(-0.210949 -0.118549 0)
(-0.205891 -0.165821 0)
(-0.17938 -0.184966 0)
(-0.138969 -0.178333 0)
(-0.12333 -0.163233 0)
(-0.125221 -0.150744 0)
(-0.134091 -0.140531 0)
(-0.149212 -0.118127 0)
(-0.159959 -0.0741931 0)
(-0.157088 -0.057311 0)
(-0.075553 -0.127266 0)
(-0.0428316 -0.302827 0)
(0.014669 0.09466 0)
(0.0347586 0.125005 0)
(0.0438116 0.15429 0)
(0.0444742 0.19284 0)
(0.0704558 0.25388 0)
(0.13511 0.29277 0)
(0.209328 0.236183 0)
(0.211369 0.118797 0)
(0.190447 -0.0151334 0)
(0.187704 -0.143777 0)
(0.165655 -0.209038 0)
(0.126108 -0.218417 0)
(0.116229 -0.194628 0)
(0.136686 -0.13905 0)
(0.155608 -0.0645299 0)
(0.143079 0.0116706 0)
(0.107412 0.0253558 0)
(0.055789 -0.0101944 0)
(-0.00995558 -0.0450529 0)
(-0.0559268 -0.0849939 0)
(-0.0408088 -0.133122 0)
(0.037851 -0.146751 0)
(0.076753 -0.112112 0)
(0.0604536 -0.0722657 0)
(0.118102 -0.00284711 0)
(0.14612 0.118382 0)
(0.124474 0.184118 0)
(0.118009 0.227907 0)
(0.1348 0.226779 0)
(0.175568 0.203815 0)
(0.215412 0.15835 0)
(0.232583 0.0956084 0)
(0.234357 0.0322549 0)
(0.20423 -0.0378557 0)
(0.17695 -0.101069 0)
(0.157637 -0.14592 0)
(0.168339 -0.12885 0)
(0.182011 -0.0895169 0)
(0.172879 -0.0344731 0)
(0.117425 0.0072044 0)
(0.0486956 0.0380361 0)
(-8.44e-05 0.0561983 0)
(-0.096582 0.0227296 0)
(-0.305478 -0.106571 0)
(-0.501863 -0.117967 0)
(-0.408099 -0.0461158 0)
(0.0650653 -0.133117 0)
(0.133431 0.00852598 0)
(0.118564 0.116942 0)
(0.0715851 0.172722 0)
(0.0852852 0.207317 0)
(0.0867111 0.193631 0)
(0.104263 0.151232 0)
(0.136621 0.0860892 0)
(0.161846 0.00824159 0)
(0.164915 -0.0722101 0)
(0.157829 -0.101213 0)
(0.126976 -0.12705 0)
(0.0909522 -0.22573 0)
(0.061625 -0.232104 0)
(-0.0334097 -0.146129 0)
(-0.107259 0.0280481 0)
(-0.179003 0.0874546 0)
(-0.341637 0.0463431 0)
(-0.516669 0.100263 0)
(-0.721758 0.266659 0)
(-0.854183 0.308309 0)
(-0.974585 -0.0906904 0)
(-0.996344 -0.623978 0)
(0.0255188 -0.257296 0)
(-0.0194769 -0.0169354 0)
(-0.0341062 0.222699 0)
(-0.0881453 0.232167 0)
(-0.0431145 0.236028 0)
(-0.0420017 0.227546 0)
(-0.0213212 0.180854 0)
(0.00910925 0.127104 0)
(0.0764743 0.0613027 0)
(0.151144 -0.014975 0)
(0.144662 -0.0536239 0)
(-0.150992 -0.053571 0)
(-0.882678 0.019964 0)
(-1.03924 0.0882771 0)
(-1.05421 0.0767495 0)
(-0.999415 0.171992 0)
(-1.05916 0.308312 0)
(-1.21442 0.401414 0)
(-1.29658 0.413229 0)
(-1.38946 0.328735 0)
(-1.68086 0.00367964 0)
(-1.89129 -0.212794 0)
(-1.84806 -0.568855 0)
(-0.0789917 -0.114864 0)
(-0.184026 0.0996428 0)
(-0.180593 0.211757 0)
(-0.189215 0.223333 0)
(-0.165305 0.209457 0)
(-0.118704 0.179022 0)
(-0.0758126 0.0957317 0)
(-0.103549 -0.0401101 0)
(-0.161214 -0.20235 0)
(-0.214757 -0.197762 0)
(-0.64052 0.752696 0)
(-0.894714 0.741087 0)
(-1.39578 0.208371 0)
(-1.34592 -0.0971755 0)
(-1.30133 -0.101598 0)
(-1.30522 0.127495 0)
(-1.31322 0.296455 0)
(-1.30528 0.350833 0)
(-1.32054 0.380555 0)
(-1.40186 0.453492 0)
(-1.72989 0.340932 0)
(-1.88244 0.0151095 0)
(-1.8361 -0.599244 0)
(-0.116873 -0.0317988 0)
(-0.23581 0.0870943 0)
(-0.311185 0.115602 0)
(-0.319989 0.0946294 0)
(-0.28324 0.0516631 0)
(-0.234406 0.0160669 0)
(-0.199914 0.030933 0)
(-0.142334 0.180851 0)
(-0.388039 0.900884 0)
(-1.11778 0.712265 0)
(-1.125 0.898427 0)
(-1.21318 1.63603 0)
(-1.51862 0.30293 0)
(-1.33741 -0.0443074 0)
(-1.25735 0.00209809 0)
(-1.29649 0.181992 0)
(-1.28314 0.261439 0)
(-1.26729 0.296302 0)
(-1.20902 0.43298 0)
(-1.18844 1.01893 0)
(-1.47366 1.70797 0)
(-1.79626 0.550058 0)
(-1.60819 -0.693314 0)
(-0.213255 0.115553 0)
(-0.2348 0.270996 0)
(-0.27681 0.434243 0)
(-0.313716 0.524919 0)
(-0.350101 0.636486 0)
(-0.446221 0.729443 0)
(-0.746755 0.705668 0)
(-0.881544 0.605296 0)
(-0.842235 0.444749 0)
(-0.954223 0.294332 0)
(-0.919707 0.642863 0)
(-0.936448 1.13689 0)
(-0.956332 0.44884 0)
(-1.32519 -0.176991 0)
(-1.26166 -0.0177971 0)
(-1.18265 0.150273 0)
(-1.18527 0.270009 0)
(-1.14375 0.332964 0)
(-1.03373 0.699021 0)
(-0.938478 0.900734 0)
(-1.34593 0.787222 0)
(-1.1191 0.108252 0)
(-1.20229 -0.0934097 0)
(-0.275366 0.781938 0)
(-0.427194 0.813542 0)
(-0.573347 0.295536 0)
(-0.5154 0.059494 0)
(-0.449171 -0.0205717 0)
(-0.37906 -0.00132678 0)
(-0.339903 0.0971453 0)
(-0.525074 0.322678 0)
(-0.658969 0.497046 0)
(-0.745761 0.504659 0)
(-0.677411 0.73738 0)
(-0.594821 0.992289 0)
(-0.480231 0.732354 0)
(-0.832734 -0.0248257 0)
(-1.29052 -0.0601576 0)
(-1.13085 0.0795553 0)
(-1.05862 0.188996 0)
(-1.01307 0.346619 0)
(-0.777908 0.804168 0)
(-0.839221 0.882362 0)
(-1.37892 0.709579 0)
(-1.36843 -0.143666 0)
(-1.51835 -0.389762 0)
(-0.234433 0.842559 0)
(-0.31573 0.479379 0)
(-0.335351 0.285058 0)
(-0.299895 0.229134 0)
(-0.301341 0.248617 0)
(-0.338335 0.332964 0)
(-0.298119 0.452875 0)
(-0.428135 0.566822 0)
(-0.458034 0.618395 0)
(-0.535538 0.516375 0)
(-0.536195 0.564469 0)
(-0.367753 0.739444 0)
(-0.166046 0.708809 0)
(-0.207423 0.558481 0)
(-0.832163 0.125485 0)
(-1.13845 0.0386502 0)
(-1.05095 0.179169 0)
(-0.975924 0.315235 0)
(-0.774527 0.828629 0)
(-0.765781 0.995388 0)
(-1.22137 0.932131 0)
(-1.37085 0.297248 0)
(-1.57073 -0.0562265 0)
(-0.152057 0.927214 0)
(-0.0805111 0.571391 0)
(-0.180618 0.217062 0)
(-0.185097 0.061354 0)
(-0.1703 0.0493123 0)
(-0.16243 0.162464 0)
(-0.169818 0.399621 0)
(-0.190155 0.622267 0)
(-0.226845 0.672658 0)
(-0.244464 0.601973 0)
(-0.262126 0.562538 0)
(-0.140343 0.596219 0)
(-0.0423573 0.633089 0)
(0.035053 0.692218 0)
(0.0201491 0.674778 0)
(-0.363092 0.423598 0)
(-0.742967 0.213448 0)
(-0.866404 0.461772 0)
(-0.765061 0.72625 0)
(-0.53636 1.10878 0)
(-0.632254 1.23055 0)
(-0.92373 0.644995 0)
(-1.02153 -0.00567761 0)
(0.00803588 1.00643 0)
(0.0772007 0.661254 0)
(-0.0121054 0.337626 0)
(-0.0478392 0.183625 0)
(-0.118808 0.156855 0)
(-0.129448 0.241712 0)
(-0.114772 0.350261 0)
(-0.0273353 0.585543 0)
(-0.0544463 0.665363 0)
(-0.040191 0.622534 0)
(-0.0683768 0.501083 0)
(0.0194815 0.469904 0)
(0.0585143 0.536518 0)
(0.1622 0.566393 0)
(0.251382 0.619845 0)
(0.265784 0.650056 0)
(0.156848 0.582195 0)
(-0.0617445 0.49777 0)
(-0.289495 0.520651 0)
(-0.274478 0.824133 0)
(-0.134036 1.18274 0)
(-0.293443 0.983511 0)
(-0.690965 0.365384 0)
(0.0700776 0.939213 0)
(0.121235 0.652263 0)
(0.0741538 0.379113 0)
(0.0589878 0.223445 0)
(-0.0123449 0.180689 0)
(-0.0405865 0.231805 0)
(-0.0712828 0.3315 0)
(0.019865 0.554299 0)
(0.0431463 0.654155 0)
(0.0774142 0.617852 0)
(0.0900744 0.486884 0)
(0.129143 0.441228 0)
(0.147586 0.487986 0)
(0.217819 0.498471 0)
(0.280752 0.525777 0)
(0.348828 0.576525 0)
(0.395868 0.599443 0)
(0.38383 0.656013 0)
(0.292576 0.705125 0)
(0.269487 0.807503 0)
(0.193009 1.08656 0)
(0.239512 1.14162 0)
(-0.105811 0.748165 0)
(0.0520003 0.779983 0)
(0.130059 0.628797 0)
(0.107119 0.399927 0)
(0.0941927 0.253826 0)
(0.030929 0.214721 0)
(0.0147331 0.258057 0)
(-0.0226458 0.295839 0)
(0.0231428 0.486479 0)
(0.0908791 0.612442 0)
(0.148834 0.580936 0)
(0.185114 0.474271 0)
(0.188055 0.423431 0)
(0.1948 0.452855 0)
(0.234726 0.457867 0)
(0.271039 0.472612 0)
(0.329421 0.493097 0)
(0.405163 0.548426 0)
(0.476884 0.632329 0)
(0.521431 0.729761 0)
(0.586498 0.844716 0)
(0.639235 1.07106 0)
(0.739573 1.24292 0)
(0.671466 1.11992 0)
(0.0182729 0.703638 0)
(0.119858 0.592865 0)
(0.119719 0.407273 0)
(0.121374 0.289836 0)
(0.065618 0.25766 0)
(0.0444676 0.292203 0)
(0.00622997 0.305154 0)
(0.0199586 0.422849 0)
(0.0922507 0.523557 0)
(0.172915 0.521608 0)
(0.203456 0.455481 0)
(0.193574 0.415598 0)
(0.19654 0.429694 0)
(0.221135 0.423375 0)
(0.250103 0.425277 0)
(0.299338 0.434925 0)
(0.36173 0.467011 0)
(0.455737 0.560731 0)
(0.564566 0.667239 0)
(0.667096 0.765764 0)
(0.83109 0.908909 0)
(1.05689 1.15603 0)
(1.07379 1.0896 0)
(0.0289 0.639947 0)
(0.110627 0.542444 0)
(0.128685 0.400573 0)
(0.130962 0.318241 0)
(0.0867859 0.299594 0)
(0.0644178 0.323591 0)
(0.0373899 0.334245 0)
(0.0292113 0.393513 0)
(0.0861631 0.449497 0)
(0.150346 0.467809 0)
(0.188766 0.447637 0)
(0.182719 0.424798 0)
(0.184781 0.4203 0)
(0.202892 0.403824 0)
(0.22475 0.393889 0)
(0.261781 0.391274 0)
(0.310376 0.405778 0)
(0.378179 0.449794 0)
(0.504422 0.557681 0)
(0.628221 0.611398 0)
(0.781225 0.691955 0)
(1.05912 0.998087 0)
(1.14869 0.960024 0)
(0.046037 0.561017 0)
(0.0977949 0.492931 0)
(0.128592 0.393349 0)
(0.119196 0.338134 0)
(0.0902398 0.324235 0)
(0.0743997 0.338109 0)
(0.0603078 0.345476 0)
(0.0554452 0.377377 0)
(0.0846649 0.404475 0)
(0.126853 0.426105 0)
(0.160099 0.430206 0)
(0.170706 0.420687 0)
(0.178693 0.410678 0)
(0.19424 0.387619 0)
(0.208918 0.368899 0)
(0.233149 0.355177 0)
(0.264264 0.354763 0)
(0.307436 0.370557 0)
(0.39408 0.423092 0)
(0.496524 0.440607 0)
(0.61301 0.459939 0)
(0.864543 0.752344 0)
(1.0365 0.862058 0)
(0.0420022 0.494226 0)
(0.0774886 0.452238 0)
(0.110627 0.387749 0)
(0.0989645 0.353341 0)
(0.0858067 0.34094 0)
(0.079287 0.345753 0)
(0.0756208 0.349673 0)
(0.0783543 0.366111 0)
(0.0953381 0.378142 0)
(0.118513 0.395387 0)
(0.145585 0.407931 0)
(0.165864 0.406734 0)
(0.185007 0.394058 0)
(0.203557 0.372261 0)
(0.216783 0.351857 0)
(0.23231 0.333186 0)
(0.251708 0.321794 0)
(0.27659 0.319806 0)
(0.322685 0.342989 0)
(0.378827 0.341771 0)
(0.443706 0.336064 0)
(0.554685 0.52841 0)
(0.746884 0.69938 0)
(0.0284597 0.445339 0)
(0.0571704 0.420566 0)
(0.0822391 0.379527 0)
(0.0826782 0.358697 0)
(0.0808727 0.347314 0)
(0.0814276 0.346269 0)
(0.0840474 0.347908 0)
(0.090937 0.355989 0)
(0.1047 0.362262 0)
(0.121313 0.373443 0)
(0.144834 0.381855 0)
(0.168948 0.379907 0)
(0.193059 0.369626 0)
(0.213559 0.354289 0)
(0.229159 0.336691 0)
(0.243822 0.318022 0)
(0.255853 0.305708 0)
(0.268706 0.299897 0)
(0.290298 0.309472 0)
(0.315802 0.302022 0)
(0.347916 0.300931 0)
(0.371707 0.421602 0)
(0.539462 0.555082 0)
(0.018301 0.411212 0)
(0.0427771 0.394452 0)
(0.0644138 0.368515 0)
(0.0711338 0.354572 0)
(0.0758072 0.345715 0)
(0.0807358 0.343041 0)
(0.0862923 0.34174 0)
(0.0950079 0.34532 0)
(0.1075 0.348065 0)
(0.122929 0.354132 0)
(0.14473 0.358354 0)
(0.168683 0.355963 0)
(0.191899 0.34757 0)
(0.212885 0.335842 0)
(0.229623 0.321349 0)
(0.243634 0.307031 0)
(0.252126 0.295969 0)
(0.262154 0.287648 0)
(0.277927 0.289625 0)
(0.294886 0.283172 0)
(0.312563 0.288891 0)
(0.327365 0.357319 0)
(0.4398 0.417931 0)
(0.0130717 0.38556 0)
(0.0339973 0.371916 0)
(0.0522424 0.355763 0)
(0.0618703 0.346737 0)
(0.0700517 0.339428 0)
(0.0782323 0.336005 0)
(0.0854717 0.333955 0)
(0.0950922 0.334596 0)
(0.106785 0.334995 0)
(0.120913 0.336507 0)
(0.139525 0.33696 0)
(0.160836 0.333942 0)
(0.180726 0.325921 0)
(0.200142 0.31699 0)
(0.216573 0.305943 0)
(0.231662 0.296788 0)
(0.242076 0.287519 0)
(0.252974 0.276999 0)
(0.267457 0.273149 0)
(0.283378 0.269796 0)
(0.300436 0.277088 0)
(0.322951 0.30761 0)
(0.400831 0.322853 0)
(0.010252 0.365049 0)
(0.027979 0.352934 0)
(0.0441691 0.342728 0)
(0.0555231 0.336171 0)
(0.0655719 0.330815 0)
(0.075098 0.327578 0)
(0.0842818 0.324919 0)
(0.0948412 0.323736 0)
(0.106458 0.322195 0)
(0.119776 0.32091 0)
(0.134956 0.318164 0)
(0.153066 0.313526 0)
(0.170019 0.307169 0)
(0.18641 0.299085 0)
(0.201699 0.289612 0)
(0.215402 0.281001 0)
(0.23046 0.272746 0)
(0.24449 0.262609 0)
(0.259815 0.256339 0)
(0.275109 0.252543 0)
(0.296541 0.256933 0)
(0.322455 0.26516 0)
(0.379112 0.259086 0)
(0.00883119 0.347534 0)
(0.0242575 0.336441 0)
(0.0391233 0.329591 0)
(0.0510065 0.324743 0)
(0.0620062 0.320573 0)
(0.0724281 0.317367 0)
(0.0830251 0.314341 0)
(0.094348 0.312283 0)
(0.106394 0.310003 0)
(0.11957 0.307211 0)
(0.133517 0.302773 0)
(0.148739 0.297857 0)
(0.164108 0.291973 0)
(0.179147 0.284185 0)
(0.193516 0.275289 0)
(0.207882 0.266078 0)
(0.222459 0.256868 0)
(0.236649 0.248243 0)
(0.250962 0.240807 0)
(0.268534 0.23553 0)
(0.289822 0.233993 0)
(0.317067 0.230238 0)
(0.359362 0.214407 0)
(0.00768089 0.332315 0)
(0.0213098 0.321736 0)
(0.0348856 0.316808 0)
(0.0467007 0.313072 0)
(0.0579683 0.309481 0)
(0.0688816 0.306225 0)
(0.0798319 0.302981 0)
(0.0912159 0.300121 0)
(0.103372 0.296968 0)
(0.116326 0.293894 0)
(0.129616 0.289322 0)
(0.142725 0.283216 0)
(0.156695 0.27667 0)
(0.171009 0.269446 0)
(0.185381 0.261171 0)
(0.199166 0.252057 0)
(0.213227 0.243456 0)
(0.227441 0.233811 0)
(0.243711 0.224546 0)
(0.261085 0.215396 0)
(0.281497 0.209908 0)
(0.306604 0.199311 0)
(0.339852 0.178727 0)
(0.00698475 0.318345 0)
(0.0195648 0.308299 0)
(0.0320614 0.304444 0)
(0.0435616 0.301456 0)
(0.0547099 0.298368 0)
(0.0656871 0.295276 0)
(0.0766168 0.291929 0)
(0.0878391 0.288526 0)
(0.099599 0.284685 0)
(0.111822 0.280723 0)
(0.124516 0.275919 0)
(0.137143 0.269793 0)
(0.150211 0.262874 0)
(0.163156 0.255134 0)
(0.176898 0.246135 0)
(0.190718 0.237903 0)
(0.204795 0.228514 0)
(0.219391 0.218517 0)
(0.234077 0.207937 0)
(0.250007 0.198838 0)
(0.26928 0.188697 0)
(0.292406 0.171615 0)
(0.318278 0.151149 0)
(0.00642955 0.305844 0)
(0.0180751 0.296224 0)
(0.0297473 0.293079 0)
(0.040767 0.290559 0)
(0.0514599 0.287623 0)
(0.0620819 0.28435 0)
(0.0727583 0.28083 0)
(0.0835871 0.277048 0)
(0.0947144 0.272807 0)
(0.106086 0.268271 0)
(0.11812 0.26346 0)
(0.13079 0.257261 0)
(0.143209 0.25051 0)
(0.156161 0.242301 0)
(0.168323 0.233823 0)
(0.180625 0.224551 0)
(0.193599 0.214515 0)
(0.207476 0.204635 0)
(0.222014 0.193101 0)
(0.238153 0.180466 0)
(0.256773 0.167475 0)
(0.275235 0.151776 0)
(0.295363 0.130489 0)
(0.00594086 0.293843 0)
(0.0167929 0.284582 0)
(0.0277932 0.281802 0)
(0.0384216 0.279554 0)
(0.0488508 0.2769 0)
(0.0591725 0.273817 0)
(0.0695191 0.270306 0)
(0.0799535 0.266337 0)
(0.0906432 0.261907 0)
(0.101437 0.257192 0)
(0.112685 0.25141 0)
(0.123661 0.244986 0)
(0.134986 0.237743 0)
(0.146727 0.230077 0)
(0.158465 0.221237 0)
(0.171228 0.211412 0)
(0.184003 0.201468 0)
(0.197069 0.189913 0)
(0.211079 0.178031 0)
(0.22441 0.165398 0)
(0.23989 0.150953 0)
(0.256535 0.132895 0)
(0.273561 0.112725 0)
(0.00547818 0.283054 0)
(0.01554 0.274051 0)
(0.0257781 0.271428 0)
(0.0358196 0.269268 0)
(0.0457205 0.26667 0)
(0.0555732 0.263629 0)
(0.0654039 0.260012 0)
(0.0752859 0.25591 0)
(0.0853034 0.251331 0)
(0.0955376 0.246268 0)
(0.106175 0.240649 0)
(0.117043 0.234116 0)
(0.128035 0.226425 0)
(0.139031 0.218278 0)
(0.15022 0.209314 0)
(0.161348 0.199831 0)
(0.172577 0.189072 0)
(0.184377 0.177956 0)
(0.196926 0.165182 0)
(0.210077 0.150584 0)
(0.224245 0.135368 0)
(0.237845 0.118274 0)
(0.251829 0.0983555 0)
(0.00512488 0.272726 0)
(0.0146274 0.263985 0)
(0.024293 0.261583 0)
(0.0338056 0.25957 0)
(0.0431763 0.257056 0)
(0.0525612 0.254018 0)
(0.0619102 0.250372 0)
(0.0712769 0.246156 0)
(0.080681 0.241355 0)
(0.0902681 0.235947 0)
(0.0999499 0.230005 0)
(0.109739 0.223313 0)
(0.119641 0.2159 0)
(0.129729 0.207632 0)
(0.139849 0.198562 0)
(0.150401 0.188321 0)
(0.161472 0.177269 0)
(0.172654 0.165245 0)
(0.184227 0.152586 0)
(0.195534 0.138737 0)
(0.207218 0.122958 0)
(0.219092 0.105239 0)
(0.231024 0.0859458 0)
(0.00473408 0.263306 0)
(0.0135248 0.254707 0)
(0.0224926 0.252376 0)
(0.0313643 0.250419 0)
(0.0401274 0.247953 0)
(0.0489291 0.244902 0)
(0.057727 0.241281 0)
(0.0665593 0.237107 0)
(0.0754226 0.232337 0)
(0.0843683 0.226947 0)
(0.0934079 0.220911 0)
(0.102693 0.214142 0)
(0.112016 0.206462 0)
(0.121435 0.19803 0)
(0.130916 0.188715 0)
(0.140558 0.178415 0)
(0.150201 0.1674 0)
(0.159915 0.155336 0)
(0.16998 0.142056 0)
(0.180229 0.127373 0)
(0.190694 0.111721 0)
(0.200781 0.0944291 0)
(0.210817 0.075522 0)
(0.00440756 0.254367 0)
(0.0126405 0.245925 0)
(0.0210182 0.24363 0)
(0.0293381 0.241717 0)
(0.0375539 0.239257 0)
(0.0457822 0.236184 0)
(0.0539739 0.232519 0)
(0.0621555 0.228262 0)
(0.0703407 0.223368 0)
(0.0785618 0.217848 0)
(0.0868265 0.211655 0)
(0.0952222 0.204832 0)
(0.10364 0.19718 0)
(0.112176 0.188654 0)
(0.120856 0.179272 0)
(0.129596 0.168871 0)
(0.138447 0.157551 0)
(0.1474 0.145447 0)
(0.156309 0.132339 0)
(0.165212 0.117999 0)
(0.174053 0.102274 0)
(0.182724 0.0851018 0)
(0.191186 0.0666516 0)
(0.00403008 0.246247 0)
(0.0116509 0.237973 0)
(0.019413 0.235716 0)
(0.027139 0.233869 0)
(0.0347679 0.231479 0)
(0.0423926 0.22848 0)
(0.0499647 0.224874 0)
(0.0575188 0.220643 0)
(0.0650798 0.215762 0)
(0.072639 0.210215 0)
(0.0802074 0.203965 0)
(0.0878235 0.196952 0)
(0.0955101 0.189134 0)
(0.103234 0.180528 0)
(0.111019 0.171137 0)
(0.118817 0.160762 0)
(0.126634 0.149484 0)
(0.13447 0.137328 0)
(0.142247 0.124044 0)
(0.150061 0.109606 0)
(0.157698 0.0940569 0)
(0.165065 0.0772306 0)
(0.172092 0.0592084 0)
(0.0037167 0.238619 0)
(0.0107614 0.230301 0)
(0.0179262 0.228044 0)
(0.0250687 0.22623 0)
(0.0321021 0.223869 0)
(0.0391209 0.220914 0)
(0.0460638 0.217364 0)
(0.0529411 0.213175 0)
(0.059763 0.208323 0)
(0.0666025 0.202754 0)
(0.0734551 0.1965 0)
(0.0803338 0.189529 0)
(0.0872714 0.181817 0)
(0.0942249 0.173246 0)
(0.101175 0.163789 0)
(0.108067 0.153347 0)
(0.114883 0.142015 0)
(0.121668 0.129823 0)
(0.128434 0.116695 0)
(0.135127 0.102488 0)
(0.141583 0.0871672 0)
(0.147758 0.0706558 0)
(0.153533 0.0530513 0)
(0.00337858 0.23173 0)
(0.00991162 0.223564 0)
(0.0165058 0.221372 0)
(0.0230758 0.21963 0)
(0.0295008 0.217322 0)
(0.0359068 0.214427 0)
(0.042218 0.210885 0)
(0.0484732 0.206698 0)
(0.0546542 0.20186 0)
(0.0607857 0.196314 0)
(0.066882 0.190021 0)
(0.0729093 0.182978 0)
(0.0789264 0.175101 0)
(0.0849794 0.166448 0)
(0.0910448 0.157089 0)
(0.0971171 0.146912 0)
(0.103166 0.135771 0)
(0.109087 0.123639 0)
(0.114793 0.110504 0)
(0.120367 0.0964259 0)
(0.125746 0.0813714 0)
(0.130832 0.0652328 0)
(0.135468 0.0480482 0)
(0.00310099 0.225263 0)
(0.00905502 0.217105 0)
(0.0150271 0.214864 0)
(0.0210063 0.213195 0)
(0.0268291 0.210965 0)
(0.0326536 0.208146 0)
(0.0384124 0.204782 0)
(0.044116 0.200771 0)
(0.0497309 0.196043 0)
(0.0552335 0.190613 0)
(0.0606177 0.184411 0)
(0.0658839 0.177392 0)
(0.0710796 0.169552 0)
(0.0762295 0.160948 0)
(0.0813312 0.151463 0)
(0.0863499 0.141088 0)
(0.0913065 0.129936 0)
(0.0962562 0.118113 0)
(0.101209 0.105394 0)
(0.105909 0.0915623 0)
(0.110255 0.0766843 0)
(0.114308 0.0608462 0)
(0.117907 0.0440856 0)
(0.00286184 0.219477 0)
(0.00828482 0.21146 0)
(0.0135514 0.209356 0)
(0.0189164 0.207761 0)
(0.0241093 0.205564 0)
(0.0293183 0.202795 0)
(0.0345047 0.199419 0)
(0.0396539 0.195418 0)
(0.0447323 0.19074 0)
(0.0496937 0.185423 0)
(0.0545176 0.179394 0)
(0.0592139 0.172587 0)
(0.063793 0.164971 0)
(0.0681369 0.156466 0)
(0.0723042 0.147098 0)
(0.0763172 0.136886 0)
(0.0802463 0.125785 0)
(0.0840791 0.113649 0)
(0.0877278 0.100739 0)
(0.0913601 0.0872701 0)
(0.0949781 0.0729387 0)
(0.0981732 0.0575196 0)
(0.100827 0.041139 0)
(0.0027079 0.214187 0)
(0.00743694 0.206422 0)
(0.0119579 0.204253 0)
(0.0165946 0.202716 0)
(0.0210582 0.20056 0)
(0.0255604 0.197792 0)
(0.0300464 0.194389 0)
(0.03453 0.190425 0)
(0.0389724 0.185924 0)
(0.0433647 0.18076 0)
(0.0476258 0.174871 0)
(0.0516865 0.168182 0)
(0.0555545 0.160673 0)
(0.0593041 0.152379 0)
(0.0629392 0.143267 0)
(0.0664235 0.133307 0)
(0.0697509 0.122442 0)
(0.0726728 0.110722 0)
(0.0753528 0.0980776 0)
(0.0778722 0.0843124 0)
(0.0800103 0.0698354 0)
(0.0822377 0.0548762 0)
(0.0841359 0.0390678 0)
(0.00257425 0.209216 0)
(0.00652095 0.202301 0)
(0.00978789 0.200313 0)
(0.013504 0.198787 0)
(0.0170332 0.196625 0)
(0.0207112 0.193843 0)
(0.0243621 0.19043 0)
(0.0280952 0.186406 0)
(0.0319509 0.181766 0)
(0.0358297 0.176585 0)
(0.0397274 0.170831 0)
(0.0435589 0.164403 0)
(0.0471512 0.157158 0)
(0.05047 0.149052 0)
(0.0534969 0.14009 0)
(0.0561844 0.130204 0)
(0.0585782 0.119481 0)
(0.0609027 0.108014 0)
(0.0631152 0.0956922 0)
(0.0649183 0.0825896 0)
(0.0663451 0.0685416 0)
(0.0673209 0.0533663 0)
(0.0679633 0.0376533 0)
(0.00218777 0.205053 0)
(0.00487682 0.198729 0)
(0.0068498 0.196686 0)
(0.0092865 0.195006 0)
(0.0115358 0.192761 0)
(0.0140823 0.189992 0)
(0.0165603 0.186581 0)
(0.0191562 0.182593 0)
(0.0217756 0.178055 0)
(0.0246058 0.17289 0)
(0.0276115 0.167134 0)
(0.0307852 0.160726 0)
(0.0340968 0.153653 0)
(0.0374035 0.145867 0)
(0.0406331 0.137301 0)
(0.0436586 0.127916 0)
(0.0463406 0.117661 0)
(0.0485698 0.106444 0)
(0.0502282 0.0942951 0)
(0.0515222 0.0813694 0)
(0.0525454 0.0676603 0)
(0.0531134 0.0533047 0)
(0.0528209 0.0379999 0)
(0.00171753 0.201972 0)
(0.00276812 0.197621 0)
(0.00270362 0.196065 0)
(0.003319 0.194367 0)
(0.00377026 0.192098 0)
(0.00468591 0.189188 0)
(0.00571336 0.185616 0)
(0.00699695 0.181374 0)
(0.00853088 0.176465 0)
(0.0103025 0.170879 0)
(0.012326 0.164676 0)
(0.0146309 0.157935 0)
(0.0171768 0.150598 0)
(0.019907 0.142602 0)
(0.0228179 0.133921 0)
(0.02582 0.124579 0)
(0.0287674 0.114508 0)
(0.0315384 0.103734 0)
(0.0339904 0.092215 0)
(0.035927 0.0799495 0)
(0.0371404 0.0669002 0)
(0.0375826 0.0529825 0)
(0.0372124 0.0382863 0)
(0.000898993 0.200423 0)
(0.000523065 0.197323 0)
(-0.000970803 0.195472 0)
(-0.00149605 0.193139 0)
(-0.00215953 0.19038 0)
(-0.00241751 0.18714 0)
(-0.00245711 0.183398 0)
(-0.00222315 0.179073 0)
(-0.00169141 0.174122 0)
(-0.000904634 0.168539 0)
(0.000189296 0.162347 0)
(0.00159342 0.15557 0)
(0.00328608 0.148177 0)
(0.00521487 0.140084 0)
(0.007341 0.131381 0)
(0.00958799 0.122041 0)
(0.0119523 0.112114 0)
(0.0143836 0.10161 0)
(0.0167434 0.090485 0)
(0.0188767 0.0787456 0)
(0.0206406 0.0665052 0)
(0.0218083 0.0536971 0)
(0.022078 0.0398755 0)
(0.000352809 0.200994 0)
(-0.00135 0.200705 0)
(-0.00398661 0.199291 0)
(-0.00609492 0.196997 0)
(-0.00845831 0.194127 0)
(-0.0104111 0.19048 0)
(-0.0121176 0.186201 0)
(-0.0135073 0.181266 0)
(-0.0145879 0.175685 0)
(-0.015373 0.169465 0)
(-0.0158413 0.162614 0)
(-0.0159866 0.155154 0)
(-0.01579 0.147107 0)
(-0.0152638 0.138472 0)
(-0.0144211 0.129234 0)
(-0.0132793 0.119449 0)
(-0.0119046 0.109113 0)
(-0.0103181 0.0982532 0)
(-0.00858912 0.0869475 0)
(-0.0068334 0.075222 0)
(-0.00510282 0.0631792 0)
(-0.00355768 0.0508976 0)
(-0.00231094 0.0382602 0)
(-0.0808394 -0.668445 0)
(-0.0111643 -0.742797 0)
(0.00284741 -0.704777 0)
(0.204887 -0.639169 0)
(-0.077129 0.431443 0)
(-0.174957 0.516861 0)
(-0.204061 0.0860829 0)
(-0.162414 -0.109912 0)
(-0.116179 0.0131204 0)
(-0.0779865 -0.282278 0)
(-0.137525 -0.582712 0)
(-0.174233 -0.50405 0)
(-0.546146 0.0862656 0)
(-0.302935 0.463204 0)
(-0.194297 0.692115 0)
(-0.252426 1.03079 0)
(-1.73826 -0.676547 0)
(-1.63194 -0.749698 0)
(-1.49676 -0.553252 0)
(-1.25615 -0.0261869 0)
(-1.88095 -0.651585 0)
(-1.87162 -0.627826 0)
(-1.86307 -0.551814 0)
(-2.01971 -0.10585 0)
(-1.77782 -0.642665 0)
(-1.88374 -0.567363 0)
(-1.92228 -0.434489 0)
(-1.99802 -0.22643 0)
(-1.66606 0.667203 0)
(-2.06242 0.505016 0)
(-2.1144 0.089921 0)
(-1.99513 -0.175797 0)
(-1.46951 -0.0679245 0)
(-1.24315 0.281467 0)
(-1.27696 0.520214 0)
(-1.39276 0.609736 0)
(-1.63813 -0.151523 0)
(-1.48077 -0.366641 0)
(-1.31402 -0.465755 0)
(-1.14354 -0.524104 0)
(-1.3298 -0.124462 0)
(-1.41469 -0.187335 0)
(-1.42349 -0.419113 0)
(-1.41678 -0.552403 0)
(-0.980447 0.199046 0)
(-1.03992 0.0653229 0)
(-1.04472 -0.216399 0)
(-1.17725 -0.36658 0)
(-0.347902 0.147232 0)
(-0.562921 -0.0260491 0)
(-0.674165 -0.32828 0)
(-0.74563 -0.480995 0)
(0.650926 0.865937 0)
(0.459582 0.619934 0)
(0.387124 0.353099 0)
(0.137146 0.00721108 0)
(1.12143 0.950571 0)
(1.07092 0.785428 0)
(1.0535 0.510732 0)
(0.925591 0.295098 0)
(1.18024 0.848121 0)
(1.1852 0.754178 0)
(1.17863 0.549186 0)
(1.12612 0.412849 0)
(1.08474 0.80971 0)
(1.1137 0.748109 0)
(1.12362 0.597401 0)
(1.08853 0.487489 0)
(0.810468 0.677768 0)
(0.895665 0.661802 0)
(0.931992 0.554224 0)
(0.980798 0.470439 0)
(0.610699 0.530397 0)
(0.700564 0.508142 0)
(0.750123 0.424606 0)
(0.819778 0.346581 0)
(0.514304 0.393291 0)
(0.58454 0.371812 0)
(0.628614 0.316327 0)
(0.680669 0.264189 0)
(0.454429 0.298629 0)
(0.501383 0.280075 0)
(0.533192 0.243598 0)
(0.567573 0.208453 0)
(0.414504 0.234194 0)
(0.44574 0.215854 0)
(0.468727 0.190012 0)
(0.492532 0.164004 0)
(0.385074 0.190762 0)
(0.406987 0.172701 0)
(0.423744 0.152361 0)
(0.440611 0.131168 0)
(0.360012 0.156231 0)
(0.375553 0.139988 0)
(0.387477 0.122977 0)
(0.399484 0.106781 0)
(0.333434 0.132009 0)
(0.345375 0.117059 0)
(0.354229 0.102747 0)
(0.363605 0.0876239 0)
(0.308259 0.111773 0)
(0.317367 0.0989867 0)
(0.324974 0.0853382 0)
(0.332238 0.0719757 0)
(0.283939 0.0958195 0)
(0.291622 0.0836094 0)
(0.298012 0.0714329 0)
(0.304042 0.0585466 0)
(0.260848 0.0820821 0)
(0.267228 0.0707858 0)
(0.272715 0.0591151 0)
(0.277948 0.047052 0)
(0.238652 0.0704345 0)
(0.244103 0.0596668 0)
(0.248762 0.0486736 0)
(0.253291 0.0370908 0)
(0.217329 0.060505 0)
(0.221919 0.050262 0)
(0.225843 0.0397434 0)
(0.229746 0.0287157 0)
(0.196701 0.0520977 0)
(0.200558 0.0422783 0)
(0.203823 0.0322018 0)
(0.207117 0.0216391 0)
(0.176703 0.0450796 0)
(0.179897 0.0356233 0)
(0.182571 0.0259139 0)
(0.185317 0.0157903 0)
(0.157333 0.0393045 0)
(0.159908 0.0301767 0)
(0.162059 0.02079 0)
(0.164293 0.0110741 0)
(0.138525 0.0346667 0)
(0.140531 0.0258208 0)
(0.142205 0.0167399 0)
(0.143939 0.00737129 0)
(0.120255 0.0310644 0)
(0.121744 0.0224812 0)
(0.122984 0.0136878 0)
(0.124252 0.0046387 0)
(0.102508 0.0284417 0)
(0.103521 0.0200959 0)
(0.104345 0.0115606 0)
(0.105173 0.00279671 0)
(0.0852064 0.0267378 0)
(0.0858051 0.0186162 0)
(0.0862411 0.0103171 0)
(0.0866392 0.00181013 0)
(0.0684079 0.0257049 0)
(0.068589 0.017863 0)
(0.0686607 0.00982861 0)
(0.0686877 0.00157446 0)
(0.0522858 0.0260121 0)
(0.0519247 0.0181922 0)
(0.0515365 0.0102671 0)
(0.0511049 0.00220504 0)
(0.0366276 0.0267887 0)
(0.0359926 0.0191722 0)
(0.03523 0.011342 0)
(0.0343678 0.00331364 0)
(0.0214409 0.0289465 0)
(0.0208209 0.0217319 0)
(0.0200022 0.0142615 0)
(0.0189775 0.00657001 0)
(-0.0021084 0.0283018 0)
(-0.00196999 0.021679 0)
(-0.00201519 0.0147348 0)
(-0.00212054 0.00748598 0)
(0.239297 -0.361071 0)
(-0.0420975 -0.0469367 0)
(0.0171473 -0.164642 0)
(-0.073526 -0.181602 0)
(-0.0897627 -0.194531 0)
(-0.102665 -0.158198 0)
(-0.0108447 0.00931286 0)
(0.0315777 0.20396 0)
(-0.0475896 0.198575 0)
(-0.129263 0.136745 0)
(-0.0861112 0.128861 0)
(-0.0387211 0.235325 0)
(0.1685 0.490155 0)
(0.128374 0.431657 0)
(-0.11448 0.0507658 0)
(-0.332047 -0.173039 0)
(-0.350206 0.0830671 0)
(-0.308517 0.211635 0)
(-0.0732656 0.243615 0)
(-0.194991 -0.183816 0)
(-0.0956627 -0.0970038 0)
(-0.19136 -0.25778 0)
(-0.315877 -0.162758 0)
(-0.313666 -0.143385 0)
(-0.307234 -0.177124 0)
(-0.251699 -0.093273 0)
(-0.0833949 0.150874 0)
(-0.153298 0.288838 0)
(-0.187633 0.156247 0)
(-0.196457 0.096791 0)
(-0.109558 0.13525 0)
(0.0604352 0.368163 0)
(0.1162 0.46391 0)
(-0.0656184 0.172258 0)
(-0.384352 -0.127572 0)
(-0.476182 -0.247851 0)
(-0.378963 -0.35024 0)
(-0.126851 -0.435099 0)
(-0.25512 -0.358855 0)
(-0.473231 -0.130031 0)
(-0.636412 -0.05347 0)
(-0.631591 -0.183974 0)
(-0.646718 -0.22948 0)
(-0.631615 -0.224349 0)
(-0.527569 -0.167882 0)
(-0.362829 0.115979 0)
(-0.268275 0.258357 0)
(-0.300628 0.180143 0)
(-0.284887 0.0579636 0)
(-0.220296 0.044654 0)
(-0.141277 0.213208 0)
(0.0542045 0.496735 0)
(-0.0205541 0.377747 0)
(-0.111819 0.180163 0)
(-0.213132 -0.0192337 0)
(-0.276047 -0.216257 0)
(0.00349155 -0.44219 0)
(-0.650812 0.79204 0)
(-0.911088 0.876882 0)
(-1.58602 0.833957 0)
(-1.87682 0.45261 0)
(-1.34444 -0.35026 0)
(-0.975819 -0.476693 0)
(-0.810124 -0.345038 0)
(-0.593463 -0.0116215 0)
(-0.453215 0.190052 0)
(-0.389005 0.160649 0)
(-0.372511 0.0214951 0)
(-0.328276 0.000440205 0)
(-0.275486 0.135411 0)
(-0.1213 0.427377 0)
(-0.0723349 0.383716 0)
(-0.125737 0.139143 0)
(-0.0947502 -0.083727 0)
(-0.177417 -0.377485 0)
(0.0552137 -0.590252 0)
(-1.13396 0.0278379 0)
(-1.35508 0.269382 0)
(-1.81457 0.19759 0)
(-1.67516 0.157115 0)
(-1.28103 -0.684877 0)
(-1.07535 -0.797138 0)
(-0.925435 -0.559448 0)
(-0.731617 -0.11107 0)
(-0.602282 0.080394 0)
(-0.488364 0.0872953 0)
(-0.41446 -0.0064567 0)
(-0.400576 -0.0407422 0)
(-0.383364 0.0402292 0)
(-0.292477 0.304628 0)
(-0.180842 0.338005 0)
(-0.190372 0.152684 0)
(-0.0829162 -0.013398 0)
(-0.0955171 -0.395827 0)
(0.0684575 -0.603386 0)
(-2.11627 0.672031 0)
(-1.91174 1.09604 0)
(-1.61386 0.900157 0)
(-0.88169 -0.440946 0)
(-0.927566 -0.891131 0)
(-0.951517 -0.908988 0)
(-0.94594 -0.698893 0)
(-0.80634 -0.285014 0)
(-0.664264 -0.0525254 0)
(-0.549496 -0.0291767 0)
(-0.499116 -0.059487 0)
(-0.516131 -0.0597553 0)
(-0.599175 0.0839623 0)
(-0.558141 0.261839 0)
(-0.44394 0.276086 0)
(-0.350498 0.0879348 0)
(-0.0530707 -0.150532 0)
(-0.0253842 -0.472683 0)
(0.0659872 -0.598668 0)
(-2.18648 0.312763 0)
(-1.71444 0.985192 0)
(-0.68961 0.174071 0)
(-0.746133 -0.519142 0)
(-0.864949 -0.825419 0)
(-0.924457 -0.874665 0)
(-0.992701 -0.734398 0)
(-0.889898 -0.392559 0)
(-0.77071 -0.186108 0)
(-0.739061 -0.120646 0)
(-0.766439 -0.0599663 0)
(-0.852568 0.0475722 0)
(-0.873809 0.135921 0)
(-0.772216 0.193222 0)
(-0.582573 0.103311 0)
(-0.320996 -0.235775 0)
(-0.0719994 -0.330121 0)
(-0.0254901 -0.504385 0)
(0.0493618 -0.578204 0)
(-1.67131 -0.334585 0)
(-1.38182 -0.466844 0)
(-0.982454 -0.579052 0)
(-0.875423 -0.66082 0)
(-0.902451 -0.786159 0)
(-0.992025 -0.822248 0)
(-1.06498 -0.714342 0)
(-1.03441 -0.453864 0)
(-0.941732 -0.179453 0)
(-0.989294 -0.0323538 0)
(-1.04628 0.0342225 0)
(-1.01616 0.0494793 0)
(-0.909136 0.0489433 0)
(-0.72324 -0.000751677 0)
(-0.463438 -0.19306 0)
(-0.31183 -0.381135 0)
(-0.19773 -0.443925 0)
(-0.117348 -0.573464 0)
(0.00713057 -0.584377 0)
(-1.23374 0.0884153 0)
(-1.11071 -0.403911 0)
(-1.09694 -0.517302 0)
(-1.04123 -0.60548 0)
(-1.06447 -0.711594 0)
(-1.07897 -0.812219 0)
(-1.1087 -0.720004 0)
(-1.11578 -0.492692 0)
(-1.00043 -0.175892 0)
(-0.991909 -0.00133019 0)
(-0.98412 0.00713339 0)
(-0.942369 -0.023191 0)
(-0.777536 -0.10825 0)
(-0.580084 -0.235309 0)
(-0.469213 -0.296281 0)
(-0.476162 -0.401635 0)
(-0.364631 -0.502552 0)
(-0.20506 -0.66401 0)
(-0.0610324 -0.641701 0)
(-0.972841 -0.394758 0)
(-0.938359 0.239647 0)
(-0.912179 0.280024 0)
(-1.11667 0.040306 0)
(-1.31057 -0.0650121 0)
(-1.22318 -0.738947 0)
(-1.14397 -0.745899 0)
(-1.16423 -0.584931 0)
(-1.08823 -0.346653 0)
(-0.902556 -0.148686 0)
(-0.815603 -0.106629 0)
(-0.759707 -0.129967 0)
(-0.712901 -0.202268 0)
(-0.710475 -0.279704 0)
(-0.747197 -0.323196 0)
(-0.691871 -0.423502 0)
(-0.487981 -0.693077 0)
(-0.266584 -0.861466 0)
(-0.095002 -0.795242 0)
(-1.35065 -0.815884 0)
(-1.28077 -0.933788 0)
(-0.957216 -0.796362 0)
(-0.904904 -0.554763 0)
(-0.842815 -0.531014 0)
(-1.0349 -0.502129 0)
(-1.14936 -0.585228 0)
(-1.1527 -0.602931 0)
(-1.19172 -0.419485 0)
(-1.10319 -0.207213 0)
(-1.04081 -0.107768 0)
(-0.965607 -0.150208 0)
(-0.916328 -0.203225 0)
(-0.881677 -0.26354 0)
(-0.831644 -0.376173 0)
(-0.712472 -0.645274 0)
(-0.461876 -0.899943 0)
(-0.290131 -0.995753 0)
(-0.0424164 -1.01483 0)
(-1.16268 -0.598929 0)
(-1.19532 -0.731483 0)
(-0.997887 -0.780669 0)
(-0.907754 -0.751875 0)
(-0.794213 -0.723694 0)
(-0.756305 -0.740443 0)
(-0.911167 -0.383626 0)
(-1.12826 -0.243653 0)
(-1.13379 -0.423344 0)
(-1.15762 -0.293934 0)
(-1.07855 -0.209806 0)
(-0.961843 -0.218352 0)
(-0.896987 -0.263406 0)
(-0.866186 -0.350414 0)
(-0.838009 -0.534743 0)
(-0.436425 -0.544314 0)
(-0.0287189 -0.365422 0)
(-0.81965 -0.532587 0)
(-0.109353 -0.942715 0)
(-0.724513 -0.735084 0)
(-0.650333 -0.916738 0)
(-0.477845 -0.707344 0)
(-0.508398 -0.477278 0)
(-0.611213 -0.497705 0)
(-0.754839 -0.606506 0)
(-0.760554 -0.630501 0)
(-0.674191 -0.302722 0)
(-0.837198 -0.0220418 0)
(-0.977885 -0.375254 0)
(-0.936193 -0.337438 0)
(-0.893222 -0.28083 0)
(-0.857269 -0.273432 0)
(-0.851742 -0.335809 0)
(-0.714276 -0.357726 0)
(-0.372496 0.268076 0)
(-0.89418 0.28562 0)
(-0.74866 -0.543785 0)
(-0.0305013 -0.517409 0)
(0.0806746 -0.598986 0)
(-0.0896736 -1.04151 0)
(-0.199663 -0.996046 0)
(-0.0957886 -0.614101 0)
(-0.0570411 -0.378386 0)
(-0.3059 -0.398254 0)
(-0.536007 -0.502751 0)
(-0.581914 -0.528254 0)
(-0.286123 -0.248401 0)
(-0.557204 0.171217 0)
(-0.893712 -0.330326 0)
(-0.940655 -0.334776 0)
(-0.929778 -0.318378 0)
(-0.859135 -0.26479 0)
(-0.891471 -0.0101023 0)
(-1.41452 -1.57403 0)
(-1.15897 -1.53856 0)
(-0.450694 -2.20229 0)
(-0.193059 -2.3533 0)
(0.807367 -0.313512 0)
(0.494875 -0.735239 0)
(0.260003 -0.727498 0)
(0.111673 -0.66854 0)
(0.153246 -0.425495 0)
(0.157242 -0.244379 0)
(0.0595235 -0.308554 0)
(-0.0737806 -0.45969 0)
(-0.0310025 -0.439339 0)
(0.253419 -0.081401 0)
(0.598953 0.289778 0)
(-0.290503 0.352467 0)
(-0.873589 0.208175 0)
(-1.13031 0.321623 0)
(-1.08792 -0.568098 0)
(-0.933458 -1.21332 0)
(-0.801999 -1.24723 0)
(-0.508422 -2.10845 0)
(-0.325876 -2.46959 0)
(1.03499 -0.0786486 0)
(0.812804 -0.542543 0)
(0.528899 -0.684673 0)
(0.359683 -0.496758 0)
(0.270446 -0.393684 0)
(0.25145 -0.277356 0)
(0.218643 -0.240731 0)
(0.141685 -0.34995 0)
(-0.157813 -0.455184 0)
(-0.422943 -0.26354 0)
(-0.254033 0.11657 0)
(-0.372256 0.388053 0)
(-0.739497 0.291162 0)
(-0.685796 -0.100781 0)
(-0.365234 -0.66668 0)
(-0.583006 -1.00088 0)
(-0.401119 -1.51969 0)
(-0.265538 -2.3165 0)
(-0.14553 -2.80172 0)
(1.09772 0.0702124 0)
(0.944541 -0.385672 0)
(0.678917 -0.444324 0)
(0.481601 -0.427315 0)
(0.374861 -0.292234 0)
(0.308899 -0.220211 0)
(0.227004 -0.169605 0)
(0.174274 -0.0749689 0)
(-0.328887 -0.061429 0)
(-0.648247 -0.0580155 0)
(-0.635014 0.209462 0)
(-0.511835 0.331049 0)
(-0.495934 0.219044 0)
(-0.24079 -0.34431 0)
(-0.050819 -0.669661 0)
(0.0308107 -1.20792 0)
(0.276552 -1.75629 0)
(0.115206 -2.28019 0)
(-0.0152989 -2.85782 0)
(1.03551 0.111843 0)
(0.896432 -0.203827 0)
(0.698651 -0.303412 0)
(0.52965 -0.266324 0)
(0.435464 -0.239681 0)
(0.370192 -0.152176 0)
(0.331502 -0.0842552 0)
(0.270742 0.0371187 0)
(0.261193 0.205319 0)
(-0.0922883 0.0878256 0)
(-0.227172 0.0867615 0)
(-0.170775 0.223073 0)
(0.0389931 0.133352 0)
(0.363928 -0.285739 0)
(0.61684 -0.885427 0)
(0.637835 -1.27209 0)
(0.660608 -1.60686 0)
(0.357034 -1.92538 0)
(0.195911 -2.65279 0)
(0.868075 0.125248 0)
(0.782562 -0.0832458 0)
(0.647042 -0.164464 0)
(0.552712 -0.191805 0)
(0.465439 -0.160642 0)
(0.422711 -0.129057 0)
(0.416233 -0.0660288 0)
(0.42444 0.0213697 0)
(0.507422 0.171487 0)
(0.604278 0.29304 0)
(0.650537 0.260738 0)
(0.720114 0.146297 0)
(0.834055 -0.158668 0)
(1.03533 -0.661097 0)
(1.06508 -0.929236 0)
(0.908276 -1.21458 0)
(0.771807 -1.36061 0)
(0.454497 -1.66498 0)
(0.17915 -2.3318 0)
(0.710478 0.135292 0)
(0.676331 -0.00346482 0)
(0.603847 -0.0875267 0)
(0.541659 -0.116274 0)
(0.488083 -0.123416 0)
(0.463309 -0.0972883 0)
(0.452502 -0.0611259 0)
(0.484436 -0.0310632 0)
(0.548986 0.0365381 0)
(0.697347 0.0936305 0)
(0.812617 0.0717235 0)
(1.00278 -0.0362168 0)
(1.18817 -0.192103 0)
(1.23886 -0.467374 0)
(1.15751 -0.764425 0)
(0.981854 -1.01449 0)
(0.788999 -1.15523 0)
(0.462088 -1.43418 0)
(0.147286 -2.12362 0)
(0.593477 0.128119 0)
(0.59008 0.0249375 0)
(0.55131 -0.0372928 0)
(0.518281 -0.0817468 0)
(0.488527 -0.0943797 0)
(0.474071 -0.0845999 0)
(0.483182 -0.0798376 0)
(0.511525 -0.0616062 0)
(0.562071 -0.0460678 0)
(0.677408 -0.0299612 0)
(0.789312 -0.0692651 0)
(0.92159 -0.212436 0)
(0.990025 -0.34534 0)
(1.08499 -0.566547 0)
(1.07631 -0.72674 0)
(0.968956 -0.921378 0)
(0.782253 -0.982993 0)
(0.446993 -1.16954 0)
(0.203725 -1.85379 0)
(0.515971 0.108834 0)
(0.524701 0.0349088 0)
(0.50525 -0.0148078 0)
(0.495084 -0.0585355 0)
(0.474602 -0.0813268 0)
(0.476543 -0.089214 0)
(0.487563 -0.0916166 0)
(0.511953 -0.0962464 0)
(0.56971 -0.106701 0)
(0.624122 -0.138575 0)
(0.741455 -0.152111 0)
(0.805785 -0.266764 0)
(0.847337 -0.431835 0)
(0.899699 -0.556554 0)
(0.87224 -0.679768 0)
(0.799397 -0.743206 0)
(0.598882 -0.719278 0)
(0.403945 -0.934615 0)
(0.191245 -1.57781 0)
(0.459301 0.091349 0)
(0.470095 0.0371744 0)
(0.463054 -0.00764571 0)
(0.465944 -0.0473126 0)
(0.456671 -0.0790553 0)
(0.461902 -0.0949479 0)
(0.477848 -0.107829 0)
(0.498324 -0.133975 0)
(0.551803 -0.151756 0)
(0.58739 -0.18658 0)
(0.650539 -0.245381 0)
(0.737445 -0.307412 0)
(0.761736 -0.448689 0)
(0.811845 -0.552257 0)
(0.780179 -0.629232 0)
(0.690082 -0.630545 0)
(0.474885 -0.617741 0)
(0.326958 -0.832113 0)
(0.132251 -1.39123 0)
(0.413929 0.0760438 0)
(0.42709 0.032506 0)
(0.426228 -0.00970682 0)
(0.437541 -0.0465365 0)
(0.431929 -0.0815734 0)
(0.442869 -0.102747 0)
(0.456201 -0.124825 0)
(0.476884 -0.163296 0)
(0.516707 -0.188709 0)
(0.545141 -0.224866 0)
(0.597579 -0.302312 0)
(0.634483 -0.361973 0)
(0.714622 -0.49867 0)
(0.742234 -0.548602 0)
(0.714309 -0.528975 0)
(0.622588 -0.467103 0)
(0.402612 -0.436119 0)
(0.277753 -0.671548 0)
(0.107687 -1.18784 0)
(0.375911 0.0617239 0)
(0.39023 0.0253002 0)
(0.392521 -0.0146771 0)
(0.407659 -0.0494174 0)
(0.402593 -0.0848914 0)
(0.418032 -0.113064 0)
(0.428155 -0.141799 0)
(0.445837 -0.188105 0)
(0.475016 -0.216155 0)
(0.499801 -0.260861 0)
(0.535431 -0.331651 0)
(0.575209 -0.444625 0)
(0.64364 -0.543052 0)
(0.651156 -0.53591 0)
(0.63227 -0.46905 0)
(0.519413 -0.328187 0)
(0.304433 -0.288687 0)
(0.220734 -0.553236 0)
(0.0747399 -1.06362 0)
(0.342991 0.0486317 0)
(0.356265 0.015696 0)
(0.362501 -0.0217396 0)
(0.373789 -0.0553094 0)
(0.376693 -0.0900786 0)
(0.386299 -0.123623 0)
(0.397157 -0.153358 0)
(0.409417 -0.203839 0)
(0.423724 -0.238528 0)
(0.450981 -0.282004 0)
(0.469859 -0.374045 0)
(0.507666 -0.504441 0)
(0.530558 -0.558485 0)
(0.520277 -0.537349 0)
(0.494601 -0.393663 0)
(0.348048 -0.186691 0)
(0.190992 -0.165775 0)
(0.151581 -0.502304 0)
(0.0677878 -0.916991 0)
(0.313572 0.0369458 0)
(0.325513 0.00613013 0)
(0.332852 -0.0282761 0)
(0.341952 -0.0617209 0)
(0.347021 -0.095457 0)
(0.354227 -0.130771 0)
(0.361829 -0.164596 0)
(0.3734 -0.210947 0)
(0.372361 -0.252597 0)
(0.401885 -0.29851 0)
(0.400773 -0.396085 0)
(0.396491 -0.506434 0)
(0.365048 -0.546721 0)
(0.342774 -0.493198 0)
(0.28703 -0.256502 0)
(0.156978 -0.0867481 0)
(0.128592 -0.101215 0)
(0.126416 -0.462181 0)
(0.0443635 -0.84665 0)
(0.285981 0.0265614 0)
(0.296671 -0.00274409 0)
(0.303734 -0.0350229 0)
(0.311653 -0.0674569 0)
(0.316085 -0.100942 0)
(0.322958 -0.135422 0)
(0.324883 -0.17285 0)
(0.335216 -0.211243 0)
(0.328074 -0.2625 0)
(0.340814 -0.304601 0)
(0.336484 -0.37705 0)
(0.287523 -0.473204 0)
(0.234367 -0.512973 0)
(0.171342 -0.420207 0)
(0.131518 -0.175383 0)
(0.0720881 -0.0604184 0)
(0.121732 -0.103983 0)
(0.133243 -0.437719 0)
(0.0612073 -0.765943 0)
(0.260126 0.0176048 0)
(0.269268 -0.0105155 0)
(0.275598 -0.0410054 0)
(0.28206 -0.0724853 0)
(0.286128 -0.105092 0)
(0.290065 -0.138901 0)
(0.292373 -0.175579 0)
(0.293189 -0.213296 0)
(0.293626 -0.256527 0)
(0.282302 -0.302053 0)
(0.276077 -0.357582 0)
(0.228874 -0.421161 0)
(0.16278 -0.452668 0)
(0.0873294 -0.354773 0)
(0.082176 -0.154356 0)
(0.0587801 -0.0864755 0)
(0.154243 -0.14571 0)
(0.144087 -0.395134 0)
(0.0721944 -0.669208 0)
(0.235363 0.00995099 0)
(0.243148 -0.0170904 0)
(0.248521 -0.0461703 0)
(0.253574 -0.0764885 0)
(0.256718 -0.107994 0)
(0.258872 -0.140868 0)
(0.259676 -0.175897 0)
(0.257697 -0.211629 0)
(0.255699 -0.251893 0)
(0.243285 -0.289903 0)
(0.23167 -0.333555 0)
(0.196303 -0.375538 0)
(0.142146 -0.398092 0)
(0.0673801 -0.325488 0)
(0.0931704 -0.161456 0)
(0.0942322 -0.129094 0)
(0.16803 -0.1741 0)
(0.13882 -0.352096 0)
(0.0772507 -0.574038 0)
(0.211713 0.00360512 0)
(0.218079 -0.0224393 0)
(0.222433 -0.0502932 0)
(0.226193 -0.0794575 0)
(0.228273 -0.109736 0)
(0.228869 -0.141432 0)
(0.228658 -0.17488 0)
(0.224175 -0.208788 0)
(0.221617 -0.245671 0)
(0.208595 -0.279873 0)
(0.200005 -0.32092 0)
(0.179781 -0.344988 0)
(0.153088 -0.35033 0)
(0.0956041 -0.296746 0)
(0.126009 -0.193217 0)
(0.12566 -0.157209 0)
(0.154451 -0.183891 0)
(0.117831 -0.322248 0)
(0.0746188 -0.486988 0)
(0.188985 -0.00155847 0)
(0.194054 -0.026719 0)
(0.197373 -0.0533887 0)
(0.199908 -0.08141 0)
(0.200846 -0.110485 0)
(0.200423 -0.140882 0)
(0.198621 -0.172612 0)
(0.193455 -0.204827 0)
(0.190844 -0.240286 0)
(0.178345 -0.27124 0)
(0.173822 -0.31028 0)
(0.162235 -0.334008 0)
(0.164725 -0.33473 0)
(0.142088 -0.289465 0)
(0.151919 -0.193641 0)
(0.13482 -0.158147 0)
(0.127338 -0.166451 0)
(0.0897867 -0.288714 0)
(0.0652064 -0.419414 0)
(0.167107 -0.00565955 0)
(0.170948 -0.0299372 0)
(0.173271 -0.0555568 0)
(0.174643 -0.0824306 0)
(0.174664 -0.110309 0)
(0.173005 -0.139362 0)
(0.170172 -0.16957 0)
(0.164735 -0.200975 0)
(0.15956 -0.234075 0)
(0.150241 -0.264363 0)
(0.144264 -0.307408 0)
(0.146215 -0.335048 0)
(0.160446 -0.331755 0)
(0.147968 -0.278898 0)
(0.15543 -0.18305 0)
(0.120446 -0.135271 0)
(0.0998793 -0.13618 0)
(0.0776373 -0.262354 0)
(0.0614163 -0.341872 0)
(0.145998 -0.00875577 0)
(0.148752 -0.0322251 0)
(0.150122 -0.0568506 0)
(0.150492 -0.0826369 0)
(0.149494 -0.109251 0)
(0.146996 -0.137051 0)
(0.143102 -0.165614 0)
(0.136853 -0.195593 0)
(0.12949 -0.227156 0)
(0.121432 -0.259139 0)
(0.112206 -0.302785 0)
(0.105849 -0.352335 0)
(0.112268 -0.351555 0)
(0.104409 -0.279582 0)
(0.105241 -0.170959 0)
(0.0464304 -0.108109 0)
(0.0477856 -0.122977 0)
(0.0523083 -0.266156 0)
(0.0510958 -0.301565 0)
(0.125626 -0.0109053 0)
(0.127331 -0.0336053 0)
(0.12785 -0.0573029 0)
(0.127357 -0.0820137 0)
(0.125542 -0.107451 0)
(0.122243 -0.133729 0)
(0.117169 -0.160906 0)
(0.10992 -0.188663 0)
(0.0997209 -0.219556 0)
(0.0868956 -0.247737 0)
(0.0692496 -0.291685 0)
(0.0348637 -0.333605 0)
(-0.00324471 -0.330905 0)
(-0.0446735 -0.248927 0)
(-0.0189804 -0.131982 0)
(-0.060597 -0.0888348 0)
(0.02903 -0.144284 0)
(0.0424379 -0.272539 0)
(0.039038 -0.247457 0)
(0.105936 -0.0122344 0)
(0.106738 -0.0342022 0)
(0.106473 -0.0570449 0)
(0.105238 -0.0807321 0)
(0.102814 -0.105022 0)
(0.0989583 -0.129882 0)
(0.093396 -0.15532 0)
(0.0850429 -0.18041 0)
(0.0754387 -0.207594 0)
(0.056933 -0.230959 0)
(0.0360817 -0.262637 0)
(-0.0136865 -0.286638 0)
(-0.0519794 -0.289437 0)
(-0.0954462 -0.234146 0)
(-0.0657724 -0.143742 0)
(-0.07689 -0.131095 0)
(0.0412026 -0.219951 0)
(0.00819157 -0.259574 0)
(0.021245 -0.229499 0)
(0.0868391 -0.0127367 0)
(0.0867941 -0.0340466 0)
(0.0858655 -0.056107 0)
(0.0840238 -0.078856 0)
(0.0811807 -0.102056 0)
(0.0769488 -0.125544 0)
(0.0715989 -0.149158 0)
(0.062764 -0.17174 0)
(0.0548918 -0.195156 0)
(0.0346086 -0.211556 0)
(0.0197345 -0.229834 0)
(-0.0167517 -0.247104 0)
(-0.0558574 -0.252467 0)
(-0.0932708 -0.230232 0)
(-0.0513294 -0.16971 0)
(-0.0244787 -0.189179 0)
(0.0419939 -0.233705 0)
(-0.00250708 -0.244676 0)
(0.0198071 -0.22094 0)
(0.0683563 -0.0126039 0)
(0.0675437 -0.0333361 0)
(0.0660123 -0.0547259 0)
(0.063735 -0.0767541 0)
(0.0606996 -0.0990195 0)
(0.0564881 -0.121329 0)
(0.0516328 -0.143385 0)
(0.0434146 -0.163602 0)
(0.0371112 -0.183342 0)
(0.0192447 -0.196541 0)
(0.015524 -0.212487 0)
(-0.0100954 -0.226554 0)
(-0.0206814 -0.22645 0)
(-0.0550405 -0.244802 0)
(0.00349646 -0.21854 0)
(0.0160985 -0.214481 0)
(0.0458001 -0.233745 0)
(-0.00448108 -0.243924 0)
(0.0255747 -0.215967 0)
(0.050288 -0.0115446 0)
(0.0487289 -0.0318009 0)
(0.0466258 -0.0526874 0)
(0.0439675 -0.0740549 0)
(0.0406984 -0.0955827 0)
(0.0364271 -0.116861 0)
(0.0320568 -0.137536 0)
(0.0234815 -0.156022 0)
(0.0204581 -0.174686 0)
(0.0102378 -0.190504 0)
(0.0155461 -0.204305 0)
(-0.00182863 -0.22055 0)
(0.0263049 -0.215394 0)
(0.0129395 -0.248002 0)
(0.0450991 -0.236217 0)
(0.0383211 -0.226474 0)
(0.0628609 -0.224026 0)
(0.0149314 -0.223666 0)
(0.0341655 -0.202726 0)
(0.0327017 -0.0103863 0)
(0.030389 -0.0302533 0)
(0.0277438 -0.0506862 0)
(0.0248956 -0.0714242 0)
(0.0213466 -0.0921835 0)
(0.0171435 -0.11265 0)
(0.0144938 -0.133168 0)
(0.0116587 -0.152616 0)
(0.0161976 -0.171988 0)
(0.0112109 -0.18898 0)
(0.0273394 -0.200805 0)
(0.0227428 -0.229812 0)
(0.0571565 -0.231673 0)
(0.0543327 -0.25369 0)
(0.0686668 -0.240308 0)
(0.0571984 -0.23067 0)
(0.0738168 -0.215713 0)
(0.0294471 -0.213477 0)
(0.0361801 -0.17582 0)
(0.0171094 -0.00674466 0)
(0.0134204 -0.0266015 0)
(0.00959907 -0.0472054 0)
(0.006232 -0.068399 0)
(0.00454318 -0.0900332 0)
(0.00423329 -0.112079 0)
(0.00719309 -0.134428 0)
(0.00852471 -0.157458 0)
(0.0198994 -0.178143 0)
(0.0214377 -0.205033 0)
(0.0502181 -0.218844 0)
(0.0470698 -0.250566 0)
(0.0745887 -0.248998 0)
(0.0643661 -0.25503 0)
(0.0755348 -0.23952 0)
(0.0599044 -0.225315 0)
(0.0657619 -0.194085 0)
(0.01655 -0.181589 0)
(0.0276483 -0.146577 0)
(-0.00251756 -0.00528344 0)
(-0.002912 -0.0250431 0)
(-0.00285767 -0.0461158 0)
(-0.00221062 -0.068323 0)
(-0.000556163 -0.0914598 0)
(0.00177111 -0.115611 0)
(0.00704395 -0.139655 0)
(0.011055 -0.166551 0)
(0.0253662 -0.189241 0)
(0.027638 -0.219403 0)
(0.0553423 -0.233562 0)
(0.0508137 -0.256911 0)
(0.074687 -0.255042 0)
(0.0648029 -0.253632 0)
(0.0758449 -0.234105 0)
(0.0550724 -0.215461 0)
(0.0604554 -0.173855 0)
(0.0124669 -0.161926 0)
(0.0296571 -0.122444 0)
)
;

boundaryField
{
    leftWall
    {
        type            calculated;
        value           uniform (0 0 0);
    }
    rightWall
    {
        type            calculated;
        value           uniform (0 0 0);
    }
    lowerWall
    {
        type            calculated;
        value           uniform (0 0 0);
    }
    atmosphere
    {
        type            calculated;
        value           nonuniform List<vector> 
46
(
(0.000352809 0.200991 0)
(-0.00135 0.200708 0)
(-0.00398661 0.199293 0)
(-0.00609492 0.196995 0)
(-0.00845831 0.194123 0)
(-0.0104111 0.190476 0)
(-0.0121176 0.186199 0)
(-0.0135073 0.181266 0)
(-0.0145879 0.175686 0)
(-0.015373 0.169467 0)
(-0.0158413 0.162618 0)
(-0.0159866 0.155161 0)
(-0.01579 0.147116 0)
(-0.0152638 0.138483 0)
(-0.0144211 0.129248 0)
(-0.0132793 0.119465 0)
(-0.0119046 0.109131 0)
(-0.0103181 0.098273 0)
(-0.00858912 0.0869688 0)
(-0.0068334 0.0752444 0)
(-0.00510282 0.0632023 0)
(-0.00355768 0.0509209 0)
(-0.00231094 0.0382832 0)
(-0.0021084 0.0283229 0)
(-0.00196999 0.0216977 0)
(-0.00201519 0.0147497 0)
(-0.00212054 0.00749427 0)
(-0.00251756 -0.00528945 0)
(-0.002912 -0.0250646 0)
(-0.00285767 -0.0461467 0)
(-0.00221062 -0.0683637 0)
(-0.000556164 -0.0915104 0)
(0.00177111 -0.115684 0)
(0.00704395 -0.139757 0)
(0.011055 -0.166693 0)
(0.0253662 -0.189415 0)
(0.027638 -0.219607 0)
(0.0553423 -0.233773 0)
(0.0508137 -0.256965 0)
(0.074687 -0.255062 0)
(0.0648029 -0.253541 0)
(0.075845 -0.233964 0)
(0.0550724 -0.215259 0)
(0.0604554 -0.173553 0)
(0.0124669 -0.161561 0)
(0.0296571 -0.122133 0)
)
;
    }
    defaultFaces
    {
        type            empty;
    }
}


// ************************************************************************* //
