/*--------------------------------*- C++ -*----------------------------------*\
| =========                 |                                                 |
| \\      /  F ield         | OpenFOAM: The Open Source CFD Toolbox           |
|  \\    /   O peration     | Version:  2.4.0                                 |
|   \\  /    A nd           | Web:      www.OpenFOAM.org                      |
|    \\/     M anipulation  |                                                 |
\*---------------------------------------------------------------------------*/
FoamFile
{
    version     2.0;
    format      ascii;
    class       volScalarField;
    location    "0.05";
    object      alphas;
}
// * * * * * * * * * * * * * * * * * * * * * * * * * * * * * * * * * * * * * //

dimensions      [0 0 0 0 0 0 0];

internalField   nonuniform List<scalar> 
559
(
1
0.999998
0.999999
0.999998
1
1
0.999999
0.999999
3.00002
3.00002
3.00002
3.00002
3.00002
3.00002
3.00001
3.00001
3.00001
3.00001
3.00001
3.00001
3.00001
3.00001
3.00001
3.00001
3.00001
3.00001
3
3.00003
3.00003
3.00003
3.00003
3.00003
3.00002
3.00002
3.00002
3.00001
3.00001
3.00001
3.00001
3.00001
3.00001
3.00001
3.00001
3.00001
3.00001
3.00001
3.00002
3.00002
3.00002
3.00002
3.00002
3.00001
3.00001
3.00001
3.00001
3.00001
3.00001
3.00001
3.00001
3.00001
3.00001
3.00001
3.00001
3.00001
3
3.00003
3.00003
3.00003
3.00003
3.00003
3.00003
3.00002
3.00002
3.00002
3.00001
3.00001
3.00001
3.00001
3.00001
3.00001
3.00001
3.00001
3.00001
3.00002
3.00001
3.00001
3.00001
3.00001
3.00001
3.00001
3.00001
3.00001
3
3
3
3
3
3
3
3
3
3
3
3.00001
2.99996
2.99971
2.99991
3.00002
3.00002
3.00002
3.00001
3.00001
3.00001
3.00001
3.00001
3.00001
3.00001
3.00001
3.00001
3.00001
3.00001
3.00002
2.99957
2.99385
2.9963
2.99992
3.00002
3.00002
3.00002
3.00001
3.00001
3.00001
3.00001
3.00001
3.00001
3.00001
3.00001
3.00001
3.00001
3.00001
3.00001
2.88083
2.94041
2.99753
3
3.00001
3.00001
3.00001
3.00001
3.00001
3.00001
3.00001
3.00001
3.00001
3.00001
3.00001
3.00001
3.00001
3
3.00001
0.999999
1
1
1
1
1
1
1
0.999999
0.999999
0.999996
1.00079
1
0.999998
1
1.01539
0.999999
0.999997
1.00614
1.6004
1
1.00042
1.33245
2.62355
1.00002
1.04789
2.17348
2.9512
1.00044
1.31438
2.66518
2.993
1.00748
1.72363
2.86738
2.99874
1.04833
2.12756
2.94914
2.99976
1.14122
2.4044
2.97818
2.99995
1.28416
2.60306
2.99068
2.99999
1.46825
2.74818
2.99647
3
1.67705
2.84125
2.99871
3
1.89758
2.90661
2.99963
3
2.11834
2.9519
2.99994
3
2.34228
2.98321
3
3
2.59139
2.99923
3
3
2.85931
2.99999
3
3
1.87413
2.89559
2.99928
3
3
3
3
3
3
3
3
3
3
3
3
3
3
3
3
2.19563
2.96513
2.99992
3
3
3
3
3
3
3
3
3
3
3
3
3
3
3
3
2.84164
2.99908
3
3
3
3
3
3
3
3
3
3
3
3
3
3
3
3
3
2.98459
2.99998
3
3
3
3
3
3
3
3
3
3
3
3
3
3
3
3
3
2.99897
3
3
3
3
3
3
3
3
3
3
3
3
3
3
3
3
3
3
2.99989
3
3
3
3
3
3
3
3
3
3
3
3
3
3
3
3
3
3
2.99998
3
3
3
3
3
3
3
3
3
3
3
3
3
3
3
3
3
3
3
3
3
3
3
3
3
3
3
3
3
3
3
3
3
3
3
3
3
3
3
3
3
3
3
3
3
3
3
3
3
3
3
3
3
3
3
3
3
3
3
3
3
3
3
3
3
3
3
3
3
3
3
3
3
3
3
3
3
3
3
3
3
3
3
3
3
3
3
3
3
3
3
3
3
3
3
3
3
3
3
3
3
3
3
3
3
3
3
3
3
3
3
3
3
3
3
3
3
3
3
3
3
3
3
3
3
3
3
3
3
3
3
3
3
3
3
3
3
3
3
3
3
3
3
3
3
3
3
3
3
3
3
3
3
3
3
3
3
3
3
2.99999
3
3
3
3
3
3
3
3
3
3
3
3
3
3
3
3
3
3
3
3
3
3
3
3
3
3
3
3
3
3
3
3
3.00001
3
3
3
3
3
3
3
3
3
3
3
3
3
2.99999
3
)
;

boundaryField
{
    leftWall
    {
        type            zeroGradient;
    }
    rightWall
    {
        type            zeroGradient;
    }
    lowerWall
    {
        type            zeroGradient;
    }
    atmosphere
    {
        type            zeroGradient;
    }
    defaultFaces
    {
        type            empty;
    }
    procBoundary1to0
    {
        type            processor;
        value           nonuniform List<scalar> 
26
(
0.999999
0.999998
0.999999
0.999999
0.999999
1
0.999999
1
1
1
1
1
1
1
1
1
1
1
1
1
1
1
1
1
1.00005
1.01306
)
;
    }
    procBoundary1to3
    {
        type            processor;
        value           nonuniform List<scalar> 
23
(
2.98977
3.00001
3.00001
3.00001
3.00001
3.00001
3.00001
3.00001
3.00001
3.00001
3
3
3
3
3
3
3
3
3
3
3
3
3
)
;
    }
}


// ************************************************************************* //
