/*--------------------------------*- C++ -*----------------------------------*\
| =========                 |                                                 |
| \\      /  F ield         | OpenFOAM: The Open Source CFD Toolbox           |
|  \\    /   O peration     | Version:  2.4.0                                 |
|   \\  /    A nd           | Web:      www.OpenFOAM.org                      |
|    \\/     M anipulation  |                                                 |
\*---------------------------------------------------------------------------*/
FoamFile
{
    version     2.0;
    format      ascii;
    class       volScalarField;
    location    "0.05";
    object      rho;
}
// * * * * * * * * * * * * * * * * * * * * * * * * * * * * * * * * * * * * * //

dimensions      [1 -3 0 0 0 0 0];

internalField   nonuniform List<scalar> 
575
(
3.55686
1.00029
1.00002
1
1.06167
1.00032
1.00001
1
1.01861
1.00046
1
1
1.00172
1.00059
1
1
1.0002
1.00031
1
1
1.00002
1.00003
1
0.999999
1
1
0.999999
0.999999
0.999998
0.999998
0.999999
0.999999
0.999999
1
0.999999
0.999999
0.999998
0.999998
0.999999
0.999999
0.999999
1
0.999999
0.999999
0.999999
0.999999
0.999999
0.999999
0.999999
1
0.999999
0.999999
0.999999
0.999999
0.999999
0.999999
0.999999
1
0.999999
0.999999
0.999999
0.999999
0.999999
0.999999
0.999999
1
0.999999
0.999999
0.999999
0.999999
1
0.999999
1
1
1
0.999999
1
1
1
1
1
1
1
1
1
1
1
1
1
1
1
1
1
1
1
1
1
1
1
1
1
1
1
1
1
1
1
1
1
0.999999
1
1
1
1
1
1
0.999999
1
0.999999
1
1
1
1
1
1
1
1
1
1
1
1
1
1
1
1
1
0.999999
1
1
1
1
1
1
1
1
1
1
1
1
1
1
1
1
1
1
1
1
1
1
1
1
1
1
1
1
1
1
1
1
1
1
1
1
1
0.999999
1
1
1
1
1
1
1
1
1
1
1
1
1
1
1
1
1
1
1
1
0.999999
0.999999
0.999999
0.999999
0.999999
0.999999
0.999999
0.999999
1
1
1
1
1
1
1
1
1
0.999999
1
0.999999
0.999999
0.999999
0.999999
0.999999
0.999999
0.999999
0.999999
0.999999
1
1
1
1
1
1
1
1
1
1
0.999999
0.999999
0.999998
0.999998
0.999999
0.999999
0.999999
0.999999
0.999999
1
1
1
1
1
1
1
1
1
1
0.999999
0.999999
0.999998
0.999998
0.999998
0.999999
0.999999
0.999999
0.999999
1
1
1
1
1
1
1
1
1
1
0.999999
0.999998
0.999998
0.999998
0.999998
0.999998
0.999999
0.999999
0.999999
1
1
1
1
1
1
1
1
1
1
0.999999
0.999998
0.999998
0.999998
0.999998
0.999998
0.999999
0.999999
0.999999
1
1
1
1
1
1
1
1
1
1
0.999999
0.999999
0.999998
0.999998
0.999998
0.999998
0.999999
0.999999
0.999999
1
1
1
1
1
1
1
1
1
1
0.999999
0.999999
0.999998
0.999998
0.999998
0.999998
0.999999
0.999999
1
1
1
1
1
1
1
1
1
1
1
0.999999
0.999999
0.999998
0.999998
0.999998
0.999999
0.999999
0.999999
1
1
1
1
1
1
1
1
1
1
1
0.999999
0.999999
0.999999
0.999998
0.999999
0.999999
0.999999
0.999999
1
1
1
1
1
1
1
1
1
1
1
0.999999
0.999999
0.999999
0.999999
0.999999
0.999999
0.999999
1
1
1
1
1
1
1
1
1
1
1
1
0.999999
0.999999
0.999999
0.999999
0.999999
0.999999
1
1
1
1
1
1
1
1
1
1
1
1
1
0.999999
0.999999
0.999999
0.999999
0.999999
1
1
1
1
1
1
1
1
1
1
1
1
1
1
1
0.999999
0.999999
0.999999
1
1
1
1
1
1
1
1
1
1
1
1
1
1
1
1
1
0.999999
1
1
1
1
1
1
1
1
1
1
1
1
1
1
1
1
1
1
1
1
1
1
1
1
1
1
1
1
1
1
1
1
1
1
1
1
1
1
1
1
1
1
1
1
1
1
1
1
1
1
1
1
1
1
1
1
1
1
1
1
1
1
1
1
1
1
1
1
1
1
1
1
1
1
1
1
1
1
1
1
1
1
1
1
1
1
1
1
1
1
1
1
1
1
1
1
1
1
1
1
1
1
1
1
1
1
1
1
1
1
1
)
;

boundaryField
{
    leftWall
    {
        type            calculated;
        value           nonuniform 0();
    }
    rightWall
    {
        type            calculated;
        value           nonuniform List<scalar> 
25
(
0.999999
1
1
1
1
1
1
1
1
1
1
1
1
1
1
1
1
1
1
1
1
1
1
1
1
)
;
    }
    lowerWall
    {
        type            calculated;
        value           nonuniform 0();
    }
    atmosphere
    {
        type            calculated;
        value           nonuniform List<scalar> 
23
(
1
1
1
1
1
1
1
1
1
1
1
1
1
1
1
1
1
1
1
1
1
1
1
)
;
    }
    defaultFaces
    {
        type            empty;
    }
    procBoundary3to1
    {
        type            processor;
        value           nonuniform List<scalar> 
23
(
36.1001
1.00104
1.00006
1
1
1
1
1
1
1
1
1
0.999999
0.999999
0.999999
1
1
1
1
1
1
0.999998
1
)
;
    }
    procBoundary3to2
    {
        type            processor;
        value           nonuniform List<scalar> 
25
(
413.538
124.29
1.01497
1.0009
1.00007
1.00001
0.999998
0.999999
0.999999
0.999999
0.999999
0.999999
0.999999
0.999999
0.999999
1
1
1
1
1
1
1
1
1
1
)
;
    }
}


// ************************************************************************* //
