/*--------------------------------*- C++ -*----------------------------------*\
| =========                 |                                                 |
| \\      /  F ield         | OpenFOAM: The Open Source CFD Toolbox           |
|  \\    /   O peration     | Version:  2.4.0                                 |
|   \\  /    A nd           | Web:      www.OpenFOAM.org                      |
|    \\/     M anipulation  |                                                 |
\*---------------------------------------------------------------------------*/
FoamFile
{
    version     2.0;
    format      ascii;
    class       surfaceScalarField;
    location    "0.4";
    object      phi;
}
// * * * * * * * * * * * * * * * * * * * * * * * * * * * * * * * * * * * * * //

dimensions      [0 3 -1 0 0 0 0];

internalField   nonuniform List<scalar> 
4432
(
3.24659e-06
-3.24659e-06
6.54521e-06
-3.29862e-06
9.59742e-06
-3.05221e-06
1.34214e-05
-3.82396e-06
1.5863e-05
-2.44163e-06
1.96735e-05
-3.8105e-06
2.3341e-05
-3.66745e-06
2.59886e-05
-2.64765e-06
2.86678e-05
-2.67918e-06
3.20897e-05
-3.42186e-06
3.61349e-05
-4.04526e-06
3.93584e-05
-3.22349e-06
4.15809e-05
-2.22243e-06
4.28987e-05
-1.31786e-06
4.3309e-05
-4.10235e-07
4.33194e-05
-1.04633e-08
4.21117e-05
1.2077e-06
3.93307e-05
2.78102e-06
3.45528e-05
4.77794e-06
2.74838e-05
7.069e-06
1.77958e-05
9.68795e-06
7.05961e-06
1.07362e-05
7.05961e-06
3.24888e-06
-6.49547e-06
6.55247e-06
-6.60221e-06
9.61988e-06
-6.11962e-06
1.33553e-05
-7.55938e-06
1.59774e-05
-5.06371e-06
1.97104e-05
-7.54355e-06
2.32472e-05
-7.20423e-06
2.59877e-05
-5.38815e-06
2.89326e-05
-5.62406e-06
3.24041e-05
-6.89337e-06
3.62895e-05
-7.93064e-06
3.91632e-05
-6.0972e-06
4.13868e-05
-4.4461e-06
4.29356e-05
-2.86663e-06
4.40521e-05
-1.5267e-06
4.42183e-05
-1.76735e-07
4.34892e-05
1.93688e-06
4.03933e-05
5.87687e-06
3.54455e-05
9.7258e-06
2.70548e-05
1.54597e-05
1.82954e-05
1.84473e-05
9.01871e-06
2.00129e-05
1.60783e-05
3.25298e-06
-9.74845e-06
6.54039e-06
-9.88962e-06
9.66272e-06
-9.24195e-06
1.32583e-05
-1.11549e-05
1.61657e-05
-7.97114e-06
1.97035e-05
-1.10814e-05
2.30043e-05
-1.0505e-05
2.59877e-05
-8.3715e-06
2.94361e-05
-9.07248e-06
3.296e-05
-1.04173e-05
3.59933e-05
-1.0964e-05
3.8388e-05
-8.49185e-06
4.12541e-05
-7.31222e-06
4.36091e-05
-5.2216e-06
4.56045e-05
-3.5221e-06
4.59872e-05
-5.59465e-07
4.48369e-05
3.08721e-06
4.20051e-05
8.7086e-06
3.57762e-05
1.59547e-05
2.77185e-05
2.35174e-05
1.92135e-05
2.69523e-05
1.12809e-05
2.79456e-05
2.73592e-05
3.25966e-06
-1.30081e-05
6.52308e-06
-1.3153e-05
9.72848e-06
-1.24473e-05
1.31551e-05
-1.45816e-05
1.62956e-05
-1.11116e-05
1.97029e-05
-1.44887e-05
2.29167e-05
-1.37188e-05
2.59502e-05
-1.1405e-05
2.99325e-05
-1.30548e-05
3.30296e-05
-1.35144e-05
3.54464e-05
-1.33808e-05
3.81474e-05
-1.11929e-05
4.15901e-05
-1.07549e-05
4.44828e-05
-8.11433e-06
4.69583e-05
-5.99761e-06
4.81617e-05
-1.76286e-06
4.6613e-05
4.63594e-06
4.29192e-05
1.24024e-05
3.52265e-05
2.36474e-05
2.54982e-05
3.32458e-05
1.54974e-05
3.6953e-05
7.45747e-06
3.59855e-05
3.48167e-05
3.2664e-06
-1.62745e-05
6.52451e-06
-1.64111e-05
9.81411e-06
-1.5737e-05
1.30196e-05
-1.77871e-05
1.64851e-05
-1.45771e-05
1.96113e-05
-1.76149e-05
2.28149e-05
-1.69224e-05
2.64221e-05
-1.50122e-05
3.00128e-05
-1.66455e-05
3.28259e-05
-1.63275e-05
3.54348e-05
-1.59897e-05
3.85615e-05
-1.43196e-05
4.19996e-05
-1.41929e-05
4.53841e-05
-1.14989e-05
4.86898e-05
-9.30329e-06
4.92632e-05
-2.33629e-06
4.78931e-05
6.00606e-06
4.38242e-05
1.64713e-05
3.74758e-05
2.99957e-05
2.80432e-05
4.26784e-05
1.65221e-05
4.84741e-05
8.56825e-06
4.39394e-05
4.33849e-05
3.27403e-06
-1.95485e-05
6.51966e-06
-1.96568e-05
9.99625e-06
-1.92136e-05
1.27516e-05
-2.05424e-05
1.67589e-05
-1.85844e-05
1.9613e-05
-2.0469e-05
2.27125e-05
-2.0022e-05
2.6744e-05
-1.90437e-05
2.97389e-05
-1.96404e-05
3.24398e-05
-1.90284e-05
3.51197e-05
-1.86696e-05
3.79226e-05
-1.71225e-05
4.015e-05
-1.64203e-05
4.26122e-05
-1.3961e-05
4.44745e-05
-1.11656e-05
4.67203e-05
-4.58215e-06
4.70928e-05
5.63356e-06
4.14072e-05
2.21569e-05
3.62439e-05
3.51591e-05
2.96557e-05
4.92666e-05
1.92701e-05
5.88596e-05
8.5415e-06
5.4668e-05
5.19264e-05
3.19538e-06
-2.27439e-05
6.31909e-06
-2.27805e-05
9.83459e-06
-2.27291e-05
1.20154e-05
-2.27232e-05
1.60733e-05
-2.26424e-05
1.88391e-05
-2.32348e-05
2.09665e-05
-2.21494e-05
2.35146e-05
-2.15917e-05
2.56399e-05
-2.17657e-05
2.68807e-05
-2.02692e-05
2.71957e-05
-1.89845e-05
2.68303e-05
-1.67571e-05
2.51142e-05
-1.47042e-05
2.33786e-05
-1.22254e-05
2.16142e-05
-9.4012e-06
2.27816e-05
-5.74958e-06
2.84204e-05
-5.25371e-09
3.17898e-05
1.87876e-05
2.76267e-05
3.93222e-05
2.73269e-05
4.95664e-05
2.1851e-05
6.43355e-05
1.31055e-05
6.34136e-05
6.50319e-05
2.46673e-06
-2.52106e-05
4.87487e-06
-2.51886e-05
7.3276e-06
-2.51818e-05
8.73557e-06
-2.41312e-05
1.04769e-05
-2.43836e-05
1.15624e-05
-2.43203e-05
1.15958e-05
-2.21828e-05
1.18725e-05
-2.18685e-05
1.24247e-05
-2.23179e-05
1.31299e-05
-2.09744e-05
1.28266e-05
-1.86813e-05
1.36221e-05
-1.75526e-05
1.51935e-05
-1.62756e-05
1.69265e-05
-1.39584e-05
1.62431e-05
-8.71783e-06
1.5224e-05
-4.73044e-06
1.70828e-05
-1.86408e-06
2.28702e-05
1.30002e-05
2.18601e-05
4.03322e-05
1.91329e-05
5.22936e-05
2.08928e-05
6.25755e-05
1.45661e-05
6.97403e-05
7.9598e-05
-2.83902e-05
2.83902e-05
-5.46863e-05
2.62962e-05
-8.07759e-05
2.60896e-05
-9.67192e-05
1.59433e-05
-0.000101403
4.68398e-06
-9.90627e-05
-2.34049e-06
-8.59452e-05
-1.31174e-05
-6.6925e-05
-1.90203e-05
-4.81213e-05
-1.88037e-05
-2.65812e-05
-2.154e-05
-4.77413e-06
-2.18071e-05
2.94234e-05
-3.41975e-05
6.54267e-05
-3.60033e-05
9.83923e-05
-3.29656e-05
0.000112209
-1.38172e-05
0.000106914
5.29572e-06
9.31187e-05
1.3795e-05
6.22176e-05
3.09011e-05
6.22176e-05
-2.40152e-05
5.24054e-05
-4.91162e-05
5.13972e-05
-7.29234e-05
4.98967e-05
-8.27497e-05
2.57696e-05
-8.40001e-05
5.93445e-06
-7.92121e-05
-7.12852e-06
-7.26458e-05
-1.96837e-05
-6.63107e-05
-2.53554e-05
-5.19429e-05
-3.31714e-05
-2.53796e-05
-4.81034e-05
1.52679e-05
-6.24546e-05
5.02234e-05
-6.9153e-05
8.04433e-05
-6.62231e-05
0.000107691
-6.02133e-05
0.000116692
-2.28186e-05
0.000114589
7.39901e-06
0.000101671
2.67136e-05
6.88538e-05
6.37178e-05
0.000131071
-2.11189e-05
7.35243e-05
-4.2459e-05
7.27373e-05
-6.28162e-05
7.02539e-05
-6.842e-05
3.13733e-05
-6.581e-05
3.32444e-06
-5.61679e-05
-1.67706e-05
-4.95547e-05
-2.62969e-05
-4.58714e-05
-2.90387e-05
-3.58538e-05
-4.31891e-05
-1.08858e-05
-7.30714e-05
2.28185e-05
-9.61589e-05
5.75747e-05
-0.000103909
9.01259e-05
-9.87743e-05
0.00010925
-7.93377e-05
0.000118758
-3.2326e-05
0.000111141
1.5016e-05
8.81839e-05
4.96703e-05
4.50417e-05
0.00010686
0.000176113
-1.7562e-05
9.10862e-05
-3.43007e-05
8.9476e-05
-5.07344e-05
8.66876e-05
-4.63402e-05
2.69792e-05
-3.22057e-05
-1.08101e-05
-2.87898e-05
-2.01865e-05
-2.0735e-05
-3.43517e-05
-1.45762e-05
-3.51974e-05
-5.98378e-06
-5.17815e-05
1.49662e-05
-9.40213e-05
4.27178e-05
-0.000123911
7.41195e-05
-0.000135311
0.000102277
-0.000126932
0.000121711
-9.8772e-05
0.000117402
-2.80166e-05
9.56934e-05
3.67243e-05
5.81307e-05
8.7233e-05
1.70546e-05
0.000147936
0.000193168
-1.23287e-05
0.000103415
-2.17731e-05
9.89204e-05
-2.56435e-05
9.0558e-05
-1.1244e-05
1.25797e-05
-3.6209e-06
-1.84333e-05
9.75616e-06
-3.35637e-05
1.56091e-05
-4.02046e-05
1.82755e-05
-3.78638e-05
2.06323e-05
-5.41383e-05
3.46473e-05
-0.000108036
5.55984e-05
-0.000144862
8.22969e-05
-0.000162009
0.000107375
-0.000152009
0.000122356
-0.000113753
0.00011269
-1.83508e-05
7.61877e-05
7.32263e-05
3.39552e-05
0.000129466
4.81885e-06
0.000177072
0.000197987
-2.72812e-06
0.000106143
-5.15917e-06
0.000101351
6.21855e-06
7.91803e-05
1.72038e-05
1.59438e-06
2.05873e-05
-2.18171e-05
3.30497e-05
-4.60262e-05
1.08307e-05
-1.79855e-05
-1.63598e-05
-1.06732e-05
2.42605e-05
-9.47584e-05
5.02854e-05
-0.000134061
7.28891e-05
-0.000167465
9.14982e-05
-0.000180618
0.000111593
-0.000172104
0.000110548
-0.000112708
9.95877e-05
-7.39034e-06
6.03955e-05
0.000112418
2.15148e-05
0.000168346
1.72683e-06
0.00019686
0.000199713
9.86695e-06
9.62761e-05
1.11636e-05
0.000100055
2.86048e-05
6.17392e-05
3.67344e-05
-6.53531e-06
3.70952e-05
-2.21782e-05
7.57417e-06
-1.65054e-05
1.23984e-05
-2.28098e-05
1.9172e-05
-1.74466e-05
2.34116e-05
-9.89978e-05
5.38667e-05
-0.000164516
8.28582e-05
-0.000196457
9.90663e-05
-0.000196827
0.000115863
-0.000188901
9.80164e-05
-9.48617e-05
7.09366e-05
1.96894e-05
4.13563e-05
0.000141999
1.4103e-05
0.0001956
7.18929e-07
0.000210244
0.000200432
2.18303e-05
7.44458e-05
3.07706e-05
9.11145e-05
4.20465e-05
5.04632e-05
4.7419e-05
-1.19078e-05
5.12683e-05
-2.60277e-05
5.65174e-05
-2.17545e-05
8.08922e-05
-4.71846e-05
0.000105246
-4.17999e-05
9.79924e-05
-9.17446e-05
8.67505e-05
-0.000153274
9.11211e-05
-0.000200827
0.000104443
-0.000210148
0.000130902
-0.00021536
6.28764e-05
-2.68365e-05
2.54885e-05
5.70773e-05
1.78666e-05
0.000149621
4.79868e-06
0.000208668
-8.83045e-07
0.000215926
0.000199549
2.3888e-06
-2.75994e-05
4.92189e-06
-2.77217e-05
7.26346e-06
-2.75233e-05
1.00769e-05
-2.69446e-05
1.27528e-05
-2.70596e-05
1.62555e-05
-2.7823e-05
2.00664e-05
-2.59936e-05
2.60778e-05
-2.78799e-05
3.18357e-05
-2.80758e-05
3.7105e-05
-2.62437e-05
4.31117e-05
-2.46881e-05
5.03022e-05
-2.47431e-05
5.5104e-05
-2.10774e-05
5.77591e-05
-1.66135e-05
5.68978e-05
-7.85645e-06
5.24697e-05
-3.02347e-07
3.73754e-05
1.32302e-05
2.57168e-05
2.46588e-05
3.14117e-05
3.46373e-05
2.64001e-05
5.73052e-05
3.42393e-05
5.47363e-05
4.64517e-05
5.75279e-05
6.42744e-05
6.17753e-05
3.44357e-06
-3.1043e-05
7.00517e-06
-3.12833e-05
1.05667e-05
-3.10849e-05
1.44027e-05
-3.07805e-05
1.8107e-05
-3.07639e-05
2.2252e-05
-3.1968e-05
2.58867e-05
-2.96283e-05
3.0618e-05
-3.26112e-05
3.46675e-05
-3.21253e-05
3.93047e-05
-3.08809e-05
4.39537e-05
-2.9337e-05
4.60493e-05
-2.68387e-05
4.57422e-05
-2.07703e-05
4.59948e-05
-1.68662e-05
4.64205e-05
-8.28206e-06
4.86728e-05
-2.55471e-06
5.12506e-05
1.06524e-05
5.2803e-05
2.31064e-05
4.91494e-05
3.82909e-05
4.85851e-05
5.78696e-05
3.38555e-05
6.94659e-05
4.20416e-05
4.93418e-05
5.05468e-05
5.57692e-05
4.0354e-06
-3.50784e-05
8.06032e-06
-3.53082e-05
1.20033e-05
-3.50278e-05
1.59163e-05
-3.46935e-05
1.94264e-05
-3.42741e-05
2.27025e-05
-3.52441e-05
2.67578e-05
-3.36836e-05
3.14423e-05
-3.72957e-05
3.62921e-05
-3.69751e-05
4.35744e-05
-3.81632e-05
5.12827e-05
-3.70453e-05
5.75884e-05
-3.31444e-05
6.38699e-05
-2.70519e-05
6.99347e-05
-2.29309e-05
7.20174e-05
-1.03648e-05
6.97516e-05
-2.88922e-07
6.83595e-05
1.20445e-05
6.88763e-05
2.25896e-05
7.0814e-05
3.63531e-05
7.76191e-05
5.10644e-05
7.38133e-05
7.32717e-05
5.73579e-05
6.57972e-05
4.77267e-05
6.01781e-05
4.44839e-06
-3.95268e-05
8.81849e-06
-3.96783e-05
1.29413e-05
-3.91506e-05
1.67296e-05
-3.84819e-05
2.01251e-05
-3.76696e-05
2.268e-05
-3.7799e-05
2.64459e-05
-3.74494e-05
3.02011e-05
-4.10509e-05
3.60911e-05
-4.28651e-05
4.56614e-05
-4.77335e-05
5.45878e-05
-4.59717e-05
6.08621e-05
-3.94187e-05
6.49011e-05
-3.10909e-05
6.68003e-05
-2.48301e-05
7.01506e-05
-1.37151e-05
7.53135e-05
-5.4518e-06
8.23005e-05
5.05749e-06
8.53239e-05
1.95662e-05
9.16363e-05
3.00407e-05
0.000100361
4.234e-05
0.000118515
5.51178e-05
0.000117951
6.63609e-05
5.83638e-05
0.000107314
4.63314e-06
-4.41599e-05
9.10521e-06
-4.41504e-05
1.31701e-05
-4.32155e-05
1.67059e-05
-4.20176e-05
1.9431e-05
-4.03947e-05
2.10414e-05
-3.94094e-05
2.34825e-05
-3.98906e-05
2.73002e-05
-4.48686e-05
3.56552e-05
-5.12201e-05
4.69347e-05
-5.9013e-05
5.44505e-05
-5.34875e-05
6.01416e-05
-4.51097e-05
6.63229e-05
-3.72722e-05
7.11609e-05
-2.96681e-05
7.6486e-05
-1.90402e-05
8.03612e-05
-9.32701e-06
8.31501e-05
2.26859e-06
8.99654e-05
1.27509e-05
9.80326e-05
2.19735e-05
0.000111467
2.89058e-05
0.000127838
3.87466e-05
0.000150655
4.35442e-05
4.1908e-05
0.000167111
5.17255e-06
-4.93325e-05
9.84389e-06
-4.88217e-05
1.39978e-05
-4.73695e-05
1.71552e-05
-4.5175e-05
1.85591e-05
-4.17986e-05
1.73764e-05
-3.82267e-05
1.67824e-05
-3.92966e-05
2.09866e-05
-4.90728e-05
2.92318e-05
-5.94653e-05
3.74496e-05
-6.72308e-05
3.97936e-05
-5.58315e-05
3.95818e-05
-4.4898e-05
3.52583e-05
-3.29486e-05
3.1304e-05
-2.57139e-05
3.17944e-05
-1.95305e-05
3.6784e-05
-1.43166e-05
4.61232e-05
-7.07062e-06
6.04581e-05
-1.58404e-06
7.67419e-05
5.6897e-06
9.95167e-05
6.13101e-06
0.000114513
2.37508e-05
0.000136522
2.15346e-05
2.0404e-05
0.000158026
6.03629e-06
-5.53688e-05
1.12907e-05
-5.40761e-05
1.65464e-05
-5.26252e-05
2.13625e-05
-4.9991e-05
2.54018e-05
-4.58379e-05
2.47433e-05
-3.75682e-05
1.18159e-05
-2.63692e-05
1.55194e-06
-3.88088e-05
-7.37822e-06
-5.05351e-05
-1.40358e-05
-6.05732e-05
-2.44004e-05
-4.54669e-05
-3.3794e-05
-3.55043e-05
-3.76261e-05
-2.91165e-05
-3.77051e-05
-2.56349e-05
-3.40552e-05
-2.31805e-05
-2.83338e-05
-2.0038e-05
-1.85072e-05
-1.68973e-05
-1.74465e-06
-1.83465e-05
1.90836e-05
-1.51386e-05
4.5486e-05
-2.02714e-05
6.98043e-05
-5.6747e-07
9.05444e-05
7.94539e-07
-1.88977e-06
0.000112838
1.91876e-06
-5.72875e-05
4.69762e-06
-5.6855e-05
8.63977e-06
-5.65673e-05
1.38141e-05
-5.51654e-05
1.94372e-05
-5.1461e-05
2.0386e-05
-3.85169e-05
1.0818e-05
-1.68012e-05
-1.08873e-05
-1.71035e-05
-6.2414e-05
9.91639e-07
-8.32054e-05
-3.97818e-05
-7.92019e-05
-4.94705e-05
-7.2364e-05
-4.23423e-05
-6.18448e-05
-3.96357e-05
-5.43876e-05
-3.30921e-05
-4.88472e-05
-2.87208e-05
-4.43493e-05
-2.45359e-05
-3.81012e-05
-2.31454e-05
-2.8703e-05
-2.77447e-05
-1.453e-05
-2.93116e-05
2.07182e-07
-3.50085e-05
2.22151e-05
-2.25754e-05
4.55223e-05
-2.25127e-05
-2.29264e-05
6.65589e-05
-6.24954e-06
-5.1038e-05
-1.00227e-05
-5.30818e-05
-1.1098e-05
-5.5492e-05
-7.08946e-06
-5.9174e-05
5.32187e-06
-6.38724e-05
3.75168e-05
-7.07118e-05
9.06963e-05
-6.99808e-05
6.94603e-05
4.13255e-06
-1.26323e-05
8.30842e-05
-5.53242e-05
2.91004e-06
-6.38673e-05
-4.09273e-05
-6.35567e-05
-4.26529e-05
-5.52663e-05
-4.7926e-05
-4.19464e-05
-4.64119e-05
-3.02704e-05
-4.03968e-05
-2.13569e-05
-3.34494e-05
-2.23524e-05
-2.21499e-05
-1.88178e-05
-3.12793e-05
-1.01733e-05
-3.79562e-05
-3.98962e-06
-4.11922e-05
9.43542e-06
-3.60004e-05
2.50232e-05
-3.81004e-05
-3.89674e-05
4.10641e-05
-1.32579e-05
-3.778e-05
-2.32196e-05
-4.31201e-05
-3.06654e-05
-4.80462e-05
-3.54268e-05
-5.44126e-05
-3.90123e-05
-6.02869e-05
-4.38241e-05
-6.59e-05
-4.95096e-05
-6.42952e-05
-2.26689e-05
-2.27082e-05
3.73626e-05
2.30527e-05
4.10984e-05
-8.25691e-07
3.78424e-05
-3.76714e-05
5.25188e-05
-5.73293e-05
6.60256e-05
-6.14328e-05
7.6332e-05
-5.67184e-05
8.9766e-05
-5.38309e-05
9.72054e-05
-4.08888e-05
7.82628e-05
-3.20727e-06
3.89681e-05
8.01541e-06
2.39832e-05
-2.29712e-05
1.739e-05
-3.4599e-05
3.33134e-05
-5.19238e-05
3.03038e-05
-3.50909e-05
-4.68498e-05
3.81863e-05
-3.3153e-06
-3.44647e-05
-5.98523e-06
-4.04502e-05
-7.63927e-06
-4.63921e-05
-8.78893e-06
-5.32629e-05
-9.88395e-06
-5.91919e-05
-1.33565e-05
-6.24274e-05
-1.57249e-05
-6.19269e-05
-1.58934e-06
-3.68437e-05
1.30872e-05
8.37616e-06
-1.07167e-05
2.29782e-05
-1.16277e-05
-3.67604e-05
1.52909e-06
-7.04861e-05
1.26268e-05
-7.25305e-05
2.25656e-05
-6.66571e-05
2.78012e-05
-5.90666e-05
3.6447e-05
-4.95345e-05
7.19036e-05
-3.86639e-05
0.00012615
-4.62312e-05
0.000155377
-5.21979e-05
0.00017973
-5.8952e-05
0.000180212
-5.2406e-05
0.000169833
-2.4712e-05
-2.36386e-05
0.000146622
-1.33135e-06
-3.31334e-05
-2.23493e-06
-3.95466e-05
-3.79972e-06
-4.48273e-05
-6.76693e-06
-5.02957e-05
-1.12724e-05
-5.46865e-05
-1.71061e-05
-5.65936e-05
-2.42639e-05
-5.47691e-05
-1.85582e-05
-4.25494e-05
8.64104e-06
-1.88231e-05
3.8814e-05
-7.19471e-06
4.37504e-05
-4.16968e-05
3.84353e-05
-6.5171e-05
3.8297e-05
-7.23922e-05
4.4628e-05
-7.29882e-05
5.3146e-05
-6.75845e-05
5.94805e-05
-5.58691e-05
6.01683e-05
-3.93517e-05
5.02153e-05
-3.62782e-05
3.9088e-05
-4.10706e-05
2.71603e-05
-4.70243e-05
2.63985e-05
-5.16442e-05
5.55505e-05
-5.3864e-05
-5.64992e-05
8.84111e-05
2.13808e-08
-3.31548e-05
1.04146e-07
-3.96293e-05
-7.3558e-07
-4.39876e-05
-2.74649e-06
-4.82848e-05
-6.06858e-06
-5.13644e-05
-1.05631e-05
-5.20991e-05
-1.53627e-05
-4.99696e-05
-1.51268e-05
-4.27853e-05
-1.56377e-06
-3.23861e-05
1.69277e-05
-2.56862e-05
2.5433e-05
-5.02021e-05
2.45748e-05
-6.43127e-05
2.28424e-05
-7.06598e-05
2.22455e-05
-7.23913e-05
2.45791e-05
-6.99182e-05
3.19172e-05
-6.32072e-05
4.64278e-05
-5.38622e-05
5.85139e-05
-4.83643e-05
5.8382e-05
-4.09387e-05
4.78358e-05
-3.64781e-05
3.17536e-05
-3.5562e-05
1.81644e-05
-4.02748e-05
-4.07925e-05
2.45775e-06
2.40824e-06
-3.5563e-05
3.7079e-06
-4.0929e-05
3.54653e-06
-4.38262e-05
1.78066e-06
-4.65189e-05
-1.25087e-06
-4.83328e-05
-4.85937e-06
-4.84906e-05
-7.75668e-06
-4.70723e-05
-7.3308e-06
-4.32112e-05
-3.65105e-08
-3.96804e-05
1.06801e-05
-3.64028e-05
1.11564e-05
-5.06784e-05
7.42136e-06
-6.05777e-05
2.94037e-06
-6.61788e-05
-1.03734e-06
-6.84136e-05
-4.154e-06
-6.68015e-05
-7.23209e-06
-6.01291e-05
-8.27749e-06
-5.28168e-05
-8.29115e-06
-4.83506e-05
-6.19389e-06
-4.30359e-05
-3.79554e-06
-3.88765e-05
-3.89864e-06
-3.54589e-05
-5.90349e-06
-3.82699e-05
-3.8859e-05
-7.83699e-06
1.94858e-06
-3.75116e-05
3.26094e-06
-4.22414e-05
3.25586e-06
-4.38212e-05
1.82278e-06
-4.50858e-05
-8.74502e-07
-4.56355e-05
-3.90322e-06
-4.54619e-05
-6.30289e-06
-4.46726e-05
-6.23241e-06
-4.32816e-05
-3.12205e-06
-4.27908e-05
2.4518e-06
-4.19767e-05
1.42235e-06
-4.96489e-05
-4.37462e-06
-5.47807e-05
-1.10252e-05
-5.95283e-05
-1.69094e-05
-6.25293e-05
-2.16943e-05
-6.20166e-05
-2.50193e-05
-5.68041e-05
-2.68363e-05
-5.09998e-05
-2.83822e-05
-4.68047e-05
-2.98536e-05
-4.15645e-05
-3.04284e-05
-3.83017e-05
-2.90882e-05
-3.67992e-05
-2.83227e-05
-3.90354e-05
-3.8742e-05
-2.84397e-05
1.10294e-06
-3.86145e-05
1.61984e-06
-4.27583e-05
1.14692e-06
-4.33482e-05
-1.51847e-07
-4.37871e-05
-1.84971e-06
-4.39377e-05
-3.49972e-06
-4.38118e-05
-4.79458e-06
-4.33777e-05
-5.08844e-06
-4.29878e-05
-4.60743e-06
-4.32718e-05
-3.44012e-06
-4.3144e-05
-6.18402e-06
-4.6905e-05
-1.12439e-05
-4.97208e-05
-1.72845e-05
-5.34877e-05
-2.28206e-05
-5.69932e-05
-2.77613e-05
-5.70759e-05
-3.10054e-05
-5.35601e-05
-3.28804e-05
-4.91248e-05
-3.35216e-05
-4.61635e-05
-3.30716e-05
-4.20145e-05
-3.20624e-05
-3.9311e-05
-3.01647e-05
-3.86968e-05
-3.03661e-05
-3.8834e-05
-3.60898e-05
-3.30182e-05
1.99473e-07
-3.8814e-05
-1.69178e-07
-4.23896e-05
-9.9749e-07
-4.25199e-05
-1.988e-06
-4.27965e-05
-2.91879e-06
-4.30069e-05
-3.77025e-06
-4.29604e-05
-4.30057e-06
-4.28474e-05
-4.4173e-06
-4.2871e-05
-4.51013e-06
-4.31789e-05
-4.60073e-06
-4.30534e-05
-7.22679e-06
-4.4279e-05
-1.11463e-05
-4.58013e-05
-1.61883e-05
-4.84457e-05
-2.22224e-05
-5.0959e-05
-2.77904e-05
-5.15079e-05
-3.11669e-05
-5.01836e-05
-3.27531e-05
-4.75385e-05
-3.30123e-05
-4.59044e-05
-3.21056e-05
-4.29212e-05
-3.18782e-05
-3.95384e-05
-3.22371e-05
-3.83379e-05
-3.30312e-05
-3.80399e-05
-3.57573e-05
-3.33637e-05
-2.22164e-07
-3.85918e-05
-8.37312e-07
-4.17744e-05
-1.50672e-06
-4.18505e-05
-2.1364e-06
-4.21669e-05
-2.72182e-06
-4.24215e-05
-3.13423e-06
-4.2548e-05
-3.36191e-06
-4.26197e-05
-3.49502e-06
-4.27379e-05
-3.93421e-06
-4.27397e-05
-4.2896e-06
-4.2698e-05
-5.46285e-06
-4.31057e-05
-7.21936e-06
-4.40448e-05
-1.00433e-05
-4.56218e-05
-1.4459e-05
-4.65433e-05
-1.88981e-05
-4.70689e-05
-2.1727e-05
-4.73547e-05
-2.31689e-05
-4.60966e-05
-2.46722e-05
-4.44011e-05
-2.52649e-05
-4.23284e-05
-2.57903e-05
-3.9013e-05
-2.7414e-05
-3.67142e-05
-2.97013e-05
-3.57526e-05
-3.35996e-05
-3.1859e-05
-4.0528e-07
-3.81865e-05
-8.45695e-07
-4.1334e-05
-1.23105e-06
-4.14651e-05
-1.66545e-06
-4.17325e-05
-2.24664e-06
-4.18403e-05
-2.77203e-06
-4.20226e-05
-3.24352e-06
-4.21482e-05
-3.69292e-06
-4.22885e-05
-4.14225e-06
-4.22904e-05
-4.60454e-06
-4.22357e-05
-5.30895e-06
-4.24013e-05
-6.30192e-06
-4.30518e-05
-8.30664e-06
-4.36171e-05
-1.08028e-05
-4.40471e-05
-1.34186e-05
-4.4453e-05
-1.67316e-05
-4.40417e-05
-1.96049e-05
-4.32233e-05
-2.20173e-05
-4.19886e-05
-2.38837e-05
-4.0462e-05
-2.52878e-05
-3.76089e-05
-2.76231e-05
-3.43789e-05
-3.05243e-05
-3.28513e-05
-3.17543e-05
-3.23696e-05
-3.45431e-07
-3.78411e-05
-7.34686e-07
-4.09448e-05
-1.21012e-06
-4.09897e-05
-1.86754e-06
-4.1075e-05
-2.59668e-06
-4.11111e-05
-3.41929e-06
-4.12e-05
-4.24901e-06
-4.13185e-05
-5.11931e-06
-4.14182e-05
-5.89107e-06
-4.15187e-05
-6.35411e-06
-4.17727e-05
-6.73455e-06
-4.20209e-05
-7.58623e-06
-4.22001e-05
-8.9577e-06
-4.22456e-05
-1.06137e-05
-4.23911e-05
-1.28588e-05
-4.2208e-05
-1.56955e-05
-4.1205e-05
-1.83652e-05
-4.05537e-05
-2.0539e-05
-3.98147e-05
-2.24763e-05
-3.85247e-05
-2.39087e-05
-3.61765e-05
-2.54103e-05
-3.28773e-05
-2.71272e-05
-3.11345e-05
-3.03461e-05
-2.85353e-05
-3.40168e-07
-3.75009e-05
-9.01855e-07
-4.03831e-05
-1.57688e-06
-4.03147e-05
-2.26278e-06
-4.03891e-05
-2.94249e-06
-4.04314e-05
-3.6876e-06
-4.04549e-05
-4.48768e-06
-4.05184e-05
-5.3575e-06
-4.05484e-05
-6.2624e-06
-4.06138e-05
-7.14077e-06
-4.08943e-05
-8.15103e-06
-4.10106e-05
-9.33515e-06
-4.1016e-05
-1.06788e-05
-4.0902e-05
-1.21781e-05
-4.08917e-05
-1.39669e-05
-4.04192e-05
-1.56168e-05
-3.95551e-05
-1.74594e-05
-3.8711e-05
-1.9407e-05
-3.78672e-05
-2.14658e-05
-3.64659e-05
-2.33339e-05
-3.43084e-05
-2.49729e-05
-3.12383e-05
-2.61271e-05
-2.99803e-05
-2.95474e-05
-2.69258e-05
-4.95502e-07
-3.70054e-05
-1.0382e-06
-3.98404e-05
-1.55972e-06
-3.97932e-05
-2.10238e-06
-3.98465e-05
-2.68613e-06
-3.98477e-05
-3.32077e-06
-3.98202e-05
-4.04998e-06
-3.97892e-05
-4.86296e-06
-3.97354e-05
-5.71321e-06
-3.97635e-05
-6.83658e-06
-3.9771e-05
-7.98911e-06
-3.98581e-05
-9.14545e-06
-3.98597e-05
-1.05596e-05
-3.94879e-05
-1.22112e-05
-3.92401e-05
-1.3775e-05
-3.88554e-05
-1.5043e-05
-3.82871e-05
-1.63187e-05
-3.74354e-05
-1.799e-05
-3.61959e-05
-1.96349e-05
-3.48209e-05
-2.09661e-05
-3.29773e-05
-2.17826e-05
-3.04218e-05
-2.26598e-05
-2.91031e-05
-2.8534e-05
-2.36731e-05
-3.90704e-07
-3.66147e-05
-8.93468e-07
-3.93376e-05
-1.43023e-06
-3.92564e-05
-2.0235e-06
-3.92532e-05
-2.64297e-06
-3.92282e-05
-3.25679e-06
-3.92064e-05
-3.87624e-06
-3.91698e-05
-4.49443e-06
-3.91172e-05
-5.22293e-06
-3.9035e-05
-6.05496e-06
-3.89389e-05
-6.99153e-06
-3.89215e-05
-8.12334e-06
-3.87279e-05
-9.16727e-06
-3.84439e-05
-1.04265e-05
-3.79808e-05
-1.18643e-05
-3.74176e-05
-1.34038e-05
-3.67475e-05
-1.50915e-05
-3.57477e-05
-1.66962e-05
-3.45912e-05
-1.78808e-05
-3.36363e-05
-1.91534e-05
-3.17046e-05
-1.99076e-05
-2.96676e-05
-2.05215e-05
-2.84892e-05
-2.74798e-05
-2.15756e-05
-5.43724e-07
-3.6071e-05
-1.1475e-06
-3.87338e-05
-1.72945e-06
-3.86745e-05
-2.31507e-06
-3.86676e-05
-2.91548e-06
-3.86278e-05
-3.5466e-06
-3.85753e-05
-4.20349e-06
-3.85129e-05
-4.86763e-06
-3.84531e-05
-5.51922e-06
-3.83834e-05
-6.27961e-06
-3.81785e-05
-7.41258e-06
-3.77885e-05
-8.60076e-06
-3.75397e-05
-9.63407e-06
-3.74106e-05
-1.07013e-05
-3.69136e-05
-1.1825e-05
-3.6294e-05
-1.29978e-05
-3.55746e-05
-1.4055e-05
-3.46905e-05
-1.49683e-05
-3.36779e-05
-1.61526e-05
-3.2452e-05
-1.71559e-05
-3.07014e-05
-1.7812e-05
-2.90115e-05
-1.84625e-05
-2.78387e-05
-2.64391e-05
-1.95032e-05
-4.13044e-07
-3.5658e-05
-9.17269e-07
-3.82296e-05
-1.44422e-06
-3.81475e-05
-1.99275e-06
-3.81191e-05
-2.55551e-06
-3.8065e-05
-3.13593e-06
-3.79949e-05
-3.74821e-06
-3.79006e-05
-4.42033e-06
-3.7781e-05
-5.20124e-06
-3.76025e-05
-6.04072e-06
-3.73391e-05
-6.82803e-06
-3.70012e-05
-7.61622e-06
-3.67515e-05
-8.69715e-06
-3.63297e-05
-9.79027e-06
-3.58205e-05
-1.07268e-05
-3.53574e-05
-1.16619e-05
-3.46396e-05
-1.26776e-05
-3.36748e-05
-1.38865e-05
-3.2469e-05
-1.51339e-05
-3.12045e-05
-1.57768e-05
-3.00585e-05
-1.61964e-05
-2.85919e-05
-1.68984e-05
-2.71366e-05
-2.56248e-05
-1.77127e-05
-4.55207e-07
-3.52028e-05
-9.81553e-07
-3.77033e-05
-1.51899e-06
-3.76101e-05
-2.08942e-06
-3.75486e-05
-2.69897e-06
-3.74555e-05
-3.3468e-06
-3.7347e-05
-4.0177e-06
-3.72297e-05
-4.71184e-06
-3.70868e-05
-5.41683e-06
-3.68975e-05
-6.08234e-06
-3.66735e-05
-6.70013e-06
-3.63834e-05
-7.42863e-06
-3.6023e-05
-8.21277e-06
-3.55456e-05
-9.08743e-06
-3.49458e-05
-1.02664e-05
-3.41784e-05
-1.13574e-05
-3.35486e-05
-1.22061e-05
-3.28262e-05
-1.28746e-05
-3.18005e-05
-1.33986e-05
-3.06805e-05
-1.40048e-05
-2.94523e-05
-1.46681e-05
-2.79286e-05
-1.53256e-05
-2.64791e-05
-2.51329e-05
-1.58175e-05
-4.38909e-07
-3.47639e-05
-9.33924e-07
-3.72083e-05
-1.41873e-06
-3.71253e-05
-1.90028e-06
-3.70671e-05
-2.37839e-06
-3.69774e-05
-2.87055e-06
-3.68549e-05
-3.40235e-06
-3.66979e-05
-3.98476e-06
-3.65044e-05
-4.6273e-06
-3.6255e-05
-5.37652e-06
-3.59243e-05
-6.23021e-06
-3.55297e-05
-7.14429e-06
-3.51089e-05
-7.98092e-06
-3.47089e-05
-8.74286e-06
-3.41839e-05
-9.30287e-06
-3.36184e-05
-9.88313e-06
-3.29683e-05
-1.06245e-05
-3.20848e-05
-1.14009e-05
-3.10242e-05
-1.22274e-05
-2.98539e-05
-1.30009e-05
-2.86789e-05
-1.33749e-05
-2.75546e-05
-1.36495e-05
-2.62045e-05
-2.46812e-05
-1.41012e-05
-4.28877e-07
-3.4335e-05
-9.22352e-07
-3.67148e-05
-1.421e-06
-3.66266e-05
-1.94052e-06
-3.65476e-05
-2.48158e-06
-3.64363e-05
-3.0384e-06
-3.6298e-05
-3.60674e-06
-3.61296e-05
-4.18995e-06
-3.59212e-05
-4.77863e-06
-3.56663e-05
-5.33297e-06
-3.537e-05
-5.83857e-06
-3.50241e-05
-6.36656e-06
-3.45809e-05
-6.9992e-06
-3.40763e-05
-7.67503e-06
-3.3508e-05
-8.45512e-06
-3.28383e-05
-9.36334e-06
-3.20601e-05
-1.01523e-05
-3.12958e-05
-1.07523e-05
-3.04241e-05
-1.11311e-05
-2.94752e-05
-1.1422e-05
-2.8388e-05
-1.18543e-05
-2.71223e-05
-1.22395e-05
-2.58193e-05
-2.44733e-05
-1.24474e-05
-3.80014e-07
-3.3955e-05
-8.06379e-07
-3.62884e-05
-1.22979e-06
-3.62032e-05
-1.66404e-06
-3.61133e-05
-2.11522e-06
-3.59851e-05
-2.59248e-06
-3.58208e-05
-3.10372e-06
-3.56183e-05
-3.64922e-06
-3.53757e-05
-4.22593e-06
-3.50896e-05
-4.84371e-06
-3.47522e-05
-5.51173e-06
-3.43561e-05
-6.18921e-06
-3.39035e-05
-6.84485e-06
-3.34207e-05
-7.46856e-06
-3.28843e-05
-8.01937e-06
-3.22875e-05
-8.44973e-06
-3.16298e-05
-8.88035e-06
-3.08652e-05
-9.34445e-06
-2.996e-05
-9.88068e-06
-2.8939e-05
-1.03779e-05
-2.78908e-05
-1.0661e-05
-2.68391e-05
-1.08241e-05
-2.56562e-05
-2.43487e-05
-1.09487e-05
-3.78462e-07
-3.35765e-05
-8.05938e-07
-3.5861e-05
-1.23085e-06
-3.57783e-05
-1.66658e-06
-3.56776e-05
-2.11168e-06
-3.554e-05
-2.56609e-06
-3.53664e-05
-3.03034e-06
-3.51541e-05
-3.50543e-06
-3.49006e-05
-3.99159e-06
-3.46034e-05
-4.48505e-06
-3.42588e-05
-4.97732e-06
-3.38639e-05
-5.45812e-06
-3.34227e-05
-5.94992e-06
-3.29289e-05
-6.46409e-06
-3.23702e-05
-7.005e-06
-3.17466e-05
-7.58241e-06
-3.10523e-05
-8.15105e-06
-3.02965e-05
-8.62106e-06
-2.94901e-05
-8.94681e-06
-2.86132e-05
-9.18805e-06
-2.76495e-05
-9.41451e-06
-2.66127e-05
-9.55551e-06
-2.55152e-05
-2.43325e-05
-9.57177e-06
-3.29288e-07
-3.32472e-05
-6.99471e-07
-3.54908e-05
-1.06849e-06
-3.54093e-05
-1.45083e-06
-3.52953e-05
-1.84963e-06
-3.51412e-05
-2.26816e-06
-3.49479e-05
-2.70686e-06
-3.47154e-05
-3.16256e-06
-3.4445e-05
-3.62946e-06
-3.41365e-05
-4.10221e-06
-3.3786e-05
-4.5821e-06
-3.3384e-05
-5.07611e-06
-3.29287e-05
-5.57079e-06
-3.24342e-05
-6.04495e-06
-3.1896e-05
-6.49027e-06
-3.13013e-05
-6.89461e-06
-3.0648e-05
-7.25788e-06
-2.99333e-05
-7.60042e-06
-2.91475e-05
-7.91723e-06
-2.82964e-05
-8.16904e-06
-2.73977e-05
-8.32244e-06
-2.64593e-05
-8.37612e-06
-2.54615e-05
-2.43849e-05
-8.32362e-06
-3.00111e-07
-3.29471e-05
-6.40381e-07
-3.51505e-05
-9.77924e-07
-3.50717e-05
-1.32722e-06
-3.4946e-05
-1.68779e-06
-3.47807e-05
-2.06099e-06
-3.45747e-05
-2.4482e-06
-3.43282e-05
-2.85024e-06
-3.40429e-05
-3.26832e-06
-3.37185e-05
-3.69806e-06
-3.33563e-05
-4.12569e-06
-3.29563e-05
-4.54013e-06
-3.25142e-05
-4.95031e-06
-3.2024e-05
-5.36127e-06
-3.1485e-05
-5.76321e-06
-3.08994e-05
-6.14665e-06
-3.02646e-05
-6.50042e-06
-2.95795e-05
-6.80133e-06
-2.88466e-05
-7.03393e-06
-2.80638e-05
-7.19977e-06
-2.72319e-05
-7.29868e-06
-2.63604e-05
-7.30772e-06
-2.54525e-05
-2.449e-05
-7.20261e-06
-2.58912e-07
-3.26882e-05
-5.54505e-07
-3.48549e-05
-8.49446e-07
-3.47768e-05
-1.15674e-06
-3.46387e-05
-1.47661e-06
-3.44608e-05
-1.81095e-06
-3.42403e-05
-2.16112e-06
-3.3978e-05
-2.52469e-06
-3.36793e-05
-2.89729e-06
-3.33459e-05
-3.27659e-06
-3.2977e-05
-3.66189e-06
-3.2571e-05
-4.04977e-06
-3.21263e-05
-4.43078e-06
-3.1643e-05
-4.79609e-06
-3.11197e-05
-5.14169e-06
-3.05538e-05
-5.46129e-06
-2.9945e-05
-5.74659e-06
-2.92942e-05
-5.99169e-06
-2.86015e-05
-6.18652e-06
-2.7869e-05
-6.31774e-06
-2.71007e-05
-6.37393e-06
-2.63042e-05
-6.3426e-06
-2.54838e-05
-2.46295e-05
-6.20313e-06
-2.09079e-07
-3.24791e-05
-4.61517e-07
-3.46025e-05
-7.13611e-07
-3.45247e-05
-9.77744e-07
-3.43745e-05
-1.25318e-06
-3.41854e-05
-1.54247e-06
-3.3951e-05
-1.8498e-06
-3.36707e-05
-2.1742e-06
-3.3355e-05
-2.51217e-06
-3.30079e-05
-2.8584e-06
-3.26307e-05
-3.20625e-06
-3.22232e-05
-3.55008e-06
-3.17825e-05
-3.88734e-06
-3.13057e-05
-4.21308e-06
-3.0794e-05
-4.52048e-06
-3.02464e-05
-4.80272e-06
-2.96628e-05
-5.05215e-06
-2.90448e-05
-5.25898e-06
-2.83947e-05
-5.41417e-06
-2.77138e-05
-5.50925e-06
-2.70056e-05
-5.53589e-06
-2.62775e-05
-5.48127e-06
-2.55384e-05
-2.47859e-05
-5.32487e-06
-1.58447e-07
-3.23207e-05
-3.72265e-07
-3.43887e-05
-5.86567e-07
-3.43104e-05
-8.0989e-07
-3.41512e-05
-1.03933e-06
-3.39559e-05
-1.2728e-06
-3.37176e-05
-1.51129e-06
-3.34322e-05
-1.76462e-06
-3.31016e-05
-2.04314e-06
-3.27294e-05
-2.34871e-06
-3.23252e-05
-2.6746e-06
-3.18973e-05
-3.00534e-06
-3.14518e-05
-3.327e-06
-3.09841e-05
-3.63216e-06
-3.04888e-05
-3.91477e-06
-2.99637e-05
-4.16934e-06
-2.94082e-05
-4.38945e-06
-2.88247e-05
-4.56778e-06
-2.82164e-05
-4.69821e-06
-2.75834e-05
-4.77257e-06
-2.69312e-05
-4.78251e-06
-2.62676e-05
-4.71793e-06
-2.5603e-05
-2.49423e-05
-4.56152e-06
-9.83816e-08
-3.22223e-05
-2.94542e-07
-3.41925e-05
-4.88182e-07
-3.41168e-05
-6.84064e-07
-3.39553e-05
-8.80672e-07
-3.37593e-05
-1.07221e-06
-3.3526e-05
-1.25391e-06
-3.32505e-05
-1.43064e-06
-3.29249e-05
-1.61336e-06
-3.25467e-05
-1.81647e-06
-3.21221e-05
-2.05279e-06
-3.1661e-05
-2.32877e-06
-3.11758e-05
-2.6367e-06
-3.06761e-05
-2.95787e-06
-3.01677e-05
-3.26329e-06
-2.96583e-05
-3.52967e-06
-2.91418e-05
-3.74735e-06
-2.8607e-05
-3.91605e-06
-2.80477e-05
-4.03516e-06
-2.74643e-05
-4.10043e-06
-2.6866e-05
-4.10609e-06
-2.6262e-05
-4.04616e-06
-2.5663e-05
-2.50811e-05
-3.90726e-06
-5.5824e-08
-3.21665e-05
-2.73297e-07
-3.3975e-05
-4.85845e-07
-3.39042e-05
-6.87562e-07
-3.37536e-05
-8.83309e-07
-3.35636e-05
-1.07229e-06
-3.33371e-05
-1.24823e-06
-3.30746e-05
-1.40956e-06
-3.27636e-05
-1.55544e-06
-3.24008e-05
-1.69357e-06
-3.19839e-05
-1.83328e-06
-3.15213e-05
-1.98259e-06
-3.10265e-05
-2.14471e-06
-3.0514e-05
-2.32762e-06
-2.99848e-05
-2.54261e-06
-2.94434e-05
-2.78539e-06
-2.8899e-05
-3.03238e-06
-2.836e-05
-3.24717e-06
-2.78329e-05
-3.39646e-06
-2.7315e-05
-3.4756e-06
-2.67868e-05
-3.49312e-06
-2.62444e-05
-3.45283e-06
-2.57033e-05
-2.51855e-05
-3.34843e-06
-6.03265e-08
-3.21061e-05
-3.61234e-07
-3.36741e-05
-6.56457e-07
-3.3609e-05
-9.21798e-07
-3.34883e-05
-1.16378e-06
-3.33216e-05
-1.38977e-06
-3.31111e-05
-1.59512e-06
-3.28692e-05
-1.7739e-06
-3.25848e-05
-1.91656e-06
-3.22581e-05
-2.01525e-06
-3.18852e-05
-2.07727e-06
-3.14593e-05
-2.12103e-06
-3.09827e-05
-2.16448e-06
-3.04706e-05
-2.21572e-06
-2.99335e-05
-2.28012e-06
-2.9379e-05
-2.35892e-06
-2.88202e-05
-2.45247e-06
-2.82665e-05
-2.56769e-06
-2.77177e-05
-2.70192e-06
-2.71808e-05
-2.82669e-06
-2.66621e-05
-2.90519e-06
-2.61659e-05
-2.91506e-06
-2.56934e-05
-2.52334e-05
-2.86719e-06
-1.32359e-07
-3.19738e-05
-5.87953e-07
-3.32185e-05
-1.0299e-06
-3.3167e-05
-1.4284e-06
-3.30898e-05
-1.78566e-06
-3.29643e-05
-2.10439e-06
-3.27923e-05
-2.38664e-06
-3.2587e-05
-2.62217e-06
-3.23492e-05
-2.80421e-06
-3.20761e-05
-2.92235e-06
-3.17671e-05
-2.96615e-06
-3.14155e-05
-2.94064e-06
-3.10082e-05
-2.86288e-06
-3.05483e-05
-2.75112e-06
-3.00453e-05
-2.62248e-06
-2.95076e-05
-2.4985e-06
-2.89442e-05
-2.3998e-06
-2.83652e-05
-2.33265e-06
-2.77849e-05
-2.29592e-06
-2.72175e-05
-2.28559e-06
-2.66724e-05
-2.31127e-06
-2.61403e-05
-2.36456e-06
-2.56401e-05
-2.51832e-05
-2.41476e-06
-2.75832e-07
-3.1698e-05
-8.87551e-07
-3.26068e-05
-1.47782e-06
-3.25768e-05
-2.03168e-06
-3.25359e-05
-2.54028e-06
-3.24557e-05
-2.98901e-06
-3.23436e-05
-3.38024e-06
-3.21957e-05
-3.71135e-06
-3.20181e-05
-3.97703e-06
-3.18104e-05
-4.17324e-06
-3.15709e-05
-4.28949e-06
-3.12992e-05
-4.31002e-06
-3.09877e-05
-4.23404e-06
-3.06243e-05
-4.07e-06
-3.02093e-05
-3.82451e-06
-2.97531e-05
-3.51237e-06
-2.92564e-05
-3.16101e-06
-2.87166e-05
-2.80785e-06
-2.8138e-05
-2.49182e-06
-2.75336e-05
-2.24084e-06
-2.69234e-05
-2.06898e-06
-2.63121e-05
-2.0056e-06
-2.57035e-05
-2.51561e-05
-2.03269e-06
-4.19033e-07
-3.12789e-05
-1.07008e-06
-3.19558e-05
-1.70309e-06
-3.19438e-05
-2.30994e-06
-3.19291e-05
-2.88114e-06
-3.18845e-05
-3.40321e-06
-3.18216e-05
-3.86819e-06
-3.17308e-05
-4.27338e-06
-3.16129e-05
-4.61656e-06
-3.14672e-05
-4.89489e-06
-3.12925e-05
-5.10627e-06
-3.10878e-05
-5.24206e-06
-3.08519e-05
-5.2907e-06
-3.05757e-05
-5.24978e-06
-3.02502e-05
-5.11092e-06
-2.9892e-05
-4.8711e-06
-2.94962e-05
-4.53158e-06
-2.90561e-05
-4.10168e-06
-2.85679e-05
-3.60776e-06
-2.80275e-05
-3.09799e-06
-2.74332e-05
-2.62494e-06
-2.67852e-05
-2.23507e-06
-2.60934e-05
-2.53926e-05
-1.99858e-06
-4.15178e-07
-1.04865e-06
-1.67023e-06
-2.2737e-06
-2.84954e-06
-3.39246e-06
-3.89143e-06
-4.33816e-06
-4.72555e-06
-5.04732e-06
-5.29825e-06
-5.4745e-06
-5.56574e-06
-5.55601e-06
-5.4511e-06
-5.25758e-06
-4.97973e-06
-4.62404e-06
-4.20091e-06
-3.728e-06
-3.23323e-06
-2.76338e-06
-2.39088e-06
3.70757e-05
2.46996e-05
1.95531e-05
1.75226e-05
1.00615e-05
9.49156e-06
-4.44167e-06
1.45032e-05
5.96339e-05
2.08349e-05
6.28614e-05
1.42951e-05
6.26926e-05
9.66032e-06
2.36178e-06
5.58891e-05
6.47251e-05
1.62879e-05
6.7597e-05
1.14233e-05
6.93211e-05
7.93615e-06
2.49783e-06
6.91851e-05
0.000102588
2.10137e-05
9.85325e-05
1.54788e-05
9.71775e-05
9.2911e-06
5.07211e-06
9.46032e-05
0.000170997
1.71267e-05
0.000170962
1.55146e-05
0.000168801
1.14517e-05
8.544e-06
0.000165329
0.000168522
6.63043e-06
0.000177935
6.1026e-06
0.000186576
2.80985e-06
3.52378e-07
0.000194768
0.00012749
-8.02146e-06
0.000141996
-8.40301e-06
0.0001549
-1.00945e-05
-1.57976e-05
0.00017105
7.66023e-05
-1.80648e-05
8.8961e-05
-2.07618e-05
0.000100886
-2.20193e-05
-2.85618e-05
0.00011365
4.62243e-05
-2.32249e-05
5.24917e-05
-2.70292e-05
5.93452e-05
-2.88729e-05
-3.34585e-05
6.42419e-05
4.00705e-05
-2.51092e-05
4.12884e-05
-2.82471e-05
4.66897e-05
-3.42741e-05
-3.41049e-05
4.73361e-05
0.00013869
-1.71769e-05
0.000134809
-2.43666e-05
0.000129829
-2.92936e-05
-3.01504e-05
0.000125874
0.000101102
-2.98679e-05
0.000110266
-3.35307e-05
0.000116276
-3.5303e-05
-3.79764e-05
0.000124102
-3.77494e-06
-2.36351e-05
-9.69503e-06
-2.76106e-05
-1.5533e-05
-2.94651e-05
-3.25754e-05
-2.09339e-05
-1.10756e-05
-2.03965e-05
-1.66009e-05
-2.20853e-05
-2.32131e-05
-2.28529e-05
-2.49954e-05
-3.07931e-05
-3.007e-05
-1.87662e-05
-3.28349e-05
-1.93204e-05
-3.58503e-05
-1.98376e-05
-2.04566e-05
-4.0389e-05
-3.50681e-05
-1.67164e-05
-3.71639e-05
-1.72246e-05
-3.96968e-05
-1.73047e-05
-1.73669e-05
-4.27866e-05
-3.39852e-05
-1.60948e-05
-3.5355e-05
-1.58548e-05
-3.7307e-05
-1.53527e-05
-1.49578e-05
-3.97161e-05
-3.28994e-05
-1.50544e-05
-3.40686e-05
-1.46856e-05
-3.56314e-05
-1.37898e-05
-1.3318e-05
-3.72712e-05
-3.31084e-05
-1.43156e-05
-3.40447e-05
-1.37493e-05
-3.47904e-05
-1.30441e-05
-1.26057e-05
-3.55027e-05
-2.91839e-05
-1.3667e-05
-2.99437e-05
-1.29895e-05
-3.04765e-05
-1.25113e-05
-1.20591e-05
-3.10231e-05
-2.72523e-05
-1.33404e-05
-2.76516e-05
-1.25902e-05
-2.79981e-05
-1.21648e-05
-1.15598e-05
-2.84974e-05
-2.40529e-05
-1.29606e-05
-2.45104e-05
-1.21327e-05
-2.50645e-05
-1.16107e-05
-1.10014e-05
-2.56229e-05
-2.20784e-05
-1.24578e-05
-2.25273e-05
-1.16839e-05
-2.30381e-05
-1.10998e-05
-1.05572e-05
-2.34823e-05
-2.00024e-05
-1.19586e-05
-2.03537e-05
-1.13326e-05
-2.07098e-05
-1.07438e-05
-1.02433e-05
-2.10237e-05
-1.80647e-05
-1.16066e-05
-1.82674e-05
-1.11299e-05
-1.84076e-05
-1.06035e-05
-1.00732e-05
-1.85778e-05
-1.60852e-05
-1.13389e-05
-1.62823e-05
-1.09328e-05
-1.64106e-05
-1.04752e-05
-9.97983e-06
-1.65039e-05
-1.42662e-05
-1.11738e-05
-1.43731e-05
-1.08259e-05
-1.4428e-05
-1.04203e-05
-1.00027e-05
-1.44051e-05
-1.25451e-05
-1.10761e-05
-1.26072e-05
-1.07637e-05
-1.26103e-05
-1.04172e-05
-1.00356e-05
-1.25774e-05
-1.09786e-05
-1.10462e-05
-1.09821e-05
-1.07603e-05
-1.09477e-05
-1.04516e-05
-1.01209e-05
-1.08624e-05
-9.55007e-06
-1.10679e-05
-9.50878e-06
-1.08016e-05
-9.43358e-06
-1.05268e-05
-1.02395e-05
-9.31496e-06
-8.26048e-06
-1.1131e-05
-8.17691e-06
-1.08851e-05
-8.06565e-06
-1.06381e-05
-1.03881e-05
-7.91713e-06
-7.11121e-06
-1.12224e-05
-6.99642e-06
-1.09999e-05
-6.85502e-06
-1.07795e-05
-1.05624e-05
-6.68076e-06
-6.09455e-06
-1.1331e-05
-5.96025e-06
-1.11342e-05
-5.79913e-06
-1.09406e-05
-1.07528e-05
-5.60869e-06
-5.20936e-06
-1.14465e-05
-5.0664e-06
-1.12772e-05
-4.89705e-06
-1.111e-05
-1.09529e-05
-4.69698e-06
-4.44818e-06
-1.15598e-05
-4.30954e-06
-1.14158e-05
-4.1436e-06
-1.12759e-05
-1.1147e-05
-3.94948e-06
-3.80701e-06
-1.16601e-05
-3.68179e-06
-1.15411e-05
-3.53072e-06
-1.1427e-05
-1.13234e-05
-3.35436e-06
-3.27013e-06
-1.17384e-05
-3.17088e-06
-1.16403e-05
-3.04877e-06
-1.15491e-05
-1.14689e-05
-2.90331e-06
-2.82167e-06
-1.17839e-05
-2.75901e-06
-1.1703e-05
-2.67831e-06
-1.16298e-05
-1.15699e-05
-2.57732e-06
-2.42262e-06
-1.1776e-05
-2.4159e-06
-1.17097e-05
-2.39146e-06
-1.16543e-05
-1.16117e-05
-2.3497e-06
-2.05776e-06
-1.17509e-05
-2.09195e-06
-1.16755e-05
-2.12534e-06
-1.16209e-05
-1.15872e-05
-2.14984e-06
-1.94636e-06
-1.18032e-05
-1.93493e-06
-1.16869e-05
-1.95484e-06
-1.1601e-05
-1.15402e-05
-2.00183e-06
-2.26627e-06
-2.17215e-06
-2.10975e-06
-2.07625e-06
8.47122e-05
4.23683e-06
0.000135137
4.069e-05
0.000149116
3.64838e-05
0.000142495
-5.2871e-06
0.000149422
-3.29546e-05
0.000171085
-4.34175e-05
0.000186883
-6.29825e-05
0.000211047
-6.59635e-05
0.00020047
-8.1168e-05
0.00020279
-0.000155594
0.000209773
-0.000207811
0.000230293
-0.000230669
0.00023806
-0.000223127
2.44077e-05
0.000186816
3.84913e-06
7.76359e-05
-7.98519e-06
0.000161455
-1.04982e-05
0.000211181
-1.0578e-05
0.000216006
0.000188971
7.45613e-05
-1.44353e-05
0.000124198
-8.94704e-06
0.00016736
-6.67768e-06
0.000182877
-2.08044e-05
0.000178641
-2.87182e-05
0.000174795
-3.95718e-05
0.000169863
-5.80502e-05
0.000174906
-7.10066e-05
0.000197396
-0.000103658
0.000208739
-0.000166937
0.000215474
-0.000214546
0.000221336
-0.000236531
0.000167889
-0.000169679
-3.00803e-05
0.000384785
-3.54394e-05
8.29951e-05
-3.31589e-05
0.000159174
-2.03056e-05
0.000198327
-1.34274e-05
0.000209128
0.000175544
7.17214e-05
-1.69716e-05
9.16192e-05
-2.88449e-05
0.000120697
-3.57553e-05
0.000138079
-3.81869e-05
0.000146955
-3.7594e-05
0.000155722
-4.83384e-05
0.000164721
-6.70492e-05
0.000177816
-8.41019e-05
0.000196848
-0.00012269
0.000210276
-0.000180365
0.000215733
-0.000220003
0.000210458
-0.000231256
8.75765e-05
-4.67981e-05
-3.9875e-05
0.000512237
-5.28379e-05
9.5958e-05
-3.72459e-05
0.000143582
-2.44495e-05
0.000185531
-1.13261e-05
0.000196004
0.000164218
8.82998e-05
-1.06682e-05
9.11216e-05
-3.16666e-05
0.000100025
-4.46585e-05
0.000111832
-4.99942e-05
0.000125201
-5.09628e-05
0.000141168
-6.43052e-05
0.000153894
-7.97761e-05
0.000170155
-0.000100362
0.000193155
-0.00014569
0.000205512
-0.000192721
0.000206607
-0.000221099
0.000183582
-0.000208231
3.20411e-05
0.000104743
-4.59383e-05
0.000590216
-7.73802e-05
0.0001274
-4.34672e-05
0.000109669
-2.42512e-05
0.000166315
-5.883e-06
0.000177636
0.000158335
0.00015518
-5.19201e-07
0.000141024
-1.75109e-05
0.000130824
-3.44581e-05
0.00012779
-4.69605e-05
0.00013435
-5.75227e-05
0.000144964
-7.49192e-05
0.000156805
-9.16165e-05
0.000177821
-0.000121378
0.000197861
-0.00016573
0.000205986
-0.000200845
0.000199585
-0.000214698
0.000122497
-0.000131142
1.14898e-05
0.00021575
-3.83315e-05
0.000640038
-7.35216e-05
0.00016259
-4.8505e-05
8.46528e-05
-2.20005e-05
0.00013981
-5.34384e-06
0.000160979
0.000152991
0.000202031
-7.78255e-06
0.000197345
-1.28248e-05
0.000184476
-2.1589e-05
0.000170042
-3.25264e-05
0.000163943
-5.14241e-05
0.000165148
-7.61236e-05
0.000175536
-0.000102005
0.000193041
-0.000138883
0.000204275
-0.000176964
0.000199896
-0.000196467
0.000168658
-0.00018346
6.70631e-05
-2.95479e-05
1.5879e-05
0.000266934
-1.03037e-05
0.00066622
-6.26412e-05
0.000214928
-5.7741e-05
7.97526e-05
-1.3665e-05
9.57345e-05
-3.69213e-06
0.000151007
0.000149299
0.000198493
-3.52252e-05
0.000206788
-2.112e-05
0.000203966
-1.8767e-05
0.000195645
-2.42057e-05
0.000187168
-4.29469e-05
0.000185168
-7.41238e-05
0.000191906
-0.000108742
0.000202917
-0.000149894
0.000200341
-0.000174388
0.000177488
-0.000173614
9.24526e-05
-9.84241e-05
-5.46609e-06
6.83708e-05
7.90785e-06
0.00025356
4.60733e-05
0.000628055
-3.7065e-05
0.000298066
-3.63487e-05
7.90364e-05
-6.41085e-06
6.57966e-05
-3.72115e-06
0.000148317
0.000145578
0.000151533
-7.31079e-05
0.000180905
-5.04922e-05
0.000191368
-2.92303e-05
0.000193768
-2.66054e-05
0.000191922
-4.11009e-05
0.000191631
-7.38329e-05
0.00020061
-0.000117721
0.00020066
-0.000149944
0.000181302
-0.00015503
9.99354e-05
-9.22475e-05
-1.59843e-05
1.74956e-05
-4.70943e-05
9.94808e-05
1.24738e-06
0.000205218
7.52059e-05
0.000554096
2.446e-05
0.000348812
-9.56527e-06
0.000113062
-2.24812e-05
7.87125e-05
-4.4486e-06
0.000130284
0.000141129
8.79683e-05
-9.68343e-05
0.00012519
-8.77142e-05
0.000153929
-5.79693e-05
0.000170763
-4.34388e-05
0.000181913
-5.22507e-05
0.000192976
-8.48964e-05
0.000197287
-0.000122032
0.00017784
-0.000130497
8.15161e-05
-5.87065e-05
-3.46786e-05
2.39472e-05
-8.43021e-05
6.71191e-05
-7.88681e-05
9.40469e-05
-3.53345e-05
0.000161685
7.20919e-05
0.00044667
6.88445e-05
0.000352059
4.3436e-06
0.000177563
-1.73152e-05
0.000100371
-3.46632e-06
0.000116435
0.000137663
4.80262e-05
-9.75244e-05
8.02131e-05
-0.000119901
0.000108916
-8.66726e-05
0.000136813
-7.13356e-05
0.000157242
-7.26798e-05
0.000163561
-9.12148e-05
0.000132993
-9.14646e-05
3.50711e-05
-3.25752e-05
-6.03819e-05
3.67466e-05
-9.32372e-05
5.68024e-05
-9.86886e-05
7.25705e-05
-9.661e-05
9.19683e-05
-6.74817e-05
0.000132556
5.84094e-05
0.000320779
8.36664e-05
0.000326802
2.32404e-05
0.000237988
-5.6989e-06
0.000129311
1.11504e-06
0.000109622
0.000138778
0.000107914
-7.95637e-05
8.88327e-05
-0.00010082
0.000109553
-0.000107393
0.000126215
-8.79978e-05
0.000121847
-6.83115e-05
7.9545e-05
-4.89132e-05
-2.39399e-05
1.20202e-05
-9.11735e-05
3.46584e-05
-9.7227e-05
4.28001e-05
-9.7556e-05
5.71314e-05
-9.58927e-05
7.09072e-05
-9.16304e-05
8.77061e-05
-7.05682e-05
0.000111494
3.64887e-05
0.000213722
7.19595e-05
0.000291331
4.69345e-05
0.000263013
1.09848e-05
0.00016526
5.04996e-06
0.000115556
0.000143828
0.000135775
-9.12375e-05
0.000118404
-8.34482e-05
7.89782e-05
-6.79671e-05
1.38594e-05
-2.2879e-05
-7.6399e-05
2.19468e-05
-0.000128643
3.33112e-06
-0.000111896
-4.72705e-06
-9.62534e-05
1.90157e-05
-9.39603e-05
4.0507e-05
-9.01982e-05
5.33694e-05
-8.52749e-05
6.59839e-05
-7.89831e-05
8.14143e-05
-6.39377e-05
9.64488e-05
-4.24834e-06
0.000154033
4.37758e-05
0.000243307
5.08032e-05
0.000255986
2.85841e-05
0.000187479
8.1414e-06
0.000135999
0.000151969
-3.41353e-05
-7.80362e-05
-5.1645e-05
-6.59384e-05
-7.52386e-05
-4.43735e-05
-7.9997e-05
-1.81206e-05
-5.95639e-05
1.5137e-06
-5.52251e-05
-1.0077e-06
-7.39032e-05
1.39511e-05
-8.26044e-05
2.77169e-05
-8.10832e-05
3.89858e-05
-7.71745e-05
4.94607e-05
-7.30286e-05
6.1838e-05
-6.71359e-05
7.55215e-05
-5.59199e-05
8.52328e-05
-2.933e-05
0.000127443
2.09498e-05
0.000193027
4.29745e-05
0.000233961
2.00635e-05
0.000210391
9.41915e-06
0.000146643
0.000161388
-4.95637e-05
-5.92656e-05
-6.63553e-05
-4.91469e-05
-7.58908e-05
-3.4838e-05
-8.06406e-05
-1.33708e-05
-8.07454e-05
1.61855e-06
-8.57245e-05
3.97134e-06
-8.11661e-05
9.39277e-06
-7.4729e-05
2.12798e-05
-7.01852e-05
3.4442e-05
-6.63116e-05
4.55871e-05
-6.1414e-05
5.69403e-05
-5.51052e-05
6.92127e-05
-4.55646e-05
7.56923e-05
-3.13051e-05
0.000113183
8.98997e-06
0.000152732
3.71779e-05
0.000205773
7.83601e-06
0.000239732
5.99429e-06
0.000148485
0.000167383
-5.27563e-05
-4.68983e-05
-6.32929e-05
-3.86103e-05
-7.11712e-05
-2.69597e-05
-6.90324e-05
-1.55096e-05
-6.24282e-05
-4.98566e-06
-5.97295e-05
1.27262e-06
-6.34932e-05
1.31564e-05
-6.40237e-05
2.18103e-05
-6.07216e-05
3.11399e-05
-5.66592e-05
4.15246e-05
-5.07265e-05
5.10076e-05
-4.35895e-05
6.20758e-05
-3.42753e-05
6.63781e-05
-2.18909e-05
0.000100799
1.27695e-05
0.000118072
3.33318e-05
0.000185211
2.49007e-06
0.000270574
4.90863e-06
0.000146067
0.000172291
-5.11161e-05
-3.85687e-05
-5.68266e-05
-3.28997e-05
-5.968e-05
-2.41063e-05
-6.05351e-05
-1.46544e-05
-6.1005e-05
-4.51574e-06
-6.19529e-05
2.2205e-06
-5.83998e-05
9.60336e-06
-5.58382e-05
1.92487e-05
-5.22687e-05
2.75704e-05
-4.79637e-05
3.72197e-05
-4.17547e-05
4.47987e-05
-3.39312e-05
5.42522e-05
-2.45359e-05
5.69828e-05
-1.11867e-05
8.74497e-05
2.01978e-05
8.66874e-05
2.39788e-05
0.00018143
1.26001e-06
0.000293293
7.13484e-06
0.000140192
0.000179426
-4.5529e-05
-3.27559e-05
-5.04437e-05
-2.7985e-05
-5.32166e-05
-2.13334e-05
-5.34704e-05
-1.44006e-05
-5.21493e-05
-5.8368e-06
-5.09533e-05
1.02444e-06
-5.04244e-05
9.07453e-06
-4.84469e-05
1.72712e-05
-4.49473e-05
2.40708e-05
-4.04368e-05
3.27092e-05
-3.4375e-05
3.87368e-05
-2.67005e-05
4.65778e-05
-1.76824e-05
4.79646e-05
-2.83615e-06
7.26034e-05
2.56349e-05
5.82164e-05
2.09709e-05
0.000186094
5.7255e-06
0.000308538
8.39028e-06
0.000137527
0.000187816
-4.08658e-05
-2.91613e-05
-4.36103e-05
-2.52406e-05
-4.50903e-05
-1.98534e-05
-4.65979e-05
-1.28929e-05
-4.66805e-05
-5.7542e-06
-4.57446e-05
8.84902e-08
-4.41193e-05
7.44925e-06
-4.19724e-05
1.51243e-05
-3.86107e-05
2.07091e-05
-3.41332e-05
2.82316e-05
-2.86344e-05
3.3238e-05
-2.1708e-05
3.96515e-05
-1.44783e-05
4.07349e-05
1.29779e-06
5.68273e-05
2.20417e-05
3.74725e-05
1.56358e-05
0.0001925
1.21022e-05
0.000312072
8.77451e-06
0.000140855
0.000196591
-3.73947e-05
-2.72692e-05
-3.93517e-05
-2.32836e-05
-4.06232e-05
-1.85819e-05
-4.12794e-05
-1.22367e-05
-4.09509e-05
-6.08272e-06
-3.99181e-05
-9.44275e-07
-3.85465e-05
6.0777e-06
-3.62114e-05
1.27892e-05
-3.311e-05
1.76078e-05
-2.88634e-05
2.3985e-05
-2.41027e-05
2.84773e-05
-1.76871e-05
3.32359e-05
-1.24501e-05
3.54979e-05
1.22322e-06
4.3154e-05
6.34338e-06
3.23523e-05
1.4379e-05
0.000184465
3.35141e-05
0.000292937
8.87718e-06
0.000165492
0.000205468
-3.26555e-05
-2.56368e-05
-3.45621e-05
-2.13769e-05
-3.61293e-05
-1.70147e-05
-3.62899e-05
-1.20761e-05
-3.56965e-05
-6.67618e-06
-3.50853e-05
-1.5554e-06
-3.36328e-05
4.62517e-06
-3.10298e-05
1.01862e-05
-2.82945e-05
1.48724e-05
-2.43553e-05
2.00458e-05
-2.03442e-05
2.44662e-05
-1.44084e-05
2.73001e-05
-1.06703e-05
3.17599e-05
-9.00193e-07
3.33839e-05
-3.51063e-06
3.49628e-05
1.75912e-05
0.000163363
4.50958e-05
0.000265432
8.13343e-06
0.000202454
0.000213601
-3.00153e-05
-2.4119e-05
-3.12512e-05
-2.0141e-05
-3.19431e-05
-1.63228e-05
-3.17506e-05
-1.22687e-05
-3.1308e-05
-7.11873e-06
-3.07284e-05
-2.13502e-06
-2.89284e-05
2.82516e-06
-2.66631e-05
7.92097e-06
-2.40686e-05
1.2278e-05
-2.04489e-05
1.64261e-05
-1.69998e-05
2.10171e-05
-1.1526e-05
2.18263e-05
-8.49068e-06
2.87246e-05
-5.66714e-07
2.54599e-05
-3.41417e-06
3.78102e-05
2.36395e-05
0.000136309
4.4156e-05
0.000244916
1.01673e-05
0.000236443
0.000223769
-2.68157e-05
-2.29262e-05
-2.77397e-05
-1.9217e-05
-2.79512e-05
-1.61113e-05
-2.77552e-05
-1.24646e-05
-2.75076e-05
-7.36636e-06
-2.65393e-05
-3.10331e-06
-2.47288e-05
1.0146e-06
-2.29257e-05
6.11789e-06
-2.03619e-05
9.71413e-06
-1.71168e-05
1.3181e-05
-1.3998e-05
1.78982e-05
-9.03155e-06
1.68598e-05
-5.66777e-06
2.53608e-05
1.36399e-06
1.84281e-05
2.94706e-06
3.62272e-05
2.96548e-05
0.000109601
4.42944e-05
0.000230276
1.72535e-05
0.000263483
0.000241022
-2.42195e-05
-2.2189e-05
-2.44772e-05
-1.89593e-05
-2.44337e-05
-1.61548e-05
-2.42942e-05
-1.26041e-05
-2.38548e-05
-7.80577e-06
-2.27284e-05
-4.22975e-06
-2.12292e-05
-4.84534e-07
-1.94531e-05
4.34174e-06
-1.71342e-05
7.39528e-06
-1.42733e-05
1.03201e-05
-1.14526e-05
1.50774e-05
-7.05867e-06
1.24659e-05
-3.302e-06
2.16042e-05
3.57511e-06
1.1551e-05
1.12107e-05
2.85916e-05
3.52757e-05
8.55363e-05
5.66958e-05
0.000208856
2.75392e-05
0.00029264
0.000268561
-2.13962e-05
-2.18166e-05
-2.13998e-05
-1.89557e-05
-2.13834e-05
-1.61712e-05
-2.12207e-05
-1.27668e-05
-2.0441e-05
-8.5855e-06
-1.93764e-05
-5.29436e-06
-1.81079e-05
-1.75309e-06
-1.6288e-05
2.52191e-06
-1.43324e-05
5.43963e-06
-1.18835e-05
7.87121e-06
-9.45416e-06
1.26482e-05
-5.96185e-06
8.97363e-06
-2.53638e-06
1.81787e-05
3.62653e-06
5.38811e-06
1.30171e-05
1.9201e-05
3.31953e-05
6.53581e-05
5.95978e-05
0.000182454
3.55873e-05
0.000316651
0.000304149
-1.88046e-05
-2.15898e-05
-1.87497e-05
-1.90105e-05
-1.85923e-05
-1.63287e-05
-1.82457e-05
-1.31133e-05
-1.73483e-05
-9.48289e-06
-1.63082e-05
-6.33451e-06
-1.5151e-05
-2.91031e-06
-1.34364e-05
8.07378e-07
-1.18179e-05
3.82115e-06
-9.84001e-06
5.89327e-06
-7.93005e-06
1.07382e-05
-5.75379e-06
6.79737e-06
-3.38084e-06
1.58057e-05
1.05469e-06
9.52584e-07
5.77801e-06
1.44777e-05
2.00113e-05
5.11248e-05
3.56891e-05
0.000166776
6.1905e-06
0.000346149
0.000310339
-1.64404e-05
-2.16533e-05
-1.62717e-05
-1.91793e-05
-1.597e-05
-1.66303e-05
-1.5459e-05
-1.36244e-05
-1.45569e-05
-1.03849e-05
-1.3499e-05
-7.39242e-06
-1.23152e-05
-4.0942e-06
-1.07666e-05
-7.4117e-07
-9.41798e-06
2.47251e-06
-7.96956e-06
4.44486e-06
-6.68836e-06
9.45699e-06
-6.19914e-06
6.30815e-06
-5.17427e-06
1.47809e-05
-5.74673e-06
1.52504e-06
-5.93771e-06
1.46687e-05
-1.60225e-07
4.53474e-05
-1.79001e-06
0.000168406
-4.99048e-06
0.00034935
0.000305349
-1.42737e-05
-2.17847e-05
-1.40011e-05
-1.94519e-05
-1.3564e-05
-1.70674e-05
-1.29021e-05
-1.42862e-05
-1.19381e-05
-1.1349e-05
-1.08314e-05
-8.49905e-06
-9.59268e-06
-5.33295e-06
-8.14971e-06
-2.18414e-06
-6.91874e-06
1.24154e-06
-5.85612e-06
3.38224e-06
-5.21314e-06
8.81402e-06
-5.88059e-06
6.9756e-06
-6.83357e-06
1.57339e-05
-1.18483e-05
6.53979e-06
-1.61519e-05
1.89722e-05
-2.38559e-05
5.30513e-05
-2.21796e-05
0.000166729
-5.53653e-06
0.000332707
0.000299812
-1.2312e-05
-2.20502e-05
-1.19065e-05
-1.98573e-05
-1.13394e-05
-1.76346e-05
-1.0527e-05
-1.50987e-05
-9.46896e-06
-1.24071e-05
-8.27067e-06
-9.69734e-06
-6.92869e-06
-6.67494e-06
-5.51477e-06
-3.59806e-06
-4.23635e-06
-3.68799e-08
-3.2501e-06
2.39599e-06
-2.96937e-06
8.53329e-06
-3.86853e-06
7.87476e-06
-6.51185e-06
1.83772e-05
-1.34056e-05
1.34335e-05
-2.12744e-05
2.6841e-05
-3.69315e-05
6.87085e-05
-2.80574e-05
0.000157855
-4.33106e-07
0.000305082
0.000299379
-1.05122e-05
-2.24005e-05
-9.9899e-06
-2.03796e-05
-9.28909e-06
-1.83354e-05
-8.33877e-06
-1.6049e-05
-7.15412e-06
-1.35918e-05
-5.80516e-06
-1.10463e-05
-4.29369e-06
-8.18641e-06
-2.7671e-06
-5.12465e-06
-1.30448e-06
-1.4995e-06
3.15671e-08
1.05995e-06
3.95986e-07
8.16887e-06
2.40353e-07
8.0304e-06
-3.04598e-06
2.16635e-05
-9.11455e-06
1.95021e-05
-1.85998e-05
3.63263e-05
-3.41094e-05
8.4218e-05
-2.62581e-05
0.000150004
1.08089e-06
0.000277743
0.00030046
-8.87715e-06
-2.28383e-05
-8.24509e-06
-2.10117e-05
-7.41935e-06
-1.91612e-05
-6.33497e-06
-1.71334e-05
-5.0006e-06
-1.49261e-05
-3.44723e-06
-1.25997e-05
-1.70021e-06
-9.93343e-06
1.87174e-07
-7.01204e-06
2.20405e-06
-3.51638e-06
3.31308e-06
-4.90844e-08
5.55561e-06
5.92633e-06
4.84122e-06
8.7448e-06
4.38384e-06
2.21209e-05
8.45087e-07
2.30408e-05
-7.74542e-06
4.49169e-05
-1.73412e-05
9.38138e-05
-1.37679e-05
0.000146431
-2.12985e-07
0.000264188
0.000300247
-7.41052e-06
-2.33449e-05
-6.68858e-06
-2.17336e-05
-5.74856e-06
-2.01012e-05
-4.5335e-06
-1.83485e-05
-3.03425e-06
-1.64254e-05
-1.24726e-06
-1.43867e-05
8.42289e-07
-1.2023e-05
3.14962e-06
-9.31938e-06
5.70172e-06
-6.06848e-06
7.91031e-06
-2.25767e-06
1.08045e-05
3.03215e-06
1.15092e-05
8.04005e-06
1.39975e-05
1.96327e-05
1.24845e-05
2.45538e-05
1.02705e-05
4.71309e-05
1.53448e-05
8.87395e-05
1.0838e-05
0.000150937
-3.14185e-06
0.000278168
0.000297105
-6.11857e-06
-2.39071e-05
-5.32475e-06
-2.25275e-05
-4.29053e-06
-2.11354e-05
-2.9653e-06
-1.96737e-05
-1.29056e-06
-1.81002e-05
7.15588e-07
-1.63928e-05
3.11425e-06
-1.44217e-05
5.90778e-06
-1.21129e-05
9.11062e-06
-9.27132e-06
1.2522e-05
-5.66907e-06
1.63905e-05
-8.36346e-07
1.94109e-05
5.01964e-06
2.40226e-05
1.5021e-05
2.56583e-05
2.29181e-05
2.84856e-05
4.43036e-05
3.83853e-05
7.88398e-05
3.43824e-05
0.00015494
-8.68803e-06
0.000321239
0.000288417
-5.01028e-06
-2.45056e-05
-4.17278e-06
-2.3365e-05
-3.07308e-06
-2.22351e-05
-1.66317e-06
-2.10836e-05
1.25852e-07
-1.98892e-05
2.32535e-06
-1.85924e-05
5.0255e-06
-1.71218e-05
8.2941e-06
-1.53815e-05
1.2193e-05
-1.31702e-05
1.67584e-05
-1.02345e-05
2.20798e-05
-6.1577e-06
2.77045e-05
-6.05072e-07
3.45972e-05
8.12831e-06
3.97183e-05
1.77969e-05
4.53208e-05
3.87012e-05
4.76826e-05
7.64779e-05
1.30216e-05
0.000189601
-3.33839e-06
0.000337599
0.000285079
-4.0902e-06
-2.51124e-05
-3.23972e-06
-2.42155e-05
-2.11848e-06
-2.33564e-05
-6.56877e-07
-2.25452e-05
1.18088e-06
-2.1727e-05
3.50919e-06
-2.09207e-05
6.43942e-06
-2.0052e-05
1.00902e-05
-1.90323e-05
1.46579e-05
-1.77379e-05
2.03121e-05
-1.58887e-05
2.73093e-05
-1.31549e-05
3.5648e-05
-8.94373e-06
4.58007e-05
-2.02442e-06
5.64202e-05
7.17747e-06
6.9201e-05
2.59204e-05
7.23755e-05
7.33035e-05
4.42558e-05
0.000217721
2.00825e-05
0.000361772
0.000305161
-3.36115e-06
-2.57007e-05
-2.53554e-06
-2.50411e-05
-1.43679e-06
-2.44552e-05
-5.56561e-09
-2.39765e-05
1.84423e-06
-2.35768e-05
4.21045e-06
-2.32869e-05
7.22948e-06
-2.30711e-05
1.11128e-05
-2.29157e-05
1.6113e-05
-2.2738e-05
2.26261e-05
-2.24018e-05
3.11339e-05
-2.16627e-05
4.2188e-05
-1.99979e-05
5.65433e-05
-1.63797e-05
7.41329e-05
-1.04121e-05
9.81494e-05
1.90388e-06
0.000114454
5.69989e-05
0.000124013
0.000208163
5.78547e-05
0.00042793
0.000363016
-2.81786e-06
-2.62372e-05
-2.05894e-06
-2.58e-05
-1.03394e-06
-2.54802e-05
3.11255e-07
-2.53217e-05
2.07093e-06
-2.53365e-05
4.36187e-06
-2.55779e-05
7.33382e-06
-2.60431e-05
1.12175e-05
-2.67993e-05
1.63324e-05
-2.78529e-05
2.3193e-05
-2.92624e-05
3.25306e-05
-3.10003e-05
4.55548e-05
-3.30221e-05
6.37157e-05
-3.45405e-05
8.94306e-05
-3.61271e-05
0.000123782
-3.24475e-05
0.000157945
2.28364e-05
0.000188977
0.000177131
0.000103064
0.000513842
0.00046608
-2.45113e-06
-2.66894e-05
-1.80214e-06
-2.6449e-05
-9.04875e-07
-2.63775e-05
2.91586e-07
-2.65182e-05
1.87487e-06
-2.69198e-05
3.94474e-06
-2.76477e-05
6.6731e-06
-2.87714e-05
1.02673e-05
-3.03935e-05
1.50815e-05
-3.26671e-05
2.16381e-05
-3.58191e-05
3.0781e-05
-4.01431e-05
4.39347e-05
-4.61759e-05
6.36042e-05
-5.421e-05
9.40445e-05
-6.65674e-05
0.000138661
-7.70645e-05
0.00018807
-2.65721e-05
0.000228909
0.000136292
0.000145539
0.000597212
0.000611618
-2.24602e-06
-2.70207e-05
-1.7431e-06
-2.69519e-05
-1.02725e-06
-2.70933e-05
-2.80877e-08
-2.75173e-05
1.28578e-06
-2.82336e-05
3.04119e-06
-2.94031e-05
5.35648e-06
-3.10867e-05
8.41011e-06
-3.34471e-05
1.24871e-05
-3.67441e-05
1.80087e-05
-4.13407e-05
2.5732e-05
-4.78664e-05
3.69472e-05
-5.73911e-05
5.41787e-05
-7.14415e-05
8.23964e-05
-9.47851e-05
0.000128256
-0.000122924
0.000190719
-8.90351e-05
0.00023325
9.37611e-05
0.000178896
0.000651567
0.000790515
-2.17854e-06
-2.71919e-05
-1.87155e-06
-2.72589e-05
-1.38046e-06
-2.75844e-05
-6.81252e-07
-2.82165e-05
3.05068e-07
-2.922e-05
1.58729e-06
-3.06854e-05
3.2968e-06
-3.27962e-05
5.53625e-06
-3.56866e-05
8.45399e-06
-3.96618e-05
1.23058e-05
-4.51925e-05
1.74624e-05
-5.3023e-05
2.45181e-05
-6.44469e-05
3.49506e-05
-8.18739e-05
5.13176e-05
-0.000111152
7.87629e-05
-0.00015037
0.000135886
-0.000146158
0.000187633
4.20139e-05
0.000173112
0.000666087
0.000963627
-2.16059e-06
-2.71811e-05
-2.06556e-06
-2.7354e-05
-1.83475e-06
-2.78152e-05
-1.42828e-06
-2.8623e-05
-8.03968e-07
-2.98442e-05
8.06897e-08
-3.157e-05
1.19109e-06
-3.39066e-05
2.5849e-06
-3.70804e-05
4.26974e-06
-4.13466e-05
6.22188e-06
-4.71446e-05
8.3335e-06
-5.51346e-05
1.03796e-05
-6.6493e-05
1.20441e-05
-8.35385e-05
1.06118e-05
-0.00010972
1.20935e-07
-0.000139879
1.41743e-05
-0.000160211
7.98602e-06
4.82022e-05
6.65092e-05
0.000607564
0.00103014
-2.18314e-06
-2.69998e-05
-2.35181e-06
-2.71853e-05
-2.44624e-06
-2.77208e-05
-2.43577e-06
-2.86335e-05
-2.3131e-06
-2.99669e-05
-2.06427e-06
-3.18188e-05
-1.6889e-06
-3.42819e-05
-1.24128e-06
-3.7528e-05
-8.46764e-07
-4.17411e-05
-7.9773e-07
-4.71936e-05
-1.74777e-06
-5.41845e-05
-5.08429e-06
-6.31564e-05
-1.37843e-05
-7.48385e-05
-3.32821e-05
-9.0222e-05
-6.23766e-05
-0.000110784
-0.00010788
-0.000114707
-0.000102467
4.27889e-05
-3.65722e-05
0.00054167
0.000993564
-2.10026e-06
-2.22295e-06
-2.3922e-06
-2.56082e-06
-2.68911e-06
-2.77589e-06
-2.82938e-06
-2.91253e-06
-3.1458e-06
-3.81157e-06
-5.46877e-06
-9.31408e-06
-1.79576e-05
-3.66147e-05
-7.35356e-05
-0.000127369
-0.00012602
-5.66799e-05
)
;

boundaryField
{
    leftWall
    {
        type            calculated;
        value           uniform 0;
    }
    rightWall
    {
        type            calculated;
        value           uniform 0;
    }
    lowerWall
    {
        type            calculated;
        value           nonuniform List<scalar> 
62
(
1.32047e-22
-2.2463e-23
-8.34071e-23
8.55349e-23
-1.98808e-23
8.70729e-23
4.90847e-23
-1.24875e-22
-1.00169e-22
2.0537e-22
-1.58461e-22
2.04304e-22
-3.51352e-23
6.53764e-23
-5.5981e-23
7.32895e-23
2.83439e-23
1.41123e-22
1.23419e-22
-2.40756e-22
3.39356e-23
1.11101e-22
-6.45718e-23
0
0
0
0
0
0
0
0
-2.64698e-23
5.29396e-23
0
-5.29396e-23
0
0
0
0
0
0
0
0
-1.80687e-23
-2.1972e-24
-1.14022e-22
-4.24947e-22
-2.76776e-22
3.69595e-23
-3.13137e-22
1.17622e-22
2.9239e-22
1.96582e-22
-1.7005e-22
5.5191e-23
-1.10184e-22
-2.56899e-22
-1.56599e-22
-3.66704e-22
2.53415e-22
1.5551e-22
3.44107e-22
)
;
    }
    atmosphere
    {
        type            calculated;
        value           nonuniform List<scalar> 
46
(
-3.08638e-05
-3.13223e-05
-3.13222e-05
-3.13256e-05
-3.13087e-05
-3.12786e-05
-3.12318e-05
-3.11662e-05
-3.10798e-05
-3.09708e-05
-3.08369e-05
-3.06756e-05
-3.04844e-05
-3.026e-05
-2.99969e-05
-2.96897e-05
-2.93339e-05
-2.89236e-05
-2.84506e-05
-2.79061e-05
-2.72799e-05
-2.65632e-05
-2.57651e-05
-1.19278e-05
-1.1781e-05
-1.16634e-05
-1.15737e-05
-2.69758e-05
-2.70626e-05
-2.75515e-05
-2.84648e-05
-2.98386e-05
-3.1732e-05
-3.42284e-05
-3.74448e-05
-4.15078e-05
-4.65279e-05
-5.25273e-05
-5.93111e-05
-6.6195e-05
-7.15648e-05
-7.38633e-05
-6.08739e-05
4.14394e-05
0.00047233
0.000936884
)
;
    }
    defaultFaces
    {
        type            empty;
        value           nonuniform 0();
    }
}


// ************************************************************************* //
