/*--------------------------------*- C++ -*----------------------------------*\
| =========                 |                                                 |
| \\      /  F ield         | OpenFOAM: The Open Source CFD Toolbox           |
|  \\    /   O peration     | Version:  2.4.0                                 |
|   \\  /    A nd           | Web:      www.OpenFOAM.org                      |
|    \\/     M anipulation  |                                                 |
\*---------------------------------------------------------------------------*/
FoamFile
{
    version     2.0;
    format      ascii;
    class       volVectorField;
    location    "0.4";
    object      U;
}
// * * * * * * * * * * * * * * * * * * * * * * * * * * * * * * * * * * * * * //

dimensions      [0 1 -1 0 0 0 0];

internalField   nonuniform List<vector> 
2268
(
(0.0189573 -0.00876366 0)
(0.054817 -0.00888024 0)
(0.0946796 -0.00831123 0)
(0.127214 -0.0101226 0)
(0.173346 -0.00685999 0)
(0.19597 -0.010185 0)
(0.247345 -0.00969039 0)
(0.286462 -0.00755561 0)
(0.310532 -0.00673913 0)
(0.339824 -0.0100455 0)
(0.390972 -0.0102734 0)
(0.434759 -0.00826594 0)
(0.458085 -0.00623383 0)
(0.484464 -0.00449832 0)
(0.488361 -0.000218795 0)
(0.494293 0.000707518 0)
(0.488279 0.00329465 0)
(0.470538 0.00508762 0)
(0.434805 0.0150969 0)
(0.368435 0.015356 0)
(0.275609 0.0283505 0)
(0.137767 0.0288154 0)
(0.0178019 0.0119865 0)
(0.0189729 -0.0262899 0)
(0.0548024 -0.0267569 0)
(0.0951218 -0.0246005 0)
(0.126634 -0.0313247 0)
(0.173216 -0.0191594 0)
(0.197996 -0.0314759 0)
(0.246543 -0.0298791 0)
(0.285247 -0.0211027 0)
(0.31151 -0.0219977 0)
(0.344511 -0.0271662 0)
(0.394761 -0.0334087 0)
(0.432639 -0.0268998 0)
(0.456678 -0.0173663 0)
(0.480742 -0.00972755 0)
(0.493024 -0.00408216 0)
(0.502366 -0.000381754 0)
(0.501228 0.0112047 0)
(0.48498 0.026662 0)
(0.441932 0.0378807 0)
(0.38289 0.0624622 0)
(0.250775 0.0758724 0)
(0.17472 0.0879 0)
(0.0246501 0.0611441 0)
(0.0189471 -0.0439465 0)
(0.0548546 -0.0446582 0)
(0.0951524 -0.0415499 0)
(0.126345 -0.0506495 0)
(0.172725 -0.03531 0)
(0.201485 -0.0506382 0)
(0.243793 -0.0477958 0)
(0.282612 -0.0372074 0)
(0.313286 -0.0390734 0)
(0.35403 -0.0483347 0)
(0.399207 -0.053454 0)
(0.420778 -0.0390835 0)
(0.451543 -0.0314216 0)
(0.483366 -0.0206385 0)
(0.505978 -0.0119441 0)
(0.52473 -0.00299832 0)
(0.518269 0.00693739 0)
(0.501953 0.0347488 0)
(0.45322 0.0661036 0)
(0.380898 0.103176 0)
(0.268029 0.120485 0)
(0.179034 0.126432 0)
(0.0730413 0.119419 0)
(0.0189161 -0.0616016 0)
(0.0549907 -0.062403 0)
(0.0949236 -0.0585276 0)
(0.126678 -0.0699692 0)
(0.172188 -0.0509075 0)
(0.203117 -0.0693047 0)
(0.243575 -0.0651516 0)
(0.280763 -0.0531093 0)
(0.312903 -0.058383 0)
(0.36625 -0.0645252 0)
(0.390083 -0.0639112 0)
(0.415525 -0.0543814 0)
(0.45548 -0.0471583 0)
(0.485677 -0.0360344 0)
(0.520344 -0.0225541 0)
(0.546127 0.000301618 0)
(0.540846 0.0312236 0)
(0.51704 0.062635 0)
(0.456699 0.105701 0)
(0.36517 0.146918 0)
(0.233626 0.171359 0)
(0.12785 0.172674 0)
(0.036837 0.169413 0)
(0.0189552 -0.0760446 0)
(0.0550663 -0.0767555 0)
(0.0951844 -0.0730345 0)
(0.127207 -0.0840976 0)
(0.171615 -0.0661277 0)
(0.205225 -0.0832964 0)
(0.242165 -0.0781665 0)
(0.279943 -0.0645193 0)
(0.322 -0.0762047 0)
(0.363183 -0.0732932 0)
(0.385495 -0.0726358 0)
(0.422238 -0.0599869 0)
(0.45999 -0.0656646 0)
(0.494395 -0.0541771 0)
(0.533621 -0.0503435 0)
(0.56326 -0.0258047 0)
(0.558253 0.0123853 0)
(0.528562 0.0782305 0)
(0.468253 0.162639 0)
(0.402278 0.218127 0)
(0.257939 0.233194 0)
(0.127691 0.212617 0)
(0.0605056 0.207433 0)
(0.019057 -0.102119 0)
(0.05507 -0.103383 0)
(0.0956673 -0.100575 0)
(0.129373 -0.113985 0)
(0.166196 -0.0983077 0)
(0.213364 -0.117389 0)
(0.236402 -0.118775 0)
(0.284174 -0.114347 0)
(0.325604 -0.12492 0)
(0.355936 -0.128144 0)
(0.383966 -0.128223 0)
(0.424638 -0.122821 0)
(0.448991 -0.117999 0)
(0.47642 -0.102669 0)
(0.508419 -0.0800193 0)
(0.517619 -0.0224095 0)
(0.546966 0.0274798 0)
(0.524418 0.0704824 0)
(0.467543 0.142677 0)
(0.390419 0.24265 0)
(0.304331 0.286803 0)
(0.148009 0.270877 0)
(0.0368375 0.26751 0)
(0.018613 -0.133629 0)
(0.0536052 -0.133415 0)
(0.0928701 -0.131093 0)
(0.127196 -0.130713 0)
(0.153459 -0.124485 0)
(0.207724 -0.12318 0)
(0.225322 -0.112917 0)
(0.256053 -0.101256 0)
(0.281645 -0.085902 0)
(0.30711 -0.059433 0)
(0.31417 -0.0289254 0)
(0.313879 0.00814509 0)
(0.302004 0.0388047 0)
(0.282579 0.054847 0)
(0.260084 0.0553958 0)
(0.239233 0.0686226 0)
(0.284693 0.143341 0)
(0.32162 0.307902 0)
(0.351843 0.259287 0)
(0.348825 0.261218 0)
(0.303676 0.329506 0)
(0.2111 0.307115 0)
(0.0732307 0.298208 0)
(0.0140108 -0.0584473 0)
(0.0418024 -0.0572105 0)
(0.0681053 -0.0554101 0)
(0.0958155 -0.0472929 0)
(0.104362 -0.0459681 0)
(0.128452 -0.0438112 0)
(0.134266 -0.0364616 0)
(0.12967 -0.0382894 0)
(0.140217 -0.056522 0)
(0.147996 -0.0777489 0)
(0.150928 -0.10439 0)
(0.150431 -0.125644 0)
(0.16547 -0.140358 0)
(0.18415 -0.138345 0)
(0.19171 -0.118108 0)
(0.179617 -0.101682 0)
(0.17095 -0.129089 0)
(0.235997 -0.0425277 0)
(0.224059 0.257921 0)
(0.214882 0.30972 0)
(0.264285 0.35482 0)
(0.230239 0.371485 0)
(0.0862567 0.406882 0)
(-0.177383 0.120627 0)
(-0.494927 0.101995 0)
(-0.823467 0.0603474 0)
(-1.05064 0.0213605 0)
(-1.14596 -0.0158403 0)
(-1.17356 -0.0404186 0)
(-1.10157 -0.140111 0)
(-0.865156 -0.222241 0)
(-0.663938 -0.299419 0)
(-0.392887 -0.347888 0)
(-0.174699 -0.204828 0)
(0.108729 -0.179948 0)
(0.520032 -0.224628 0)
(0.924446 -0.209239 0)
(1.23601 -0.159308 0)
(1.27605 -0.153081 0)
(1.18552 -0.128094 0)
(0.94065 -0.0976814 0)
(0.607639 -0.00437015 0)
(-0.132429 0.179096 0)
(-0.439984 0.164192 0)
(-0.75321 0.182798 0)
(-0.910267 0.131979 0)
(-0.959745 0.0544459 0)
(-0.960195 0.00849901 0)
(-0.864562 -0.0146819 0)
(-0.772742 -0.0072681 0)
(-0.732995 0.0664388 0)
(-0.508886 0.0971019 0)
(-0.0371159 -0.0628412 0)
(0.431138 -0.25387 0)
(0.717932 -0.213151 0)
(1.06157 -0.182197 0)
(1.30532 -0.00783331 0)
(1.34444 0.144261 0)
(1.27281 0.183127 0)
(1.06079 0.269586 0)
(0.636083 0.434925 0)
(-0.104068 0.290816 0)
(-0.397458 0.307463 0)
(-0.649924 0.303688 0)
(-0.766199 0.107124 0)
(-0.776264 -0.00334678 0)
(-0.696875 -0.0582451 0)
(-0.611497 -0.137761 0)
(-0.515045 -0.183374 0)
(-0.542699 -0.312171 0)
(-0.256658 -0.44705 0)
(0.0424152 -0.405198 0)
(0.499299 -0.328634 0)
(0.875891 -0.457342 0)
(1.13081 -0.427799 0)
(1.31293 -0.204152 0)
(1.33427 -0.0521788 0)
(1.23171 0.103423 0)
(0.824271 0.437228 0)
(0.285696 0.881498 0)
(-0.0924135 0.413686 0)
(-0.317776 0.393282 0)
(-0.544747 0.348519 0)
(-0.583909 0.168179 0)
(-0.415708 0.043666 0)
(-0.346328 -0.140183 0)
(-0.317268 -0.174325 0)
(-0.188207 -0.165616 0)
(-0.141304 -0.177159 0)
(0.0226747 -0.325945 0)
(0.354399 -0.561734 0)
(0.668741 -0.57484 0)
(1.04316 -0.464848 0)
(1.25046 -0.362048 0)
(1.40563 -0.151124 0)
(1.30163 0.140321 0)
(0.991691 0.404936 0)
(0.368464 0.66389 0)
(0.0531827 0.936416 0)
(-0.0616373 0.458039 0)
(-0.212118 0.462145 0)
(-0.35686 0.447945 0)
(-0.184528 0.12483 0)
(-0.0896269 -0.183908 0)
(0.0118646 -0.174218 0)
(0.163029 -0.177502 0)
(0.143301 -0.236402 0)
(0.192217 -0.379351 0)
(0.34522 -0.580258 0)
(0.513437 -0.649013 0)
(0.775965 -0.745767 0)
(1.10776 -0.692704 0)
(1.25826 -0.510849 0)
(1.42488 -0.0674033 0)
(1.20258 0.323659 0)
(0.652085 0.541232 0)
(0.122865 0.780234 0)
(-0.00129365 0.947776 0)
(-0.0198515 0.513999 0)
(-0.0363083 0.475278 0)
(-0.115061 0.430265 0)
(0.234501 -0.0387901 0)
(0.197852 -0.0584991 0)
(0.264081 0.136282 0)
(0.443056 0.154433 0)
(-0.0828863 0.299599 0)
(-0.589085 0.455467 0)
(0.533993 -0.61675 0)
(0.762644 -0.769789 0)
(0.893741 -0.829986 0)
(1.19216 -0.770599 0)
(1.2462 -0.561583 0)
(1.28649 -0.0823073 0)
(1.04007 0.422582 0)
(0.444484 0.700912 0)
(0.028316 0.917332 0)
(0.0114831 0.955628 0)
(0.0395611 0.494832 0)
(0.170645 0.500786 0)
(0.0480044 0.37416 0)
(0.424293 0.0388516 0)
(0.465225 -0.0841852 0)
(0.150261 -0.405478 0)
(-0.0134993 -0.320287 0)
(0.394842 -0.328633 0)
(-0.154297 -0.800799 0)
(0.512008 -0.612443 0)
(0.884732 -0.918014 0)
(1.02995 -0.939134 0)
(1.19921 -0.919265 0)
(1.28376 -0.644854 0)
(1.01364 -0.074011 0)
(0.728066 0.576269 0)
(0.297027 0.878995 0)
(0.00179746 1.00164 0)
(0.0184986 0.991708 0)
(0.155768 0.478476 0)
(0.307292 0.483248 0)
(0.342002 0.237193 0)
(0.54624 -0.080463 0)
(0.572624 -0.0245959 0)
(0.593262 0.12656 0)
(0.729026 0.00435537 0)
(1.15142 0.0190521 0)
(1.06677 -0.259776 0)
(1.01458 -0.701581 0)
(1.04036 -0.949694 0)
(1.10469 -0.988689 0)
(1.20224 -1.0109 0)
(1.38758 -0.213286 0)
(0.335365 0.288983 0)
(0.359984 0.763815 0)
(0.10998 1.00602 0)
(-0.0153844 1.034 0)
(0.00722838 0.968841 0)
(0.0062149 -0.179347 0)
(0.0197915 -0.181728 0)
(0.0315934 -0.184827 0)
(0.0486153 -0.187816 0)
(0.0577959 -0.195623 0)
(0.0797309 -0.206721 0)
(0.0977287 -0.203864 0)
(0.119784 -0.212113 0)
(0.158171 -0.207873 0)
(0.184435 -0.184689 0)
(0.214552 -0.153796 0)
(0.248019 -0.111596 0)
(0.282381 -0.0639573 0)
(0.303568 -0.0199702 0)
(0.311346 0.0459903 0)
(0.302132 0.0956423 0)
(0.266563 0.219 0)
(0.130318 0.253742 0)
(0.169769 0.235965 0)
(0.112874 0.411049 0)
(0.159224 0.352796 0)
(0.241113 0.3616 0)
(0.267899 0.414005 0)
(0.00924936 -0.165997 0)
(0.0278554 -0.165428 0)
(0.046881 -0.160941 0)
(0.0671704 -0.152825 0)
(0.0869868 -0.147168 0)
(0.108069 -0.144064 0)
(0.130075 -0.122663 0)
(0.148217 -0.130479 0)
(0.178348 -0.127532 0)
(0.195865 -0.117856 0)
(0.221018 -0.112042 0)
(0.245645 -0.119651 0)
(0.245471 -0.11984 0)
(0.252186 -0.116602 0)
(0.24674 -0.100209 0)
(0.256419 -0.0882617 0)
(0.261577 -0.0409675 0)
(0.293769 0.0506847 0)
(0.27256 0.149661 0)
(0.278918 0.288455 0)
(0.190159 0.37141 0)
(0.216088 0.302541 0)
(0.264265 0.330884 0)
(0.0108868 -0.161604 0)
(0.0323852 -0.163454 0)
(0.0538079 -0.163142 0)
(0.0748537 -0.163351 0)
(0.095738 -0.163751 0)
(0.111415 -0.174497 0)
(0.135841 -0.167886 0)
(0.151531 -0.191752 0)
(0.185495 -0.193278 0)
(0.208601 -0.195041 0)
(0.254057 -0.190959 0)
(0.294383 -0.171915 0)
(0.326466 -0.129618 0)
(0.363301 -0.0961632 0)
(0.37332 -0.014522 0)
(0.394655 0.0461815 0)
(0.366166 0.130242 0)
(0.382618 0.169611 0)
(0.362824 0.238777 0)
(0.422216 0.305362 0)
(0.416413 0.445632 0)
(0.349963 0.334497 0)
(0.32176 0.232027 0)
(0.0118405 -0.206787 0)
(0.0357567 -0.207699 0)
(0.0586594 -0.205708 0)
(0.0792789 -0.203061 0)
(0.10069 -0.200141 0)
(0.11311 -0.203297 0)
(0.134462 -0.199798 0)
(0.149487 -0.220151 0)
(0.178943 -0.217284 0)
(0.212051 -0.22843 0)
(0.270948 -0.218136 0)
(0.307822 -0.192566 0)
(0.344107 -0.150519 0)
(0.351899 -0.126846 0)
(0.366378 -0.0754096 0)
(0.394359 -0.04414 0)
(0.421988 0.0205148 0)
(0.457329 0.0939845 0)
(0.467389 0.168804 0)
(0.534657 0.250488 0)
(0.573854 0.346026 0)
(0.666591 0.418849 0)
(0.62189 0.357798 0)
(0.0124591 -0.215674 0)
(0.037032 -0.216117 0)
(0.0601598 -0.212422 0)
(0.0798264 -0.208116 0)
(0.0990125 -0.203084 0)
(0.107386 -0.20289 0)
(0.12326 -0.207937 0)
(0.131281 -0.234134 0)
(0.168648 -0.257551 0)
(0.2151 -0.295236 0)
(0.275746 -0.285521 0)
(0.308989 -0.238856 0)
(0.344293 -0.197642 0)
(0.367349 -0.163118 0)
(0.393757 -0.0924332 0)
(0.431972 -0.0312616 0)
(0.432179 0.0244294 0)
(0.478304 0.0998507 0)
(0.496108 0.139064 0)
(0.572684 0.193623 0)
(0.634433 0.230066 0)
(0.754386 0.296279 0)
(0.844323 0.302004 0)
(0.0145011 -0.291837 0)
(0.0402392 -0.29093 0)
(0.0643082 -0.28351 0)
(0.0837718 -0.272589 0)
(0.0976928 -0.255712 0)
(0.0962311 -0.235053 0)
(0.0956474 -0.214681 0)
(0.0998563 -0.223926 0)
(0.129393 -0.268553 0)
(0.171962 -0.347463 0)
(0.216188 -0.320572 0)
(0.223714 -0.285339 0)
(0.214646 -0.241077 0)
(0.178593 -0.186299 0)
(0.16904 -0.129283 0)
(0.179271 -0.0721693 0)
(0.205378 -0.00419452 0)
(0.304012 0.047076 0)
(0.358953 0.108902 0)
(0.491684 0.125488 0)
(0.595183 0.187984 0)
(0.66932 0.174623 0)
(0.787877 0.182233 0)
(0.0173141 -0.356922 0)
(0.0462994 -0.354169 0)
(0.0747378 -0.347207 0)
(0.101763 -0.336339 0)
(0.126415 -0.319588 0)
(0.138246 -0.302713 0)
(0.109909 -0.303042 0)
(0.0408205 -0.33615 0)
(-0.0155015 -0.403507 0)
(-0.0732426 -0.425392 0)
(-0.0906765 -0.330685 0)
(-0.154742 -0.226168 0)
(-0.200548 -0.114904 0)
(-0.202876 -0.0639532 0)
(-0.196796 -0.0491743 0)
(-0.174111 -0.0512359 0)
(-0.127415 -0.0498489 0)
(-0.0692946 -0.051246 0)
(0.0527036 -0.0263252 0)
(0.147691 -0.0368605 0)
(0.351224 0.0832138 0)
(0.432444 0.0784273 0)
(0.563286 0.048266 0)
(0.00508087 0.649376 0)
(0.0159091 0.664393 0)
(0.0345492 0.679561 0)
(0.0563675 0.706616 0)
(0.0877713 0.749584 0)
(0.122487 0.854745 0)
(0.0444164 0.926515 0)
(0.0550217 0.099426 0)
(-0.197577 -0.327037 0)
(-0.459677 -0.307811 0)
(-0.445623 -0.226107 0)
(-0.403681 -0.215522 0)
(-0.36307 -0.24079 0)
(-0.302483 -0.246917 0)
(-0.280807 -0.235563 0)
(-0.249274 -0.197944 0)
(-0.224511 -0.162857 0)
(-0.183011 -0.172916 0)
(-0.110262 -0.139243 0)
(-0.0582859 -0.168633 0)
(0.0642523 -0.080862 0)
(0.173099 -0.0560594 0)
(0.326277 -0.051341 0)
(-0.0183695 -0.908404 0)
(-0.0480078 -0.919428 0)
(-0.0589335 -0.930024 0)
(-0.0581531 -0.942502 0)
(-0.0170863 -0.952903 0)
(0.0925729 -0.96009 0)
(0.297465 -0.870813 0)
(0.611424 0.0484344 0)
(0.145472 0.936568 0)
(-0.289951 0.475239 0)
(-0.316383 0.239756 0)
(-0.333861 0.308328 0)
(-0.306493 0.210081 0)
(-0.234945 0.00446125 0)
(-0.18408 -0.139546 0)
(-0.135508 -0.237661 0)
(-0.1196 -0.294354 0)
(-0.104715 -0.289162 0)
(-0.0840009 -0.273367 0)
(-0.0381093 -0.280791 0)
(0.00477783 -0.198896 0)
(0.0937811 -0.220452 0)
(0.181263 -0.229663 0)
(-0.0385001 0.0851075 0)
(-0.102648 0.069706 0)
(-0.148667 0.0491344 0)
(-0.181458 0.0137794 0)
(-0.198043 -0.0364384 0)
(-0.212749 -0.118115 0)
(-0.296472 -0.185414 0)
(-0.231704 -0.0864217 0)
(0.0435472 0.00161881 0)
(0.29907 -0.415245 0)
(0.174523 -0.503807 0)
(0.235236 -0.555019 0)
(0.306329 -0.49638 0)
(0.38135 -0.305541 0)
(0.444755 -0.111571 0)
(0.539015 0.0938867 0)
(0.508975 0.531099 0)
(0.253937 0.855739 0)
(0.163445 0.561565 0)
(0.110261 0.360841 0)
(0.126012 -0.221295 0)
(0.171737 -0.325722 0)
(0.181832 -0.335558 0)
(-0.0111805 -0.311851 0)
(-0.0278943 -0.344984 0)
(-0.0382189 -0.37189 0)
(-0.0447597 -0.399841 0)
(-0.0474291 -0.411788 0)
(-0.052028 -0.392635 0)
(-0.106143 -0.326191 0)
(-0.0816896 -0.0685236 0)
(0.0811672 0.238686 0)
(0.0133404 0.379102 0)
(-0.0999251 -0.0380322 0)
(-0.0158134 -0.238775 0)
(0.0368181 -0.322436 0)
(0.0948308 -0.394648 0)
(0.12994 -0.444543 0)
(0.149449 -0.50182 0)
(0.283275 -0.564938 0)
(0.518586 -0.700133 0)
(0.781658 -0.646209 0)
(0.890792 -0.535149 0)
(0.980889 -0.128478 0)
(0.982866 0.244368 0)
(0.841956 0.394909 0)
(-0.00426044 -0.178857 0)
(-0.00918585 -0.215213 0)
(-0.0150717 -0.253518 0)
(-0.0263296 -0.297058 0)
(-0.0465748 -0.339138 0)
(-0.0752481 -0.370017 0)
(-0.118017 -0.383505 0)
(-0.140663 -0.315352 0)
(-0.0366711 -0.141665 0)
(0.125434 -0.0568445 0)
(0.264245 -0.260648 0)
(0.218999 -0.397105 0)
(0.200337 -0.375908 0)
(0.213171 -0.328085 0)
(0.25949 -0.238322 0)
(0.302443 -0.103089 0)
(0.33191 0.0498562 0)
(0.300841 0.0524163 0)
(0.243345 -0.0913803 0)
(0.166707 -0.260843 0)
(0.107223 -0.456063 0)
(0.202168 -0.539728 0)
(0.406254 -0.603142 0)
(-0.000924736 -0.128298 0)
(0.000930276 -0.167406 0)
(0.000110411 -0.196955 0)
(-0.0073476 -0.226353 0)
(-0.0214988 -0.247788 0)
(-0.0426094 -0.253347 0)
(-0.0751531 -0.236849 0)
(-0.083105 -0.183796 0)
(-0.0843113 -0.0919539 0)
(0.0661221 -0.0510551 0)
(0.124747 -0.252659 0)
(0.139298 -0.365424 0)
(0.125608 -0.418084 0)
(0.116182 -0.440532 0)
(0.122319 -0.449747 0)
(0.143222 -0.438782 0)
(0.213802 -0.395679 0)
(0.285258 -0.350576 0)
(0.325656 -0.24915 0)
(0.297705 -0.161147 0)
(0.21556 -0.107142 0)
(0.132115 -0.111143 0)
(0.061079 -0.115938 0)
(0.00683884 -0.213489 0)
(0.0180314 -0.24211 0)
(0.0214787 -0.258473 0)
(0.0160848 -0.27511 0)
(0.00270922 -0.286421 0)
(-0.0162064 -0.287025 0)
(-0.0378785 -0.276854 0)
(-0.0417242 -0.247156 0)
(-0.0354815 -0.219638 0)
(0.0354124 -0.18935 0)
(0.0721033 -0.260638 0)
(0.0502409 -0.317184 0)
(0.0308131 -0.345419 0)
(0.00206314 -0.353108 0)
(-0.0138902 -0.335006 0)
(-0.0330356 -0.291664 0)
(-0.0430952 -0.248959 0)
(-0.0461953 -0.23988 0)
(-0.0413974 -0.249099 0)
(-0.0287139 -0.250589 0)
(-0.0110821 -0.249612 0)
(-0.0274798 -0.266223 0)
(-0.0331427 -0.248494 0)
(0.00569181 -0.189336 0)
(0.0152376 -0.21883 0)
(0.0192928 -0.233205 0)
(0.0153681 -0.245159 0)
(0.00390666 -0.252559 0)
(-0.0131333 -0.252676 0)
(-0.0291717 -0.248258 0)
(-0.0358011 -0.238928 0)
(-0.0335452 -0.233331 0)
(0.00237388 -0.227142 0)
(0.0228769 -0.289349 0)
(-0.00738154 -0.329496 0)
(-0.0410041 -0.357324 0)
(-0.0759013 -0.369352 0)
(-0.106229 -0.36114 0)
(-0.13009 -0.323871 0)
(-0.139816 -0.282379 0)
(-0.148609 -0.247498 0)
(-0.160546 -0.208582 0)
(-0.161527 -0.184181 0)
(-0.158449 -0.166048 0)
(-0.157224 -0.193001 0)
(-0.14731 -0.222651 0)
(0.00346705 -0.205802 0)
(0.00821862 -0.229235 0)
(0.00893871 -0.234383 0)
(0.00336236 -0.23832 0)
(-0.00502116 -0.238798 0)
(-0.0144201 -0.237895 0)
(-0.022639 -0.234668 0)
(-0.0274737 -0.229183 0)
(-0.029047 -0.228291 0)
(-0.0176908 -0.227142 0)
(-0.0208703 -0.256356 0)
(-0.0450253 -0.275431 0)
(-0.0760513 -0.298221 0)
(-0.107731 -0.316464 0)
(-0.139769 -0.315815 0)
(-0.161815 -0.293142 0)
(-0.173168 -0.266753 0)
(-0.179255 -0.248993 0)
(-0.182063 -0.224394 0)
(-0.172848 -0.21018 0)
(-0.165611 -0.205117 0)
(-0.161654 -0.197949 0)
(-0.167296 -0.169852 0)
(0.00148828 -0.209551 0)
(0.000723256 -0.23068 0)
(-0.00258293 -0.232526 0)
(-0.00805421 -0.233656 0)
(-0.0130095 -0.234225 0)
(-0.0179993 -0.233756 0)
(-0.0220585 -0.232252 0)
(-0.0234394 -0.231472 0)
(-0.0249655 -0.234014 0)
(-0.0215884 -0.234058 0)
(-0.0289849 -0.243453 0)
(-0.0483682 -0.254461 0)
(-0.0709928 -0.273124 0)
(-0.102557 -0.294317 0)
(-0.139229 -0.298156 0)
(-0.162229 -0.28555 0)
(-0.174283 -0.264927 0)
(-0.178262 -0.253395 0)
(-0.174752 -0.23568 0)
(-0.168808 -0.221168 0)
(-0.171148 -0.218203 0)
(-0.17711 -0.221167 0)
(-0.178358 -0.213858 0)
(0.000369226 -0.209828 0)
(-0.00280194 -0.228021 0)
(-0.00632239 -0.227913 0)
(-0.0095966 -0.229376 0)
(-0.0131809 -0.230881 0)
(-0.0157758 -0.230701 0)
(-0.0173543 -0.230722 0)
(-0.0183824 -0.23111 0)
(-0.0193278 -0.232111 0)
(-0.0215217 -0.230072 0)
(-0.0251114 -0.233569 0)
(-0.0340188 -0.238579 0)
(-0.0441591 -0.249548 0)
(-0.0641464 -0.255668 0)
(-0.0926238 -0.258804 0)
(-0.113012 -0.258721 0)
(-0.121894 -0.250741 0)
(-0.12886 -0.24434 0)
(-0.134141 -0.230688 0)
(-0.136153 -0.209127 0)
(-0.141238 -0.19976 0)
(-0.153391 -0.195403 0)
(-0.166665 -0.179683 0)
(-0.00106569 -0.206979 0)
(-0.00334886 -0.223594 0)
(-0.00570353 -0.22429 0)
(-0.00744086 -0.225928 0)
(-0.0103571 -0.227521 0)
(-0.0133863 -0.229172 0)
(-0.0160759 -0.230132 0)
(-0.0185324 -0.231078 0)
(-0.0206888 -0.230417 0)
(-0.022771 -0.229746 0)
(-0.0270322 -0.231385 0)
(-0.0305629 -0.23666 0)
(-0.0375667 -0.241849 0)
(-0.0507239 -0.24316 0)
(-0.0665495 -0.24569 0)
(-0.0794 -0.247407 0)
(-0.0989045 -0.241575 0)
(-0.114416 -0.230508 0)
(-0.123464 -0.221472 0)
(-0.131228 -0.205937 0)
(-0.141517 -0.189627 0)
(-0.156771 -0.183149 0)
(-0.170827 -0.175507 0)
(-0.00070179 -0.204241 0)
(-0.00304132 -0.221485 0)
(-0.00479328 -0.222317 0)
(-0.00820612 -0.223703 0)
(-0.0116271 -0.224313 0)
(-0.0159688 -0.2252 0)
(-0.0203766 -0.225506 0)
(-0.024837 -0.225892 0)
(-0.0293472 -0.226879 0)
(-0.0333557 -0.227281 0)
(-0.0351557 -0.227535 0)
(-0.0375992 -0.22943 0)
(-0.0444073 -0.231649 0)
(-0.0515077 -0.235383 0)
(-0.0635256 -0.236676 0)
(-0.0752271 -0.230461 0)
(-0.0926867 -0.228532 0)
(-0.106048 -0.225312 0)
(-0.115741 -0.217894 0)
(-0.125299 -0.203879 0)
(-0.132414 -0.185634 0)
(-0.140884 -0.175467 0)
(-0.15045 -0.171545 0)
(-0.00065513 -0.20318 0)
(-0.00292684 -0.21912 0)
(-0.00677637 -0.218772 0)
(-0.0102078 -0.218707 0)
(-0.0138183 -0.219308 0)
(-0.0175969 -0.219873 0)
(-0.0216533 -0.220728 0)
(-0.0260355 -0.221075 0)
(-0.030877 -0.2208 0)
(-0.036122 -0.222042 0)
(-0.0408808 -0.223281 0)
(-0.0467358 -0.22374 0)
(-0.0537138 -0.223859 0)
(-0.0615649 -0.223146 0)
(-0.0700159 -0.220278 0)
(-0.0793897 -0.21578 0)
(-0.0890502 -0.210426 0)
(-0.0989885 -0.205917 0)
(-0.110325 -0.19911 0)
(-0.12129 -0.186497 0)
(-0.130425 -0.168326 0)
(-0.138807 -0.160376 0)
(-0.142817 -0.156713 0)
(-0.00118835 -0.200447 0)
(-0.00417204 -0.215865 0)
(-0.00694845 -0.215539 0)
(-0.00967998 -0.216272 0)
(-0.0127171 -0.216291 0)
(-0.0158708 -0.215872 0)
(-0.0194959 -0.215663 0)
(-0.0235472 -0.215478 0)
(-0.0282213 -0.216175 0)
(-0.0332556 -0.217426 0)
(-0.0406617 -0.217971 0)
(-0.0456101 -0.218685 0)
(-0.0520528 -0.216517 0)
(-0.0615978 -0.216292 0)
(-0.0700684 -0.214088 0)
(-0.0781556 -0.210553 0)
(-0.0839325 -0.206839 0)
(-0.09127 -0.202629 0)
(-0.101736 -0.19505 0)
(-0.110687 -0.184622 0)
(-0.115 -0.16942 0)
(-0.120055 -0.163408 0)
(-0.123733 -0.16084 0)
(-0.00087949 -0.198794 0)
(-0.00333917 -0.213675 0)
(-0.00615176 -0.213277 0)
(-0.00918224 -0.213259 0)
(-0.012427 -0.213288 0)
(-0.0157622 -0.213493 0)
(-0.0189954 -0.213454 0)
(-0.0222954 -0.213226 0)
(-0.0258506 -0.212675 0)
(-0.0306407 -0.212299 0)
(-0.0346897 -0.212956 0)
(-0.0402729 -0.211873 0)
(-0.0466334 -0.210338 0)
(-0.0523416 -0.208673 0)
(-0.0593686 -0.20601 0)
(-0.0679453 -0.202885 0)
(-0.0764056 -0.19748 0)
(-0.0862976 -0.188537 0)
(-0.0943545 -0.181718 0)
(-0.0984837 -0.172077 0)
(-0.107496 -0.160374 0)
(-0.108297 -0.152661 0)
(-0.112696 -0.149568 0)
(-0.00133033 -0.195271 0)
(-0.0045415 -0.209884 0)
(-0.00772218 -0.209668 0)
(-0.01081 -0.209794 0)
(-0.0139778 -0.2097 0)
(-0.0172263 -0.209473 0)
(-0.0206928 -0.209232 0)
(-0.0243384 -0.208879 0)
(-0.0281161 -0.208329 0)
(-0.031376 -0.206947 0)
(-0.0360603 -0.205641 0)
(-0.0432254 -0.204949 0)
(-0.0492999 -0.204043 0)
(-0.0545217 -0.200808 0)
(-0.0601802 -0.197724 0)
(-0.0667992 -0.193583 0)
(-0.0728193 -0.188382 0)
(-0.0786264 -0.185165 0)
(-0.0835298 -0.181556 0)
(-0.0900042 -0.170405 0)
(-0.0947022 -0.15896 0)
(-0.098034 -0.152993 0)
(-0.101558 -0.146478 0)
(-0.00100327 -0.193857 0)
(-0.00346407 -0.207957 0)
(-0.00633157 -0.207526 0)
(-0.00918361 -0.207409 0)
(-0.0121697 -0.207156 0)
(-0.0152263 -0.206799 0)
(-0.0184183 -0.206279 0)
(-0.0218633 -0.205694 0)
(-0.0256614 -0.205093 0)
(-0.0301799 -0.204318 0)
(-0.0349618 -0.202669 0)
(-0.0385 -0.201271 0)
(-0.0431317 -0.199705 0)
(-0.0499157 -0.196911 0)
(-0.0556989 -0.194532 0)
(-0.0594131 -0.190787 0)
(-0.065728 -0.185952 0)
(-0.0712731 -0.179013 0)
(-0.0785393 -0.169332 0)
(-0.0835673 -0.161945 0)
(-0.0861824 -0.156154 0)
(-0.0890952 -0.149528 0)
(-0.0932679 -0.139747 0)
(-0.0011153 -0.190541 0)
(-0.00380326 -0.204171 0)
(-0.0066951 -0.203705 0)
(-0.00962493 -0.203466 0)
(-0.0127744 -0.203088 0)
(-0.016192 -0.202691 0)
(-0.0197621 -0.202257 0)
(-0.0234056 -0.201677 0)
(-0.027213 -0.200758 0)
(-0.0310876 -0.19922 0)
(-0.0342435 -0.197162 0)
(-0.0377446 -0.19566 0)
(-0.0421969 -0.192885 0)
(-0.0459889 -0.190517 0)
(-0.0513013 -0.186745 0)
(-0.0587455 -0.182501 0)
(-0.0636824 -0.177937 0)
(-0.0677781 -0.172062 0)
(-0.0707554 -0.168209 0)
(-0.0733972 -0.163216 0)
(-0.076521 -0.152662 0)
(-0.0817815 -0.143317 0)
(-0.0838669 -0.137699 0)
(-0.00109703 -0.189063 0)
(-0.00364484 -0.202454 0)
(-0.00634578 -0.201992 0)
(-0.00891159 -0.201697 0)
(-0.011495 -0.201208 0)
(-0.0140518 -0.200509 0)
(-0.0167831 -0.199655 0)
(-0.0198161 -0.19868 0)
(-0.0230753 -0.197488 0)
(-0.0265942 -0.196129 0)
(-0.0309499 -0.19461 0)
(-0.0361078 -0.192228 0)
(-0.0405699 -0.189879 0)
(-0.0450709 -0.186374 0)
(-0.0488554 -0.183183 0)
(-0.0512597 -0.180788 0)
(-0.0548333 -0.176742 0)
(-0.0594314 -0.171384 0)
(-0.062895 -0.16294 0)
(-0.0685356 -0.154658 0)
(-0.0712759 -0.149952 0)
(-0.0725627 -0.143504 0)
(-0.0748481 -0.134146 0)
(-0.00106948 -0.185914 0)
(-0.0035693 -0.198884 0)
(-0.00629407 -0.198421 0)
(-0.00899257 -0.198048 0)
(-0.0118459 -0.197525 0)
(-0.014809 -0.196885 0)
(-0.0178417 -0.196076 0)
(-0.0209343 -0.194995 0)
(-0.0240746 -0.193592 0)
(-0.027203 -0.191808 0)
(-0.030099 -0.189598 0)
(-0.0325618 -0.187516 0)
(-0.0357476 -0.185344 0)
(-0.0393103 -0.182743 0)
(-0.0430749 -0.179158 0)
(-0.0476627 -0.174156 0)
(-0.0528849 -0.169343 0)
(-0.0564254 -0.164065 0)
(-0.0591478 -0.160269 0)
(-0.060109 -0.155801 0)
(-0.0622341 -0.147775 0)
(-0.0653926 -0.139965 0)
(-0.0666654 -0.132881 0)
(-0.000980479 -0.184609 0)
(-0.00312779 -0.197345 0)
(-0.00548853 -0.196878 0)
(-0.00774826 -0.196428 0)
(-0.0101238 -0.19578 0)
(-0.0126056 -0.194951 0)
(-0.0152552 -0.193948 0)
(-0.0180896 -0.192775 0)
(-0.0210939 -0.191417 0)
(-0.0242544 -0.18986 0)
(-0.027674 -0.188006 0)
(-0.031415 -0.185348 0)
(-0.0349953 -0.182424 0)
(-0.0384473 -0.179399 0)
(-0.041714 -0.176149 0)
(-0.0443609 -0.172968 0)
(-0.0463591 -0.169275 0)
(-0.0488168 -0.164274 0)
(-0.0515306 -0.157625 0)
(-0.0545503 -0.151066 0)
(-0.0566114 -0.14571 0)
(-0.0578955 -0.139306 0)
(-0.0587943 -0.131764 0)
(-0.00095892 -0.181677 0)
(-0.00313132 -0.194106 0)
(-0.00548185 -0.193654 0)
(-0.00776262 -0.193126 0)
(-0.0101331 -0.192393 0)
(-0.0125479 -0.191456 0)
(-0.0150081 -0.190297 0)
(-0.0175161 -0.188903 0)
(-0.020085 -0.187258 0)
(-0.0227302 -0.185348 0)
(-0.0253973 -0.183222 0)
(-0.027951 -0.181139 0)
(-0.0305398 -0.17871 0)
(-0.0332537 -0.175712 0)
(-0.0360626 -0.172346 0)
(-0.0390694 -0.168411 0)
(-0.0422836 -0.16403 0)
(-0.0451866 -0.159703 0)
(-0.0472669 -0.155395 0)
(-0.0485888 -0.150393 0)
(-0.0498557 -0.144386 0)
(-0.0512091 -0.138108 0)
(-0.0516688 -0.131449 0)
(-0.000871532 -0.180652 0)
(-0.00269632 -0.192908 0)
(-0.00476601 -0.19248 0)
(-0.00673763 -0.191936 0)
(-0.00883322 -0.19119 0)
(-0.0110183 -0.190248 0)
(-0.0133143 -0.189107 0)
(-0.015715 -0.187756 0)
(-0.0181984 -0.186174 0)
(-0.0207104 -0.184292 0)
(-0.0232368 -0.182029 0)
(-0.0258549 -0.179363 0)
(-0.0285497 -0.176604 0)
(-0.0311638 -0.17372 0)
(-0.0336411 -0.170479 0)
(-0.035929 -0.166944 0)
(-0.0379642 -0.163091 0)
(-0.0398379 -0.158635 0)
(-0.0416619 -0.153647 0)
(-0.0432033 -0.148475 0)
(-0.0442547 -0.143287 0)
(-0.0449845 -0.137678 0)
(-0.0450982 -0.13151 0)
(-0.000780213 -0.178191 0)
(-0.00246742 -0.190136 0)
(-0.00436194 -0.189693 0)
(-0.00616272 -0.189016 0)
(-0.00806907 -0.188121 0)
(-0.0100314 -0.187008 0)
(-0.0120657 -0.185682 0)
(-0.0141773 -0.18416 0)
(-0.0163684 -0.182457 0)
(-0.0186465 -0.18061 0)
(-0.0209642 -0.178606 0)
(-0.0232211 -0.176378 0)
(-0.0254157 -0.173787 0)
(-0.0276226 -0.170851 0)
(-0.0298156 -0.167666 0)
(-0.0319307 -0.164189 0)
(-0.0339299 -0.1604 0)
(-0.0357171 -0.1564 0)
(-0.0371573 -0.152137 0)
(-0.038196 -0.14753 0)
(-0.0388782 -0.142602 0)
(-0.0393226 -0.137443 0)
(-0.0391745 -0.131921 0)
(-0.000693725 -0.177254 0)
(-0.00211591 -0.189096 0)
(-0.00378808 -0.188687 0)
(-0.00535371 -0.187997 0)
(-0.00703847 -0.187096 0)
(-0.00878582 -0.18597 0)
(-0.0106184 -0.184617 0)
(-0.0125321 -0.18305 0)
(-0.0145059 -0.18126 0)
(-0.0165192 -0.179236 0)
(-0.0185663 -0.176977 0)
(-0.0206457 -0.1745 0)
(-0.0227206 -0.171853 0)
(-0.0247264 -0.169011 0)
(-0.0266351 -0.165914 0)
(-0.0284268 -0.162566 0)
(-0.030054 -0.158972 0)
(-0.0314849 -0.155098 0)
(-0.0326874 -0.15097 0)
(-0.0335642 -0.146639 0)
(-0.0340393 -0.142153 0)
(-0.0341999 -0.137491 0)
(-0.0338522 -0.13256 0)
(-0.000544551 -0.175629 0)
(-0.00172612 -0.187182 0)
(-0.00317977 -0.186759 0)
(-0.00450579 -0.18597 0)
(-0.00595815 -0.184967 0)
(-0.00746546 -0.183735 0)
(-0.00905866 -0.182287 0)
(-0.0107489 -0.180658 0)
(-0.0125242 -0.178859 0)
(-0.0143627 -0.176893 0)
(-0.0162301 -0.174746 0)
(-0.0180875 -0.172395 0)
(-0.0199136 -0.16982 0)
(-0.021696 -0.167023 0)
(-0.0234004 -0.16402 0)
(-0.0249869 -0.16081 0)
(-0.02642 -0.157396 0)
(-0.0276536 -0.153794 0)
(-0.0286381 -0.150003 0)
(-0.0293131 -0.146029 0)
(-0.0296207 -0.141912 0)
(-0.0296059 -0.1377 0)
(-0.0291407 -0.133343 0)
(-0.000385177 -0.174864 0)
(-0.00133678 -0.186204 0)
(-0.00261312 -0.185786 0)
(-0.00371484 -0.184947 0)
(-0.00494223 -0.183908 0)
(-0.00619219 -0.182627 0)
(-0.00743888 -0.181063 0)
(-0.00873446 -0.179297 0)
(-0.0101465 -0.17737 0)
(-0.0117108 -0.175286 0)
(-0.0134183 -0.173073 0)
(-0.0152027 -0.170718 0)
(-0.016951 -0.168174 0)
(-0.0186385 -0.165442 0)
(-0.0202206 -0.162522 0)
(-0.0216648 -0.159425 0)
(-0.0229407 -0.156173 0)
(-0.024014 -0.152768 0)
(-0.0248522 -0.149217 0)
(-0.0254086 -0.145547 0)
(-0.0256231 -0.141793 0)
(-0.0255112 -0.138003 0)
(-0.025005 -0.134171 0)
(-0.00013507 -0.173978 0)
(-0.000944896 -0.184941 0)
(-0.00216927 -0.184523 0)
(-0.00311594 -0.183643 0)
(-0.00419329 -0.182578 0)
(-0.00523997 -0.18127 0)
(-0.00623509 -0.179718 0)
(-0.00718463 -0.1779 0)
(-0.00813191 -0.175816 0)
(-0.0091444 -0.173551 0)
(-0.010298 -0.171138 0)
(-0.0116605 -0.168656 0)
(-0.0132423 -0.166137 0)
(-0.0149649 -0.163574 0)
(-0.0166781 -0.160897 0)
(-0.0182286 -0.158066 0)
(-0.0195082 -0.155043 0)
(-0.0205483 -0.151861 0)
(-0.0213224 -0.148552 0)
(-0.0218195 -0.145167 0)
(-0.0220028 -0.14174 0)
(-0.021875 -0.138326 0)
(-0.0214113 -0.134957 0)
(9.05077e-05 -0.173575 0)
(-0.000718768 -0.183846 0)
(-0.00215392 -0.183448 0)
(-0.0031245 -0.182595 0)
(-0.00421664 -0.181546 0)
(-0.00524925 -0.180343 0)
(-0.00622768 -0.178931 0)
(-0.00713649 -0.177233 0)
(-0.00795817 -0.175211 0)
(-0.00870396 -0.172888 0)
(-0.00942901 -0.170336 0)
(-0.0101937 -0.167628 0)
(-0.0110344 -0.164826 0)
(-0.0119284 -0.161944 0)
(-0.0129746 -0.159106 0)
(-0.014205 -0.156316 0)
(-0.0155599 -0.153555 0)
(-0.016861 -0.150771 0)
(-0.0178529 -0.147861 0)
(-0.0184311 -0.144812 0)
(-0.0186844 -0.141691 0)
(-0.0186257 -0.138602 0)
(-0.0182874 -0.135621 0)
(0.000206538 -0.173504 0)
(-0.000889692 -0.182757 0)
(-0.00290745 -0.182382 0)
(-0.00421928 -0.181637 0)
(-0.00562901 -0.180672 0)
(-0.00685326 -0.179488 0)
(-0.00802548 -0.178103 0)
(-0.00906274 -0.176467 0)
(-0.00994422 -0.174592 0)
(-0.0105922 -0.172419 0)
(-0.0110005 -0.169957 0)
(-0.0112502 -0.167268 0)
(-0.0114576 -0.164438 0)
(-0.0117047 -0.1615 0)
(-0.0120079 -0.158479 0)
(-0.012387 -0.155447 0)
(-0.0128596 -0.152462 0)
(-0.0133676 -0.149553 0)
(-0.0140503 -0.146797 0)
(-0.014796 -0.144097 0)
(-0.0153967 -0.141393 0)
(-0.0156186 -0.138677 0)
(-0.0155331 -0.136037 0)
(0.00018567 -0.173566 0)
(-0.00166018 -0.181433 0)
(-0.00455299 -0.181109 0)
(-0.00659667 -0.180557 0)
(-0.0086881 -0.179718 0)
(-0.0104504 -0.178587 0)
(-0.0120929 -0.177287 0)
(-0.0134925 -0.175784 0)
(-0.0146168 -0.174067 0)
(-0.015445 -0.172147 0)
(-0.0158878 -0.169948 0)
(-0.0159103 -0.167435 0)
(-0.015603 -0.164676 0)
(-0.0150676 -0.161737 0)
(-0.0143925 -0.158663 0)
(-0.0136784 -0.155526 0)
(-0.0130451 -0.152387 0)
(-0.0126073 -0.149294 0)
(-0.0123248 -0.146308 0)
(-0.0122216 -0.143482 0)
(-0.0122003 -0.140803 0)
(-0.0124171 -0.138235 0)
(-0.0128384 -0.135818 0)
(-0.000213427 -0.172255 0)
(-0.00285476 -0.178201 0)
(-0.00653493 -0.177966 0)
(-0.00942014 -0.177611 0)
(-0.0123284 -0.176987 0)
(-0.014895 -0.176129 0)
(-0.0171512 -0.175069 0)
(-0.0190972 -0.173864 0)
(-0.0207042 -0.172509 0)
(-0.021948 -0.17099 0)
(-0.0228122 -0.169313 0)
(-0.0231978 -0.16738 0)
(-0.0230354 -0.165148 0)
(-0.0223759 -0.162623 0)
(-0.0212559 -0.15983 0)
(-0.0197221 -0.156798 0)
(-0.0178882 -0.153579 0)
(-0.0159335 -0.150267 0)
(-0.0140897 -0.14697 0)
(-0.0125269 -0.143784 0)
(-0.0113909 -0.140792 0)
(-0.0107036 -0.138036 0)
(-0.0107527 -0.135552 0)
(-0.000769794 -0.168304 0)
(-0.00382317 -0.171996 0)
(-0.00756923 -0.171931 0)
(-0.0107735 -0.171881 0)
(-0.0139847 -0.171688 0)
(-0.0169395 -0.171414 0)
(-0.0195888 -0.170974 0)
(-0.0219255 -0.170377 0)
(-0.0239365 -0.169613 0)
(-0.0256064 -0.168678 0)
(-0.0269231 -0.167576 0)
(-0.0278713 -0.166335 0)
(-0.0283888 -0.164903 0)
(-0.0284134 -0.163273 0)
(-0.0279188 -0.161399 0)
(-0.0268977 -0.159245 0)
(-0.0253346 -0.156777 0)
(-0.023249 -0.153962 0)
(-0.0207076 -0.150785 0)
(-0.0179266 -0.147284 0)
(-0.0152094 -0.14353 0)
(-0.0128318 -0.139669 0)
(-0.0110448 -0.136091 0)
(-0.000766302 -0.166541 0)
(-0.00374962 -0.169036 0)
(-0.00743287 -0.169035 0)
(-0.0105829 -0.169051 0)
(-0.0137873 -0.168956 0)
(-0.0167894 -0.16879 0)
(-0.0195942 -0.168533 0)
(-0.0221363 -0.168174 0)
(-0.0243798 -0.167703 0)
(-0.0262872 -0.16711 0)
(-0.0278278 -0.166383 0)
(-0.0289828 -0.165509 0)
(-0.0297104 -0.164473 0)
(-0.0299284 -0.163258 0)
(-0.0296145 -0.161834 0)
(-0.0288101 -0.160172 0)
(-0.0275388 -0.158247 0)
(-0.0258265 -0.156029 0)
(-0.0237159 -0.153474 0)
(-0.0212807 -0.150535 0)
(-0.0186359 -0.147157 0)
(-0.0159718 -0.143293 0)
(-0.0134333 -0.138989 0)
(0.311974 0.342294 0)
(0.153679 0.223566 0)
(0.0138142 -0.00120604 0)
(0.0520311 -0.15215 0)
(0.309692 0.275638 0)
(0.314054 0.200623 0)
(0.361043 0.148127 0)
(0.326316 0.0472119 0)
(0.338388 0.171877 0)
(0.346135 0.112958 0)
(0.374889 0.0746062 0)
(0.376655 0.00101782 0)
(0.566878 0.258058 0)
(0.541581 0.17138 0)
(0.516747 0.0921792 0)
(0.519213 0.0401736 0)
(0.891352 0.267003 0)
(0.927896 0.23008 0)
(0.925368 0.165808 0)
(0.894119 0.108949 0)
(0.8624 0.160878 0)
(0.926945 0.152827 0)
(0.974984 0.109786 0)
(1.01849 0.078606 0)
(0.632961 -0.00660917 0)
(0.724538 -0.00401425 0)
(0.803932 -0.0342623 0)
(0.867763 -0.0664149 0)
(0.382977 -0.147473 0)
(0.447449 -0.161916 0)
(0.520839 -0.176106 0)
(0.574032 -0.266755 0)
(0.231275 -0.309392 0)
(0.268909 -0.357603 0)
(0.303865 -0.372394 0)
(0.331222 -0.430539 0)
(0.207942 -0.341753 0)
(0.222217 -0.356596 0)
(0.233456 -0.365458 0)
(0.259529 -0.399216 0)
(0.769969 0.330234 0)
(0.735196 0.23784 0)
(0.711421 0.150419 0)
(0.699695 0.138949 0)
(0.497385 -0.631632 0)
(0.569038 -0.665106 0)
(0.616653 -0.656897 0)
(0.644986 -0.656641 0)
(-0.0082819 -0.180971 0)
(-0.0333873 -0.240652 0)
(-0.0680223 -0.294266 0)
(-0.101456 -0.357034 0)
(-0.0481889 -0.270875 0)
(-0.0708598 -0.295462 0)
(-0.106662 -0.285225 0)
(-0.14659 -0.295554 0)
(-0.153329 -0.246885 0)
(-0.171529 -0.260017 0)
(-0.182194 -0.279066 0)
(-0.204968 -0.299559 0)
(-0.181695 -0.167132 0)
(-0.194911 -0.176955 0)
(-0.204442 -0.178899 0)
(-0.222295 -0.181281 0)
(-0.178416 -0.206291 0)
(-0.187722 -0.205567 0)
(-0.19347 -0.203909 0)
(-0.207387 -0.20047 0)
(-0.17379 -0.169623 0)
(-0.18007 -0.166539 0)
(-0.187191 -0.157333 0)
(-0.195382 -0.153186 0)
(-0.175379 -0.166544 0)
(-0.18073 -0.160284 0)
(-0.18567 -0.149431 0)
(-0.189233 -0.142549 0)
(-0.154585 -0.164223 0)
(-0.159977 -0.157376 0)
(-0.162002 -0.150995 0)
(-0.165679 -0.146699 0)
(-0.144948 -0.1492 0)
(-0.148609 -0.141486 0)
(-0.148268 -0.137351 0)
(-0.150209 -0.131715 0)
(-0.127831 -0.153874 0)
(-0.131656 -0.144053 0)
(-0.132512 -0.138612 0)
(-0.135818 -0.130794 0)
(-0.116445 -0.14454 0)
(-0.120331 -0.135721 0)
(-0.123241 -0.129295 0)
(-0.124187 -0.123151 0)
(-0.10531 -0.139476 0)
(-0.108764 -0.130804 0)
(-0.111039 -0.123802 0)
(-0.112032 -0.118155 0)
(-0.0956648 -0.134797 0)
(-0.0973097 -0.129228 0)
(-0.0992455 -0.12259 0)
(-0.0992488 -0.116901 0)
(-0.0851028 -0.130884 0)
(-0.0867806 -0.125809 0)
(-0.0878768 -0.120463 0)
(-0.08904 -0.114046 0)
(-0.0760521 -0.128704 0)
(-0.0764174 -0.12457 0)
(-0.0774265 -0.119463 0)
(-0.0780048 -0.114654 0)
(-0.0669249 -0.127037 0)
(-0.0672817 -0.123313 0)
(-0.0674617 -0.119152 0)
(-0.0682244 -0.114416 0)
(-0.0588343 -0.126346 0)
(-0.0587334 -0.122982 0)
(-0.0585382 -0.119235 0)
(-0.0590074 -0.115245 0)
(-0.0513132 -0.126274 0)
(-0.0510556 -0.123116 0)
(-0.0504589 -0.119822 0)
(-0.0506476 -0.116293 0)
(-0.0445232 -0.126767 0)
(-0.0440823 -0.123836 0)
(-0.0432341 -0.120862 0)
(-0.043098 -0.11779 0)
(-0.0384288 -0.127634 0)
(-0.0378781 -0.124955 0)
(-0.0368737 -0.12229 0)
(-0.0364261 -0.119612 0)
(-0.0330121 -0.128762 0)
(-0.0323937 -0.126362 0)
(-0.0313335 -0.123994 0)
(-0.030635 -0.121673 0)
(-0.0282746 -0.130034 0)
(-0.0276276 -0.127935 0)
(-0.0265861 -0.125871 0)
(-0.0257171 -0.123887 0)
(-0.0241798 -0.13133 0)
(-0.0235489 -0.129536 0)
(-0.0225937 -0.127777 0)
(-0.0216672 -0.126118 0)
(-0.0207038 -0.132538 0)
(-0.0201311 -0.131036 0)
(-0.0193079 -0.129577 0)
(-0.0184255 -0.128231 0)
(-0.0177626 -0.133563 0)
(-0.0173066 -0.132316 0)
(-0.0166742 -0.131133 0)
(-0.0159337 -0.130074 0)
(-0.0152669 -0.134278 0)
(-0.0149899 -0.133243 0)
(-0.0145913 -0.132298 0)
(-0.014082 -0.131491 0)
(-0.0129888 -0.134386 0)
(-0.0130064 -0.13358 0)
(-0.012911 -0.132871 0)
(-0.0127216 -0.132294 0)
(-0.0109387 -0.134128 0)
(-0.0111226 -0.133407 0)
(-0.0113168 -0.132848 0)
(-0.0114785 -0.132469 0)
(-0.0105119 -0.134133 0)
(-0.0103721 -0.133004 0)
(-0.0103977 -0.13218 0)
(-0.0105706 -0.131628 0)
(-0.0124786 -0.136154 0)
(-0.0118594 -0.13448 0)
(-0.0114595 -0.133138 0)
(-0.0111861 -0.132115 0)
(0.255171 0.166064 0)
(0.586096 0.394224 0)
(0.804071 0.293283 0)
(0.75991 0.0243958 0)
(0.786167 -0.142181 0)
(0.797068 -0.304968 0)
(0.944661 -0.388172 0)
(1.14957 -0.262969 0)
(1.06509 -0.334152 0)
(1.06785 -0.745753 0)
(1.11286 -0.981808 0)
(1.13827 -1.08117 0)
(1.2579 -1.01788 0)
(0.697365 0.2947 0)
(-0.0417334 0.364342 0)
(-8.14928e-07 0.792554 0)
(-0.0607881 1.06144 0)
(-0.0573772 1.06711 0)
(-0.0402796 0.954268 0)
(0.331255 -0.0503977 0)
(0.465988 0.0511668 0)
(0.813088 0.0946602 0)
(0.979304 -0.0638344 0)
(0.994829 -0.106559 0)
(0.957789 -0.1371 0)
(0.939745 -0.206552 0)
(0.917001 -0.28352 0)
(0.986767 -0.48604 0)
(1.08772 -0.78284 0)
(1.14813 -1.01735 0)
(1.12787 -1.14183 0)
(1.25803 -0.965233 0)
(0.014282 1.52294 0)
(-0.183273 0.383582 0)
(-0.199695 0.799205 0)
(-0.124944 1.01445 0)
(-0.0947871 1.04145 0)
(-0.042329 0.878732 0)
(0.387195 -0.110222 0)
(0.423985 -0.129976 0)
(0.555424 -0.149794 0)
(0.701368 -0.15444 0)
(0.787476 -0.165328 0)
(0.823263 -0.222101 0)
(0.867086 -0.331625 0)
(0.901413 -0.415739 0)
(0.992894 -0.558998 0)
(1.10431 -0.831244 0)
(1.12136 -1.05714 0)
(1.15006 -1.13019 0)
(1.10043 -0.630853 0)
(-0.33393 2.13109 0)
(-0.277712 0.422823 0)
(-0.222938 0.768891 0)
(-0.162661 0.933777 0)
(-0.0988626 0.992284 0)
(-0.0232604 0.826671 0)
(0.501347 -0.0747622 0)
(0.477769 -0.186739 0)
(0.499194 -0.234661 0)
(0.564837 -0.242047 0)
(0.641213 -0.224812 0)
(0.711425 -0.284273 0)
(0.794791 -0.368416 0)
(0.863366 -0.446626 0)
(0.970558 -0.64369 0)
(1.07589 -0.913565 0)
(1.10118 -1.06762 0)
(1.10554 -1.05144 0)
(0.782988 0.252992 0)
(-0.460964 2.92534 0)
(-0.443505 0.460843 0)
(-0.217828 0.579973 0)
(-0.209042 0.853732 0)
(-0.0722783 0.917575 0)
(0.0133461 0.778654 0)
(0.88188 -0.0199792 0)
(0.809049 -0.122326 0)
(0.722754 -0.206352 0)
(0.683178 -0.260844 0)
(0.693373 -0.292934 0)
(0.751254 -0.365654 0)
(0.812298 -0.4268 0)
(0.89092 -0.531496 0)
(1.01701 -0.768162 0)
(1.07563 -0.964765 0)
(1.10968 -1.04934 0)
(0.974627 -0.861946 0)
(0.266079 0.938964 0)
(-0.109708 3.14578 0)
(-0.538892 0.707913 0)
(-0.271063 0.503489 0)
(-0.183484 0.782433 0)
(-0.0794093 0.832234 0)
(0.0280354 0.756123 0)
(1.09877 0.0130161 0)
(1.1026 -0.0410766 0)
(1.04115 -0.113633 0)
(0.943865 -0.191763 0)
(0.886667 -0.270383 0)
(0.887685 -0.367825 0)
(0.912372 -0.465624 0)
(0.99666 -0.63849 0)
(1.0677 -0.844953 0)
(1.09503 -0.967559 0)
(1.06159 -0.963193 0)
(0.709801 -0.442911 0)
(-0.0607124 1.23008 0)
(0.308274 3.22896 0)
(-0.526865 0.947095 0)
(-0.360584 0.351823 0)
(-0.0937303 0.603812 0)
(-0.0773252 0.744023 0)
(0.0431945 0.740871 0)
(1.02736 -0.082138 0)
(1.11463 -0.0757651 0)
(1.11914 -0.0899611 0)
(1.0821 -0.119219 0)
(1.02169 -0.220281 0)
(1.0055 -0.359366 0)
(1.02136 -0.506836 0)
(1.06128 -0.702958 0)
(1.0907 -0.859216 0)
(1.0823 -0.911436 0)
(0.823859 -0.805712 0)
(0.199107 0.17933 0)
(-0.284812 1.33963 0)
(0.421935 3.16603 0)
(-0.0826239 1.258 0)
(-0.439128 0.358307 0)
(0.0246475 0.252721 0)
(-0.090412 0.718892 0)
(0.0459016 0.718889 0)
(0.730952 -0.261528 0)
(0.951285 -0.14482 0)
(1.02696 -0.0970061 0)
(1.03737 -0.108278 0)
(1.04456 -0.181841 0)
(1.04499 -0.345161 0)
(1.05839 -0.53551 0)
(1.07667 -0.739076 0)
(1.08987 -0.833372 0)
(0.930099 -0.809316 0)
(0.104317 -0.125435 0)
(-0.242139 0.534861 0)
(-0.354886 1.1883 0)
(0.391544 2.99199 0)
(0.317224 1.69151 0)
(-0.0888987 0.515728 0)
(-0.105119 0.367333 0)
(-0.0621144 0.692978 0)
(0.0221155 0.705499 0)
(0.389849 -0.474382 0)
(0.602446 -0.350111 0)
(0.783289 -0.199175 0)
(0.891403 -0.157514 0)
(0.9643 -0.219995 0)
(1.01227 -0.372203 0)
(1.03869 -0.601782 0)
(1.03354 -0.728725 0)
(0.879259 -0.700849 0)
(0.0243029 -0.0768523 0)
(-0.417128 0.304502 0)
(-0.458662 0.487241 0)
(-0.496415 0.923871 0)
(0.223326 2.54829 0)
(0.443821 1.7587 0)
(0.312916 0.707533 0)
(-0.244704 0.372167 0)
(-0.026913 0.609431 0)
(-0.00333392 0.68111 0)
(0.230246 -0.502297 0)
(0.340774 -0.483797 0)
(0.509792 -0.346903 0)
(0.674351 -0.261657 0)
(0.799611 -0.279527 0)
(0.862152 -0.453512 0)
(0.863246 -0.608919 0)
(0.642159 -0.499029 0)
(-0.191219 0.107764 0)
(-0.464824 0.280296 0)
(-0.523421 0.353956 0)
(-0.54153 0.44819 0)
(-0.571263 0.68085 0)
(-0.00679519 1.80778 0)
(0.507369 1.64521 0)
(0.481175 1.02103 0)
(-0.271771 0.530333 0)
(0.0365035 0.540357 0)
(-0.0177096 0.675233 0)
(0.620881 0.0375925 0)
(0.482572 -0.307104 0)
(0.515054 -0.516696 0)
(0.64685 -0.488675 0)
(0.701478 -0.513737 0)
(0.619258 -0.442776 0)
(0.308732 0.124426 0)
(-0.507669 0.194915 0)
(-0.50239 0.225133 0)
(-0.525518 0.291254 0)
(-0.52016 0.355686 0)
(-0.51708 0.434666 0)
(-0.499236 0.565887 0)
(-0.139223 1.20863 0)
(0.437944 1.52005 0)
(0.434838 1.23181 0)
(-0.00839602 0.726642 0)
(0.0874446 0.54407 0)
(-0.014454 0.681611 0)
(0.712604 -0.607853 0)
(0.700369 -0.397679 0)
(0.498084 -0.187089 0)
(0.382184 0.117811 0)
(-0.203807 0.417093 0)
(-0.671118 0.219684 0)
(-0.639607 -0.0273411 0)
(-0.554589 0.111127 0)
(-0.516147 0.210704 0)
(-0.502576 0.275374 0)
(-0.460815 0.331108 0)
(-0.452467 0.408847 0)
(-0.406881 0.49531 0)
(-0.214026 0.850609 0)
(0.13864 1.31123 0)
(0.353438 1.27734 0)
(0.196655 0.895445 0)
(0.105113 0.595258 0)
(0.00147526 0.717501 0)
(-0.15802 -0.423729 0)
(-0.198499 -0.485578 0)
(-0.370827 -0.401285 0)
(-0.449583 -0.278839 0)
(-0.353359 -0.125408 0)
(-0.300392 -0.143368 0)
(-0.33444 0.00714205 0)
(-0.438694 0.107286 0)
(-0.438195 0.187839 0)
(-0.433767 0.243569 0)
(-0.386766 0.308433 0)
(-0.392105 0.379065 0)
(-0.338949 0.435844 0)
(-0.226973 0.664671 0)
(-0.101217 1.03822 0)
(0.306415 1.22733 0)
(0.156143 0.9436 0)
(0.0479038 0.66787 0)
(0.0216083 0.773277 0)
(-0.224854 -0.259354 0)
(-0.319945 -0.1731 0)
(-0.387798 -0.0828818 0)
(-0.421901 0.0581643 0)
(-0.433624 0.116899 0)
(-0.443579 0.105946 0)
(-0.449238 0.0838832 0)
(-0.423492 0.125726 0)
(-0.385558 0.177239 0)
(-0.378821 0.228977 0)
(-0.325637 0.287836 0)
(-0.330026 0.349547 0)
(-0.274736 0.386668 0)
(-0.187351 0.577506 0)
(-0.1638 0.81908 0)
(0.26361 1.05632 0)
(0.100773 1.06524 0)
(-0.0138192 0.733291 0)
(0.0352347 0.809779 0)
(-0.255025 -0.307134 0)
(-0.318261 -0.268169 0)
(-0.370021 -0.210228 0)
(-0.37722 -0.153462 0)
(-0.349865 -0.0837015 0)
(-0.324018 -0.0388237 0)
(-0.333369 0.0386208 0)
(-0.346731 0.103054 0)
(-0.329806 0.159108 0)
(-0.327243 0.210803 0)
(-0.272357 0.261617 0)
(-0.273926 0.317638 0)
(-0.208727 0.341344 0)
(-0.132923 0.517361 0)
(-0.123121 0.643517 0)
(0.283406 0.929758 0)
(0.0179144 1.21817 0)
(0.0050685 0.726864 0)
(0.033097 0.830985 0)
(-0.255107 -0.170676 0)
(-0.29385 -0.138572 0)
(-0.314521 -0.0867831 0)
(-0.320904 -0.0293362 0)
(-0.325524 0.0135401 0)
(-0.329084 0.0368818 0)
(-0.322783 0.0621373 0)
(-0.310152 0.0994704 0)
(-0.28571 0.141826 0)
(-0.280557 0.190782 0)
(-0.225253 0.231636 0)
(-0.228512 0.281122 0)
(-0.149087 0.298955 0)
(-0.0894263 0.455038 0)
(-0.0519053 0.485828 0)
(0.31119 0.8738 0)
(-0.117092 1.38011 0)
(0.0693431 0.685974 0)
(0.0189805 0.858377 0)
(-0.233427 -0.187563 0)
(-0.258249 -0.159888 0)
(-0.280579 -0.123938 0)
(-0.284176 -0.0912916 0)
(-0.284433 -0.0433873 0)
(-0.275463 -0.00264849 0)
(-0.272655 0.0442816 0)
(-0.26829 0.0888993 0)
(-0.245929 0.124977 0)
(-0.241125 0.169319 0)
(-0.183666 0.20174 0)
(-0.193371 0.243329 0)
(-0.0999519 0.253599 0)
(-0.0676319 0.387799 0)
(0.024873 0.339638 0)
(0.30157 0.871762 0)
(-0.132113 1.47871 0)
(0.0964642 0.664175 0)
(0.00645274 0.896641 0)
(-0.212744 -0.143137 0)
(-0.228292 -0.125939 0)
(-0.236371 -0.0979828 0)
(-0.245016 -0.0625561 0)
(-0.252566 -0.0231748 0)
(-0.246633 0.00629597 0)
(-0.241277 0.03971 0)
(-0.234076 0.0783939 0)
(-0.210743 0.108332 0)
(-0.209107 0.147356 0)
(-0.147306 0.174051 0)
(-0.170214 0.208098 0)
(-0.0572204 0.213863 0)
(-0.0780653 0.312453 0)
(0.0819326 0.21927 0)
(0.19726 0.920924 0)
(-0.0312724 1.5334 0)
(0.103465 0.663715 0)
(0.00104562 0.941247 0)
(-0.195874 -0.133124 0)
(-0.207598 -0.115682 0)
(-0.211936 -0.0931686 0)
(-0.221985 -0.0596486 0)
(-0.220021 -0.0285811 0)
(-0.216609 -0.00398666 0)
(-0.211598 0.0323896 0)
(-0.202456 0.0682353 0)
(-0.180047 0.0923862 0)
(-0.182317 0.126213 0)
(-0.116137 0.149222 0)
(-0.155451 0.175939 0)
(-0.0221705 0.183703 0)
(-0.108679 0.239484 0)
(0.11499 0.161542 0)
(-0.0324775 0.943268 0)
(0.220343 1.51422 0)
(0.0782536 0.693871 0)
(-0.00455527 0.989295 0)
(-0.17245 -0.132036 0)
(-0.178211 -0.10965 0)
(-0.191441 -0.0871959 0)
(-0.194706 -0.0602328 0)
(-0.192622 -0.0315871 0)
(-0.188456 -0.00622129 0)
(-0.188644 0.0260086 0)
(-0.172522 0.0554792 0)
(-0.153653 0.0785332 0)
(-0.158735 0.106419 0)
(-0.0899448 0.128004 0)
(-0.14338 0.145995 0)
(0.00375013 0.162497 0)
(-0.129736 0.183122 0)
(0.121418 0.165238 0)
(-0.166005 0.862589 0)
(0.398808 1.36401 0)
(-0.0288525 0.816701 0)
(-0.0126269 1.03205 0)
(-0.157958 -0.119887 0)
(-0.163075 -0.100949 0)
(-0.170929 -0.0802716 0)
(-0.171039 -0.0586523 0)
(-0.168063 -0.0343615 0)
(-0.16638 -0.00921126 0)
(-0.162736 0.0184129 0)
(-0.148761 0.0430316 0)
(-0.130099 0.0658823 0)
(-0.138164 0.0880847 0)
(-0.0676565 0.110144 0)
(-0.13093 0.118122 0)
(0.0234249 0.146573 0)
(-0.130315 0.140567 0)
(0.127762 0.178845 0)
(-0.176288 0.72647 0)
(0.484859 1.21729 0)
(-0.126607 1.07418 0)
(-0.0113761 1.0723 0)
(-0.140784 -0.114723 0)
(-0.146968 -0.0955108 0)
(-0.150011 -0.0794066 0)
(-0.148488 -0.0613792 0)
(-0.147832 -0.0355451 0)
(-0.147597 -0.0121458 0)
(-0.135999 0.00868982 0)
(-0.130507 0.0338748 0)
(-0.108382 0.0531353 0)
(-0.120448 0.0714954 0)
(-0.0493788 0.0943605 0)
(-0.117029 0.0926826 0)
(0.0360484 0.1312 0)
(-0.11219 0.104817 0)
(0.136325 0.182036 0)
(-0.120454 0.585276 0)
(0.499147 1.15044 0)
(-0.12184 1.21345 0)
(-0.00684475 1.13187 0)
(-0.127032 -0.10923 0)
(-0.132815 -0.092621 0)
(-0.130602 -0.0785993 0)
(-0.130135 -0.0610479 0)
(-0.129354 -0.0369138 0)
(-0.126349 -0.0184167 0)
(-0.116633 0.000955078 0)
(-0.112394 0.0254209 0)
(-0.0895525 0.0412232 0)
(-0.104322 0.0568271 0)
(-0.0354381 0.0798735 0)
(-0.102926 0.0701386 0)
(0.0421615 0.11361 0)
(-0.0896934 0.0701143 0)
(0.143409 0.157203 0)
(-0.0541803 0.458362 0)
(0.499652 1.06273 0)
(-0.0115466 1.3132 0)
(0.000430775 1.25486 0)
(-0.112645 -0.107927 0)
(-0.11632 -0.0927673 0)
(-0.114241 -0.0791664 0)
(-0.11369 -0.0619893 0)
(-0.113401 -0.039733 0)
(-0.105618 -0.0232724 0)
(-0.101393 -0.00587354 0)
(-0.0945403 0.0166818 0)
(-0.0738952 0.0309061 0)
(-0.0891302 0.0439983 0)
(-0.0259724 0.0670834 0)
(-0.0898114 0.0511533 0)
(0.0402812 0.0958572 0)
(-0.0782462 0.0377477 0)
(0.132196 0.11114 0)
(-0.0238289 0.35279 0)
(0.431822 0.925666 0)
(0.152218 1.47694 0)
(0.0283159 1.45008 0)
(-0.0992617 -0.105042 0)
(-0.101739 -0.0924221 0)
(-0.100344 -0.0790846 0)
(-0.097919 -0.0631124 0)
(-0.0972994 -0.0443398 0)
(-0.0884262 -0.028558 0)
(-0.0859186 -0.0114341 0)
(-0.0784005 0.00792466 0)
(-0.0601533 0.0223926 0)
(-0.0746913 0.033431 0)
(-0.0200054 0.0566394 0)
(-0.0778965 0.0372887 0)
(0.0308349 0.0817197 0)
(-0.0800617 0.0092382 0)
(0.0991852 0.0774507 0)
(-0.0549727 0.26939 0)
(0.286905 0.839196 0)
(0.0719286 1.59003 0)
(0.0259511 1.51241 0)
(-0.0874143 -0.105627 0)
(-0.088037 -0.0930612 0)
(-0.0872629 -0.0802624 0)
(-0.0832518 -0.0651001 0)
(-0.0820692 -0.0485134 0)
(-0.0738806 -0.0335517 0)
(-0.070397 -0.0171177 0)
(-0.0635707 1.06765e-06 0)
(-0.0472327 0.0153141 0)
(-0.0604498 0.0251959 0)
(-0.0161631 0.0493625 0)
(-0.0661918 0.0311524 0)
(0.0140083 0.0736392 0)
(-0.0857466 0.000314295 0)
(0.0466685 0.0679002 0)
(-0.137032 0.226257 0)
(0.144609 0.837473 0)
(-0.179203 1.69068 0)
(0.0398395 1.49718 0)
(-0.0763909 -0.105536 0)
(-0.0757934 -0.0939748 0)
(-0.0748632 -0.0820677 0)
(-0.0701138 -0.0679715 0)
(-0.0677829 -0.0530132 0)
(-0.0602861 -0.0388085 0)
(-0.0554822 -0.0230043 0)
(-0.0491537 -0.00723985 0)
(-0.0345315 0.00915936 0)
(-0.0450962 0.0188174 0)
(-0.01071 0.0451224 0)
(-0.0536648 0.0322715 0)
(0.00239255 0.074453 0)
(-0.0911041 0.0186296 0)
(-0.00868112 0.0801801 0)
(-0.2052 0.241643 0)
(0.00673344 0.840905 0)
(-0.320992 1.63999 0)
(0.0719216 1.46036 0)
(-0.0666539 -0.106629 0)
(-0.0645738 -0.0955947 0)
(-0.0632644 -0.0843892 0)
(-0.0580337 -0.0715179 0)
(-0.0544048 -0.057897 0)
(-0.0472627 -0.0443563 0)
(-0.0412277 -0.0292846 0)
(-0.0345375 -0.0140978 0)
(-0.0217142 0.00325265 0)
(-0.0281136 0.0138049 0)
(-0.0015719 0.0431831 0)
(-0.036964 0.0365192 0)
(0.00416112 0.0850325 0)
(-0.0869966 0.0508806 0)
(-0.034763 0.115062 0)
(-0.225726 0.304748 0)
(-0.114001 0.797674 0)
(-0.265801 1.49658 0)
(0.0919152 1.46486 0)
(-0.0574942 -0.108029 0)
(-0.0545451 -0.0978021 0)
(-0.0524832 -0.087468 0)
(-0.0469007 -0.0757879 0)
(-0.0420974 -0.0633128 0)
(-0.034725 -0.0505418 0)
(-0.0274858 -0.0362312 0)
(-0.0195766 -0.0212073 0)
(-0.00806649 -0.00336341 0)
(-0.0087173 0.00882679 0)
(0.011825 0.0418901 0)
(-0.0140441 0.0402871 0)
(0.0217165 0.10142 0)
(-0.0641149 0.0841607 0)
(-0.0178131 0.15944 0)
(-0.196088 0.381703 0)
(-0.187528 0.752886 0)
(-0.168752 1.31702 0)
(0.105926 1.47366 0)
(-0.0491525 -0.109933 0)
(-0.045505 -0.100573 0)
(-0.0426432 -0.0911493 0)
(-0.0367017 -0.0807145 0)
(-0.0308284 -0.0694112 0)
(-0.0228358 -0.057578 0)
(-0.0142034 -0.0441612 0)
(-0.0044817 -0.0295477 0)
(0.00638681 -0.0119473 0)
(0.0133183 0.00360753 0)
(0.0290422 0.0356325 0)
(0.0166231 0.0436798 0)
(0.0518464 0.110914 0)
(-0.0237244 0.109178 0)
(0.0425406 0.207252 0)
(-0.131444 0.4438 0)
(-0.0799709 0.724646 0)
(-0.129543 1.27846 0)
(0.126061 1.47794 0)
(-0.0415579 -0.112181 0)
(-0.0374869 -0.103833 0)
(-0.0338581 -0.0954021 0)
(-0.0275397 -0.0862546 0)
(-0.020693 -0.0762662 0)
(-0.0118195 -0.0656828 0)
(-0.00174907 -0.053518 0)
(0.00996226 -0.0398125 0)
(0.0227523 -0.0232348 0)
(0.0351035 -0.00450708 0)
(0.0505287 0.023322 0)
(0.0530592 0.0443362 0)
(0.0889857 0.106094 0)
(0.0325525 0.122358 0)
(0.132657 0.233184 0)
(-0.0495229 0.452337 0)
(0.237835 0.722645 0)
(-0.160813 1.31384 0)
(0.169638 1.47788 0)
(-0.0347897 -0.114763 0)
(-0.0304655 -0.107507 0)
(-0.0261845 -0.100171 0)
(-0.0195424 -0.0923882 0)
(-0.0119205 -0.0839597 0)
(-0.00212064 -0.0749207 0)
(0.00951399 -0.0644706 0)
(0.0233283 -0.0523231 0)
(0.0390813 -0.0374376 0)
(0.0564788 -0.0188219 0)
(0.0759845 0.0068946 0)
(0.0912915 0.0354917 0)
(0.130524 0.0892166 0)
(0.0967149 0.12374 0)
(0.221537 0.233003 0)
(0.0320918 0.415736 0)
(0.475883 0.743296 0)
(-0.267523 1.40466 0)
(0.284668 1.44978 0)
(-0.0288983 -0.117546 0)
(-0.0245 -0.111439 0)
(-0.0197573 -0.10531 0)
(-0.0129232 -0.099022 0)
(-0.00468931 -0.0923482 0)
(0.00596755 -0.0851193 0)
(0.0189651 -0.0768635 0)
(0.0348229 -0.0671323 0)
(0.0537623 -0.0549109 0)
(0.0763559 -0.0388309 0)
(0.102399 -0.0162838 0)
(0.129203 0.0140739 0)
(0.175883 0.0616979 0)
(0.165231 0.109574 0)
(0.307933 0.217606 0)
(0.107253 0.393869 0)
(0.523014 0.857017 0)
(-0.472293 1.61057 0)
(0.437851 1.41309 0)
(-0.02392 -0.120459 0)
(-0.0196076 -0.115519 0)
(-0.014645 -0.110679 0)
(-0.00780312 -0.105965 0)
(0.000801958 -0.101108 0)
(0.0120436 -0.0960585 0)
(0.0260304 -0.0904779 0)
(0.0435688 -0.0839361 0)
(0.0653447 -0.0756568 0)
(0.0925961 -0.0641452 0)
(0.126332 -0.0473847 0)
(0.164748 -0.0220209 0)
(0.223814 0.0196168 0)
(0.240859 0.0725597 0)
(0.41142 0.177962 0)
(0.245128 0.39099 0)
(0.682997 1.04025 0)
(-0.357079 1.65391 0)
(0.587673 1.45266 0)
(-0.0198826 -0.123352 0)
(-0.0158227 -0.119562 0)
(-0.0108987 -0.116057 0)
(-0.00422675 -0.112948 0)
(0.00438102 -0.110008 0)
(0.0157355 -0.107387 0)
(0.0301536 -0.104854 0)
(0.0485895 -0.102188 0)
(0.0722832 -0.098872 0)
(0.103053 -0.0939521 0)
(0.142904 -0.0859407 0)
(0.193337 -0.0716758 0)
(0.267877 -0.0442989 0)
(0.319045 -0.000837493 0)
(0.524703 0.0860845 0)
(0.437729 0.343953 0)
(0.96337 1.05928 0)
(0.147101 1.86891 0)
(0.756754 1.65151 0)
(-0.0167564 -0.126073 0)
(-0.0131232 -0.123381 0)
(-0.00851138 -0.121192 0)
(-0.00228481 -0.119657 0)
(0.00592008 -0.118721 0)
(0.0168437 -0.118639 0)
(0.0309358 -0.119333 0)
(0.0493187 -0.120946 0)
(0.0733906 -0.123308 0)
(0.105375 -0.126402 0)
(0.14873 -0.129583 0)
(0.206385 -0.131457 0)
(0.296971 -0.127451 0)
(0.38062 -0.115929 0)
(0.622751 -0.0692087 0)
(0.62857 0.219079 0)
(1.19239 0.920865 0)
(0.56897 2.21734 0)
(0.971576 2.06749 0)
(-0.0145016 -0.12847 0)
(-0.0114646 -0.126807 0)
(-0.00742609 -0.125837 0)
(-0.00195996 -0.125779 0)
(0.00538623 -0.126768 0)
(0.0152832 -0.12913 0)
(0.028222 -0.133007 0)
(0.045256 -0.138865 0)
(0.0678254 -0.14717 0)
(0.0983084 -0.158625 0)
(0.14035 -0.174108 0)
(0.199077 -0.195147 0)
(0.292458 -0.220861 0)
(0.397489 -0.259676 0)
(0.661346 -0.281652 0)
(0.74824 -0.00559285 0)
(1.28638 0.734024 0)
(0.892227 2.64354 0)
(1.23194 2.71423 0)
(-0.0130324 -0.130381 0)
(-0.0107489 -0.129607 0)
(-0.00753034 -0.129757 0)
(-0.00313108 -0.131121 0)
(0.00297238 -0.133818 0)
(0.0113221 -0.138386 0)
(0.0223549 -0.145191 0)
(0.036906 -0.154923 0)
(0.0561829 -0.168589 0)
(0.0821783 -0.187645 0)
(0.117973 -0.214694 0)
(0.168606 -0.253742 0)
(0.249328 -0.310049 0)
(0.349486 -0.401723 0)
(0.594352 -0.50871 0)
(0.715932 -0.312437 0)
(1.25721 0.463702 0)
(0.985339 2.90063 0)
(1.55668 3.54725 0)
(-0.012198 -0.13159 0)
(-0.0109214 -0.131589 0)
(-0.00876663 -0.132604 0)
(-0.00563058 -0.135105 0)
(-0.0012572 -0.139219 0)
(0.00482086 -0.145508 0)
(0.0129952 -0.154715 0)
(0.0237489 -0.167432 0)
(0.0379246 -0.185092 0)
(0.0565496 -0.209803 0)
(0.0812657 -0.24488 0)
(0.11546 -0.296658 0)
(0.165388 -0.375289 0)
(0.225398 -0.507604 0)
(0.385663 -0.67896 0)
(0.410887 -0.609943 0)
(0.979639 0.269897 0)
(0.682816 3.21084 0)
(1.79586 4.56049 0)
(-0.0116737 -0.132131 0)
(-0.0113325 -0.132679 0)
(-0.0105296 -0.13459 0)
(-0.00880794 -0.138038 0)
(-0.00602566 -0.143342 0)
(-0.00214182 -0.150989 0)
(0.00320965 -0.161653 0)
(0.0102548 -0.176256 0)
(0.0188635 -0.196184 0)
(0.0293233 -0.223613 0)
(0.0412223 -0.262315 0)
(0.0542597 -0.318557 0)
(0.066043 -0.404861 0)
(0.0653051 -0.544984 0)
(0.0852107 -0.718162 0)
(-0.117697 -0.768902 0)
(0.312688 0.218013 0)
(-0.415633 3.29474 0)
(1.54881 4.86859 0)
(-0.0111369 -0.131123 0)
(-0.0121875 -0.132045 0)
(-0.0129236 -0.134563 0)
(-0.013103 -0.138773 0)
(-0.0127148 -0.144965 0)
(-0.0116499 -0.153578 0)
(-0.00986649 -0.165076 0)
(-0.00747192 -0.18044 0)
(-0.00487978 -0.200644 0)
(-0.00301334 -0.227181 0)
(-0.00386845 -0.262524 0)
(-0.0117309 -0.310071 0)
(-0.036401 -0.377222 0)
(-0.093492 -0.475001 0)
(-0.224559 -0.607602 0)
(-0.509668 -0.66792 0)
(-0.604909 0.326513 0)
(-0.908901 3.06842 0)
(0.825874 5.08452 0)
(-0.0110973 -0.130985 0)
(-0.0115241 -0.131408 0)
(-0.0123359 -0.133782 0)
(-0.0133083 -0.138211 0)
(-0.0141077 -0.144871 0)
(-0.0146602 -0.154048 0)
(-0.0149801 -0.166145 0)
(-0.0152412 -0.181733 0)
(-0.015883 -0.201429 0)
(-0.0178947 -0.225784 0)
(-0.0233002 -0.254947 0)
(-0.0362244 -0.288079 0)
(-0.0652666 -0.322128 0)
(-0.128291 -0.349799 0)
(-0.261286 -0.364528 0)
(-0.522181 -0.309783 0)
(-0.782756 0.195259 0)
(-0.803785 2.30726 0)
(0.374882 4.56713 0)
)
;

boundaryField
{
    leftWall
    {
        type            calculated;
        value           uniform (0 0 0);
    }
    rightWall
    {
        type            calculated;
        value           uniform (0 0 0);
    }
    lowerWall
    {
        type            calculated;
        value           uniform (0 0 0);
    }
    atmosphere
    {
        type            calculated;
        value           nonuniform List<vector> 
46
(
(-0.000766302 -0.16651 0)
(-0.00374962 -0.168984 0)
(-0.00743287 -0.168983 0)
(-0.0105829 -0.169002 0)
(-0.0137873 -0.168911 0)
(-0.0167894 -0.168748 0)
(-0.0195942 -0.168496 0)
(-0.0221363 -0.168142 0)
(-0.0243798 -0.167676 0)
(-0.0262872 -0.167088 0)
(-0.0278278 -0.166365 0)
(-0.0289828 -0.165495 0)
(-0.0297104 -0.164464 0)
(-0.0299284 -0.163253 0)
(-0.0296145 -0.161833 0)
(-0.0288101 -0.160176 0)
(-0.0275388 -0.158257 0)
(-0.0258265 -0.156043 0)
(-0.0237158 -0.153491 0)
(-0.0212807 -0.150554 0)
(-0.0186359 -0.147176 0)
(-0.0159718 -0.143309 0)
(-0.0134333 -0.139003 0)
(-0.0124785 -0.136165 0)
(-0.0118594 -0.134489 0)
(-0.0114595 -0.133146 0)
(-0.0111861 -0.132122 0)
(-0.0110973 -0.13099 0)
(-0.0115241 -0.131412 0)
(-0.0123359 -0.133786 0)
(-0.0133083 -0.138221 0)
(-0.0141078 -0.144892 0)
(-0.0146602 -0.154086 0)
(-0.0149801 -0.166208 0)
(-0.0152412 -0.181826 0)
(-0.015883 -0.201556 0)
(-0.0178947 -0.225932 0)
(-0.0233002 -0.255065 0)
(-0.0362245 -0.288006 0)
(-0.0652666 -0.321433 0)
(-0.128291 -0.347508 0)
(-0.261286 -0.358669 0)
(-0.522181 -0.295595 0)
(-0.782756 0.201224 0)
(-0.803785 2.29357 0)
(0.374882 4.54938 0)
)
;
    }
    defaultFaces
    {
        type            empty;
    }
}


// ************************************************************************* //
