/*--------------------------------*- C++ -*----------------------------------*\
| =========                 |                                                 |
| \\      /  F ield         | OpenFOAM: The Open Source CFD Toolbox           |
|  \\    /   O peration     | Version:  2.4.0                                 |
|   \\  /    A nd           | Web:      www.OpenFOAM.org                      |
|    \\/     M anipulation  |                                                 |
\*---------------------------------------------------------------------------*/
FoamFile
{
    version     2.0;
    format      ascii;
    class       volScalarField;
    location    "0.6";
    object      alphas;
}
// * * * * * * * * * * * * * * * * * * * * * * * * * * * * * * * * * * * * * //

dimensions      [0 0 0 0 0 0 0];

internalField   nonuniform List<scalar> 
575
(
3
3
3
3
3
3
3
3
3
3
3
3
3
3
3
3
3
3
3
3
3
3
3
3
3
3
3
3
3
3
2.99999
2.99999
2.99999
2.99999
2.99999
2.99999
2.99999
2.99999
2.99999
2.99999
2.99999
2.99999
2.99999
2.99999
2.99999
2.99999
2.99999
2.99999
2.99999
2.99999
2.99999
2.99999
2.99999
2.99999
2.99999
2.99999
2.99999
2.99999
2.99999
2.99999
3
2.99999
2.99999
2.99999
3
2.99999
2.99999
2.99999
3
3
2.99999
2.99999
3
3
3
3
3
3
3
3
3
3
3
3
3
3
3
3
3
3
3
3
3
3
3
3
3
3
3
3
2.99999
2.99999
2.99999
2.99999
2.99999
2.99999
3
3
2.99999
2.99809
2.9728
2.75111
1.91944
1.14235
1.01775
0.996294
0.995364
0.998192
0.999357
3
2.99999
2.99999
2.99999
2.99999
3
3
3
3
2.99999
2.9994
2.98915
2.9335
2.65514
2.27904
1.98649
1.74038
1.4353
1.16595
3
2.99999
2.99999
2.99999
2.99999
3
3
3
3
3
3
2.99981
2.99834
2.99336
2.98007
2.95644
2.93674
2.79085
1.88957
3
2.99999
2.99999
2.99999
2.99999
3
3
3
3
3
3
3
3
2.99999
2.99998
2.99995
2.99987
2.96141
1.84218
3
2.99999
2.99999
2.99999
2.99999
3
3
3
3
3
3
3
3
3
3
3
3
2.99981
1.73438
3
2.99999
2.99999
2.99999
2.99999
3
3
3
3
3
3
3
3
3
3
3
3
2.99997
2.05669
3
2.99999
2.99999
2.99999
2.99999
3
3
3
3
3
3
3
3
3
3
3
3
2.99999
2.18688
2.99999
2.99999
2.99999
2.99999
3
3
3
3
3
3
3
3
3
3
3
3
3
2.99999
2.19517
2.99999
2.99999
2.99999
2.99999
3
3
3
3
3
3
3
3
3
3
3
3
3
3
2.32991
2.99999
2.99999
2.99999
2.99999
2.99999
3
3
3
3
3
3
3
3
3
3
3
3
3
2.52958
2.99999
2.99999
2.99999
2.99999
2.99999
3
3
3
3
3
3
3
3
3
3
3
3
2.99995
2.7278
2.99999
2.99999
2.99999
2.99999
2.99999
3
3
3
3
3
3
3
3
3
3
3
3
2.99948
2.90006
2.99999
2.99999
2.99999
2.99999
2.99999
3
3
3
3
3
3
3
3
3
3
3
3
2.99857
2.97822
2.99999
2.99999
2.99999
2.99999
2.99999
3
3
3
3
3
3
3
3
3
2.99995
2.99999
2.99999
2.99824
2.9979
2.99999
2.99999
2.99999
2.99999
2.99999
3
3
3
3
3
3
3
3
2.99997
2.99982
2.99998
2.99995
2.99964
2.99963
2.99999
2.99999
2.99999
2.99999
3
3
3
3
3
3
3
3
3
2.99993
2.99961
2.99996
2.99996
2.99968
2.99436
2.99999
2.99999
2.99999
2.99999
3
3
3
3
3
3
3
3
3
2.99998
2.9996
2.99794
2.99646
2.96183
2.74296
2.99999
2.99999
2.99999
3
3
3
3
3
3
3
3
3
3
3
2.99981
2.98824
2.82045
2.30374
1.61262
3
2.99999
3
3
3
3
3
3
3
3
3
3
3
3
2.99983
2.98034
2.5743
1.45532
1.04135
3
3
3
3
3
3
3
3
3
3
3
3
3
3
2.99993
2.99154
2.75002
1.44652
1.02835
3
3
3
3
3
3
3
3
3
3
3
3
3
3
2.99999
2.99945
2.98398
2.29325
1.02835
3
3
3
3
3
3
3
3
3
3
3
3
3
3
3
2.99999
2.99989
2.83976
1.04172
3
3
3
3
3
3
3
3
3
3
3
3
3
3
3
3
3
2.9689
1.31701
3
3
3
3
3
3
3
3
3
3
3
3
3
3
3
3
3
2.99713
2.21026
3
3
3
3
3
3
3
3
3
3
3
3
3
3
3
3
3
2.99993
2.94428
)
;

boundaryField
{
    leftWall
    {
        type            zeroGradient;
    }
    rightWall
    {
        type            zeroGradient;
    }
    lowerWall
    {
        type            zeroGradient;
    }
    atmosphere
    {
        type            zeroGradient;
    }
    defaultFaces
    {
        type            empty;
    }
    procBoundary3to1
    {
        type            processor;
        value           nonuniform List<scalar> 
23
(
2.99999
3
2.99999
2.99999
2.99999
2.99999
2.99999
2.99999
2.99999
3
3
3
2.99967
2.948
2.38525
1.37226
1.02061
0.994059
0.987385
0.973333
0.968589
0.97161
0.969431
)
;
    }
    procBoundary3to2
    {
        type            processor;
        value           nonuniform List<scalar> 
25
(
3
3
3
3
3
3
3
2.99999
2.99999
2.99999
2.99999
2.99999
2.99999
2.99999
3
3
3
3
3
3
3
3
3
3
3
)
;
    }
}


// ************************************************************************* //
