/*--------------------------------*- C++ -*----------------------------------*\
| =========                 |                                                 |
| \\      /  F ield         | OpenFOAM: The Open Source CFD Toolbox           |
|  \\    /   O peration     | Version:  2.4.0                                 |
|   \\  /    A nd           | Web:      www.OpenFOAM.org                      |
|    \\/     M anipulation  |                                                 |
\*---------------------------------------------------------------------------*/
FoamFile
{
    version     2.0;
    format      ascii;
    class       volScalarField;
    location    "0.6";
    object      p;
}
// * * * * * * * * * * * * * * * * * * * * * * * * * * * * * * * * * * * * * //

dimensions      [1 -1 -2 0 0 0 0];

internalField   nonuniform List<scalar> 
575
(
3.35525
3.35282
3.3501
3.34707
3.21192
3.2093
3.20644
3.20335
3.06945
3.0667
3.06371
3.06054
2.9278
2.92491
2.92178
2.91842
2.78685
2.78382
2.78062
2.7772
2.64671
2.64362
2.64038
2.6369
2.50737
2.50431
2.50105
2.49759
2.36884
2.36585
2.36268
2.35932
2.2311
2.22823
2.2252
2.22199
2.09402
2.09135
2.08851
2.08552
1.95756
1.9551
1.9525
1.94977
1.8216
1.81937
1.81703
1.81458
1.68604
1.68406
1.68198
1.67982
1.55079
1.54904
1.54723
1.54535
1.41576
1.41424
1.41268
1.41107
1.28088
1.27958
1.27825
1.27688
1.14609
1.14499
1.14387
1.14273
1.01135
1.01043
1.00951
1.00856
0.876617
0.875868
0.875104
0.874333
0.741858
0.741257
0.740658
0.740053
0.607076
0.606618
0.606156
0.605693
0.472259
0.471923
0.471586
0.471248
0.337392
0.337163
0.336936
0.336711
0.202459
0.202326
0.202202
0.202079
0.0673914
0.0673867
0.0673706
0.0673491
3.34162
3.33286
3.32378
3.31643
3.31385
3.31936
3.33714
3.36612
3.37137
3.31989
3.23292
2.10744
-1.10736
5.1939
19.837
71.185
143.238
240.163
317.982
3.19793
3.18936
3.18047
3.17272
3.16728
3.16532
3.16714
3.17488
3.15623
3.07782
2.89511
2.71701
2.65642
2.55493
2.82621
4.80453
12.7271
60.182
159.584
3.05494
3.04602
3.03644
3.02675
3.01713
3.00752
2.99648
2.98558
2.94747
2.87065
2.7459
2.55488
2.40648
2.33351
2.3555
2.4134
2.54849
4.09499
30.7142
2.91251
2.90306
2.89246
2.88074
2.86721
2.85106
2.83023
2.80444
2.74632
2.6624
2.56012
2.38539
2.33374
2.27481
2.26512
2.38836
2.47175
2.16862
4.15064
2.77105
2.76109
2.74952
2.73606
2.71966
2.69884
2.67119
2.63362
2.56209
2.47666
2.32948
2.17418
2.21939
2.147
2.08485
2.13583
2.28897
2.14857
2.5681
2.63063
2.62042
2.60835
2.59383
2.57598
2.55292
2.52158
2.47573
2.40134
2.33787
2.09938
2.0076
2.12351
2.08004
2.02172
2.07702
2.20702
2.1349
2.14668
2.49139
2.48117
2.46909
2.45451
2.43657
2.41368
2.3832
2.34028
2.27969
2.20519
1.96565
1.98346
2.08041
2.07023
2.02422
2.04542
2.139
2.12979
2.2512
2.35329
2.3434
2.33179
2.31792
2.30111
2.28028
2.25381
2.21947
2.17507
2.11038
1.98501
2.01107
2.05169
2.08734
2.06664
2.06986
2.14431
2.13506
2.43867
2.21629
2.20701
2.19623
2.18361
2.16873
2.15104
2.12989
2.10473
2.07509
2.03789
1.99412
2.02058
2.07547
2.11917
2.10075
2.06852
2.10595
2.10097
2.29445
2.08024
2.07176
2.06208
2.05103
2.03843
2.02418
2.00835
1.99144
1.97469
1.96126
1.96138
1.99764
2.06891
2.09074
2.06025
2.02886
2.04551
2.05069
2.14168
1.94498
1.93741
1.92894
1.91955
1.90926
1.89826
1.88705
1.87665
1.86904
1.86852
1.88155
1.9171
1.97417
1.99097
1.96541
1.95522
1.97129
1.99413
1.98342
1.81031
1.80369
1.79645
1.78866
1.78048
1.77225
1.76464
1.75877
1.75653
1.76121
1.77707
1.80714
1.84844
1.86283
1.85732
1.86677
1.89404
1.9657
1.90666
1.67607
1.67038
1.6643
1.65795
1.65156
1.64551
1.64048
1.63745
1.63797
1.64423
1.65882
1.68227
1.71422
1.72717
1.74402
1.77309
1.83393
1.96611
1.95656
1.54211
1.53729
1.53225
1.52714
1.52219
1.51778
1.51448
1.51299
1.51452
1.52053
1.53216
1.54934
1.57368
1.58772
1.61889
1.67414
1.79664
1.97944
1.98822
1.40831
1.40427
1.40016
1.39607
1.39225
1.38902
1.38682
1.38611
1.38761
1.39222
1.39984
1.41001
1.42663
1.43187
1.46848
1.57594
1.77793
1.99974
2.0066
1.27456
1.27122
1.26792
1.26462
1.26168
1.2593
1.25778
1.25743
1.25858
1.26146
1.26545
1.26891
1.27052
1.26319
1.28099
1.44
1.76154
2.04103
1.99526
1.14079
1.13802
1.13525
1.13275
1.13051
1.12873
1.12763
1.1274
1.12814
1.12964
1.13035
1.12579
1.10918
1.08637
1.10064
1.26517
1.74396
2.01043
2.02648
1.00696
1.00472
1.00253
1.00053
0.998783
0.997424
0.996597
0.996441
0.997106
0.998671
1.00046
1.00033
0.987444
0.919608
0.839861
0.794843
1.27177
1.87399
2.26794
0.873049
0.871259
0.869532
0.867941
0.866552
0.865445
0.864693
0.864349
0.864459
0.864975
0.865106
0.863314
0.851289
0.786823
0.588795
0.340366
0.282455
1.49883
2.63461
0.739038
0.73763
0.736278
0.735019
0.73389
0.732913
0.732079
0.731309
0.730435
0.729035
0.725689
0.718365
0.699583
0.618692
0.399134
0.104307
-0.136855
0.250695
3.57641
0.604915
0.603839
0.602801
0.601816
0.600884
0.59998
0.599013
0.597774
0.595884
0.5926
0.586041
0.572799
0.549357
0.473636
0.304101
0.0779588
-0.00177973
0.0137679
2.32134
0.470683
0.4699
0.46914
0.468398
0.467654
0.466842
0.465825
0.464322
0.461854
0.457632
0.450074
0.435773
0.415602
0.368902
0.278605
0.156579
0.136645
-0.0779997
1.54101
0.336335
0.335817
0.33531
0.3348
0.334257
0.333604
0.332694
0.331255
0.328833
0.324746
0.318099
0.30649
0.29343
0.264403
0.215806
0.136842
0.164559
-0.0800872
1.12272
0.201875
0.201596
0.201321
0.201041
0.200727
0.200318
0.199688
0.198647
0.196867
0.193867
0.18931
0.181728
0.173994
0.156201
0.136518
0.0634055
0.0471313
-0.0787579
0.109546
0.0673066
0.0672354
0.067162
0.0670855
0.0669971
0.0668774
0.0666974
0.0663828
0.0658122
0.0648128
0.0630167
0.0592381
0.0565466
0.0370322
0.041714
-0.0199773
-0.0674716
-0.0750183
-0.0947314
)
;

boundaryField
{
    leftWall
    {
        type            fixedFluxPressure;
        gradient        nonuniform 0();
        value           nonuniform 0();
    }
    rightWall
    {
        type            fixedFluxPressure;
        gradient        uniform 0;
        value           nonuniform List<scalar> 
25
(
317.982
159.584
30.7142
4.15064
2.5681
2.14668
2.2512
2.43867
2.29445
2.14168
1.98342
1.90666
1.95656
1.98822
2.0066
1.99526
2.02648
2.26794
2.63461
3.57641
2.32134
1.54101
1.12272
0.109546
-0.0947314
)
;
    }
    lowerWall
    {
        type            fixedFluxPressure;
        gradient        nonuniform 0();
        value           nonuniform 0();
    }
    atmosphere
    {
        type            totalPressure;
        U               U.air;
        phi             phi.air;
        rho             rho;
        psi             none;
        gamma           1;
        p0              uniform 0;
        value           nonuniform List<scalar> 
23
(
0
0
0
0
0
0
0
0
0
0
0
0
0
0
0
0
0
0
0
-0.041587
-0.0777404
-0.0579807
-0.118165
)
;
    }
    defaultFaces
    {
        type            empty;
    }
    procBoundary3to1
    {
        type            processor;
        value           nonuniform List<scalar> 
23
(
3.4995
3.49728
3.49468
3.49166
3.48597
3.47603
3.46527
3.4561
3.4531
3.46192
3.49016
3.54006
3.61055
3.38987
1.7256
-1.60809
-4.07365
-4.24979
7.58656
62.1336
155.133
279.646
350.681
)
;
    }
    procBoundary3to2
    {
        type            processor;
        value           nonuniform List<scalar> 
25
(
3.35865
3.21567
3.07346
2.93201
2.79127
2.65122
2.51183
2.3732
2.23527
2.09795
1.96119
1.8249
1.689
1.55341
1.41805
1.28285
1.14777
1.01275
0.877767
0.742788
0.607779
0.472779
0.337754
0.202691
0.0673634
)
;
    }
}


// ************************************************************************* //
