/*--------------------------------*- C++ -*----------------------------------*\
| =========                 |                                                 |
| \\      /  F ield         | OpenFOAM: The Open Source CFD Toolbox           |
|  \\    /   O peration     | Version:  2.4.0                                 |
|   \\  /    A nd           | Web:      www.OpenFOAM.org                      |
|    \\/     M anipulation  |                                                 |
\*---------------------------------------------------------------------------*/
FoamFile
{
    version     2.0;
    format      ascii;
    class       surfaceScalarField;
    location    "0.6";
    object      phi;
}
// * * * * * * * * * * * * * * * * * * * * * * * * * * * * * * * * * * * * * //

dimensions      [0 3 -1 0 0 0 0];

internalField   nonuniform List<scalar> 
4432
(
2.2852e-06
-2.2852e-06
4.82711e-06
-2.54191e-06
6.43082e-06
-1.60371e-06
9.24192e-06
-2.8111e-06
1.18094e-05
-2.56745e-06
1.349e-05
-1.68064e-06
1.54192e-05
-1.92921e-06
1.72626e-05
-1.84333e-06
1.97621e-05
-2.49952e-06
2.14965e-05
-1.73441e-06
2.19432e-05
-4.4669e-07
2.15401e-05
4.03056e-07
1.98429e-05
1.69726e-06
1.74015e-05
2.44138e-06
1.36749e-05
3.72656e-06
9.60258e-06
4.07234e-06
5.13407e-06
4.46851e-06
1.4684e-06
3.66567e-06
-1.33827e-06
2.80667e-06
-2.02129e-06
6.83023e-07
-1.33014e-06
-6.91163e-07
-1.85317e-06
5.23032e-07
-1.85318e-06
2.30596e-06
-4.59116e-06
4.76275e-06
-4.9987e-06
6.6288e-06
-3.46977e-06
9.25893e-06
-5.44122e-06
1.16756e-05
-4.98408e-06
1.35849e-05
-3.58995e-06
1.56837e-05
-4.02802e-06
1.76734e-05
-3.83307e-06
2.00655e-05
-4.89163e-06
2.1591e-05
-3.25992e-06
2.19914e-05
-8.47079e-07
2.15538e-05
8.40729e-07
2.0234e-05
3.01699e-06
1.7819e-05
4.85638e-06
1.39647e-05
7.5809e-06
9.6509e-06
8.38613e-06
5.40337e-06
8.71605e-06
1.60919e-06
7.45985e-06
-8.30252e-07
5.24612e-06
-1.72401e-06
1.57678e-06
-1.37798e-06
-1.0372e-06
-1.49147e-06
6.36526e-07
-3.34465e-06
2.31244e-06
-6.9036e-06
4.4985e-06
-7.18476e-06
6.98627e-06
-5.95753e-06
9.09105e-06
-7.546e-06
1.12467e-05
-7.13969e-06
1.3662e-05
-6.00528e-06
1.58883e-05
-6.25435e-06
1.80456e-05
-5.99038e-06
1.94303e-05
-6.27628e-06
2.03059e-05
-4.13554e-06
2.17307e-05
-2.27191e-06
2.31504e-05
-5.78923e-07
2.24965e-05
3.67086e-06
1.98701e-05
7.48277e-06
1.48164e-05
1.26346e-05
9.21925e-06
1.39833e-05
4.0842e-06
1.38511e-05
3.04096e-07
1.12399e-05
-1.63837e-06
7.18858e-06
-1.37966e-06
1.31807e-06
-1.68359e-07
-2.24851e-06
8.78842e-07
-4.10678e-07
-2.46581e-06
2.30222e-06
-9.20583e-06
4.18718e-06
-9.06971e-06
7.25144e-06
-9.02179e-06
8.76387e-06
-9.05843e-06
1.08353e-05
-9.21109e-06
1.37276e-05
-8.89763e-06
1.59064e-05
-8.43311e-06
1.79335e-05
-8.01754e-06
1.89883e-05
-7.33102e-06
2.0545e-05
-5.69223e-06
2.25001e-05
-4.22704e-06
2.25926e-05
-6.71404e-07
2.06686e-05
5.59483e-06
1.78088e-05
1.03426e-05
1.37796e-05
1.66638e-05
8.75044e-06
1.90125e-05
4.11517e-06
1.84864e-05
5.02252e-07
1.48529e-05
-1.53385e-06
9.22469e-06
-1.89425e-06
1.67847e-06
-6.21869e-07
-3.52089e-06
7.63675e-07
-1.79622e-06
-1.70214e-06
1.76304e-06
-1.09689e-05
3.18814e-06
-1.04948e-05
6.06782e-06
-1.19015e-05
7.19995e-06
-1.01906e-05
8.28655e-06
-1.02977e-05
1.11751e-05
-1.17862e-05
1.30727e-05
-1.03308e-05
1.42473e-05
-9.19207e-06
1.52335e-05
-8.31719e-06
1.73237e-05
-7.78252e-06
1.90161e-05
-5.9194e-06
1.98341e-05
-1.48943e-06
2.18521e-05
3.57689e-06
1.78647e-05
1.433e-05
1.18996e-05
2.26289e-05
6.96591e-06
2.39462e-05
2.92842e-06
2.25238e-05
1.1111e-08
1.77702e-05
-1.43731e-06
1.06731e-05
-2.32643e-06
2.56758e-06
-1.73412e-06
-4.11319e-06
4.27494e-07
-3.95784e-06
-1.27465e-06
-4.16997e-07
-1.05519e-05
-4.12203e-07
-1.04996e-05
-7.15046e-07
-1.15986e-05
-1.67691e-07
-1.07379e-05
3.29837e-07
-1.07952e-05
1.08338e-06
-1.25397e-05
2.15314e-06
-1.14005e-05
2.82391e-06
-9.86284e-06
3.71796e-06
-9.21124e-06
4.33222e-06
-8.39678e-06
4.8377e-06
-6.42488e-06
7.48418e-06
-4.13591e-06
1.04924e-05
5.68636e-07
1.08771e-05
1.39453e-05
7.00667e-06
2.64993e-05
1.34447e-06
2.96083e-05
-7.18851e-07
2.45872e-05
-2.00428e-06
1.90556e-05
-1.9565e-06
1.06253e-05
-2.96053e-06
3.57161e-06
-3.35957e-06
-3.71416e-06
-1.14557e-06
-6.17184e-06
-2.42022e-06
-8.69861e-07
-9.68201e-06
-1.49157e-06
-9.87789e-06
-1.85196e-06
-1.12382e-05
-1.81141e-06
-1.07785e-05
-1.09805e-06
-1.15086e-05
1.38654e-07
-1.37764e-05
8.62208e-07
-1.21241e-05
1.51853e-06
-1.05192e-05
1.61234e-06
-9.30504e-06
1.07112e-06
-7.85555e-06
-6.03558e-07
-4.7502e-06
-2.88937e-06
-1.8501e-06
-3.61606e-06
1.29533e-06
-1.02614e-07
1.04319e-05
-1.06185e-06
2.74585e-05
-7.96556e-06
3.65121e-05
-7.56667e-06
2.41883e-05
-5.33844e-06
1.68274e-05
-3.61941e-06
8.9063e-06
-3.67238e-06
3.62458e-06
-4.18114e-06
-3.2054e-06
-1.92426e-06
-8.42872e-06
-4.34448e-06
-1.12946e-06
-8.55255e-06
-1.86992e-06
-9.13743e-06
-2.32247e-06
-1.07857e-05
-2.23268e-06
-1.08682e-05
-1.6776e-06
-1.20637e-05
-2.12172e-07
-1.52418e-05
9.25342e-07
-1.32616e-05
1.77608e-06
-1.13699e-05
2.11178e-06
-9.64074e-06
2.19935e-06
-7.94312e-06
1.84037e-06
-4.39122e-06
1.39123e-06
-1.40096e-06
-3.77761e-06
6.46417e-06
-1.02125e-05
1.68667e-05
-1.09847e-05
2.82308e-05
-1.60224e-05
4.15497e-05
-1.83877e-05
2.65536e-05
-1.49677e-05
1.34074e-05
-9.68252e-06
3.62114e-06
-6.17004e-06
1.12104e-07
-4.78813e-06
-4.58731e-06
-1.82319e-06
-1.13937e-05
-6.16767e-06
-2.54117e-05
2.54117e-05
-1.92104e-05
-6.20125e-06
1.2106e-05
-3.13165e-05
3.9956e-05
-2.785e-05
5.68264e-05
-1.68704e-05
6.36442e-05
-6.81779e-06
6.51918e-05
-1.54758e-06
6.55834e-05
-3.91619e-07
6.50437e-05
5.39786e-07
6.23499e-05
2.69378e-06
5.77492e-05
4.6007e-06
5.30695e-05
4.67966e-06
5.24761e-05
5.93478e-07
5.25139e-05
-3.78675e-08
4.89054e-05
3.60851e-06
3.52608e-05
1.36447e-05
1.29196e-05
2.23412e-05
-1.75015e-06
1.46697e-05
-1.75014e-06
-2.03402e-05
4.57518e-05
-7.72209e-06
-1.88193e-05
2.169e-05
-6.07286e-05
4.35193e-05
-4.96793e-05
6.06e-05
-3.39512e-05
7.31626e-05
-1.93804e-05
7.99342e-05
-8.31914e-06
8.31374e-05
-3.5949e-06
8.50397e-05
-1.36251e-06
8.33543e-05
4.37925e-06
7.71171e-05
1.08379e-05
6.89698e-05
1.28269e-05
6.55551e-05
4.00825e-06
6.74483e-05
-1.93115e-06
6.79041e-05
3.1527e-06
5.62649e-05
2.52838e-05
2.53572e-05
5.3249e-05
5.32364e-06
3.47033e-05
3.5735e-06
-8.76684e-06
5.45187e-05
1.34854e-05
-4.10715e-05
2.87588e-05
-7.6002e-05
4.29713e-05
-6.38918e-05
5.42376e-05
-4.52175e-05
6.32031e-05
-2.83459e-05
7.1703e-05
-1.6819e-05
7.7066e-05
-8.9579e-06
8.07839e-05
-5.08037e-06
8.21668e-05
2.99629e-06
7.63297e-05
1.6675e-05
6.77154e-05
2.14412e-05
6.57408e-05
5.98293e-06
6.86217e-05
-4.81212e-06
6.43498e-05
7.4246e-06
4.94964e-05
4.01373e-05
1.9376e-05
8.33694e-05
-7.08218e-06
6.11615e-05
-3.50867e-06
9.57237e-06
4.49463e-05
2.86518e-05
-6.0151e-05
3.60189e-05
-8.33691e-05
4.25373e-05
-7.04102e-05
4.89122e-05
-5.15923e-05
5.43794e-05
-3.38131e-05
6.11997e-05
-2.36393e-05
6.56147e-05
-1.33729e-05
6.88348e-05
-8.30049e-06
6.89416e-05
2.88944e-06
6.56263e-05
1.99904e-05
6.2491e-05
2.45765e-05
6.22763e-05
6.1976e-06
6.29756e-05
-5.51149e-06
5.54496e-05
1.49506e-05
3.22798e-05
6.33071e-05
3.58711e-07
0.00011529
-1.45259e-05
7.60461e-05
-1.80345e-05
2.69746e-05
1.79717e-05
3.60298e-05
-6.92062e-05
4.03545e-05
-8.76937e-05
4.23033e-05
-7.23591e-05
4.63977e-05
-5.56867e-05
4.82851e-05
-3.57005e-05
5.32046e-05
-2.85588e-05
5.60517e-05
-1.62201e-05
5.73781e-05
-9.62684e-06
5.38777e-05
6.38984e-06
5.4189e-05
1.96791e-05
5.69472e-05
2.18183e-05
6.00565e-05
3.08825e-06
5.82933e-05
-3.74826e-06
4.51283e-05
2.81156e-05
1.92667e-05
8.91688e-05
-5.72449e-06
0.000140282
-1.41186e-05
8.44402e-05
-3.21531e-05
3.20192e-05
-1.40475e-05
3.9233e-05
-7.64201e-05
4.38262e-05
-9.22869e-05
4.65876e-05
-7.51205e-05
5.00443e-05
-5.91434e-05
5.32679e-05
-3.89241e-05
5.63e-05
-3.15909e-05
5.31997e-05
-1.31197e-05
4.65388e-05
-2.96599e-06
4.37629e-05
9.1658e-06
4.85473e-05
1.48948e-05
5.56183e-05
1.47473e-05
5.88791e-05
-1.72581e-07
4.72439e-05
7.88696e-06
3.42704e-05
4.10891e-05
1.29551e-05
0.000110484
-5.70829e-06
0.000158945
-1.07641e-05
8.94961e-05
-4.29173e-05
3.09674e-05
-4.50149e-05
4.08228e-05
-8.62754e-05
4.41386e-05
-9.56027e-05
5.08131e-05
-8.1795e-05
5.34389e-05
-6.17693e-05
5.65168e-05
-4.2002e-05
5.56865e-05
-3.07606e-05
5.24197e-05
-9.85294e-06
4.14951e-05
7.9586e-06
3.63678e-05
1.42931e-05
4.21384e-05
9.12414e-06
5.15969e-05
5.28877e-06
5.57856e-05
-4.36129e-06
3.49716e-05
2.87009e-05
2.30716e-05
5.29891e-05
9.54194e-06
0.000124014
-4.06477e-06
0.000172552
-8.94445e-06
9.43757e-05
-5.18617e-05
3.16295e-05
-7.66444e-05
4.06478e-05
-9.52938e-05
4.18065e-05
-9.67614e-05
4.57605e-05
-8.5749e-05
4.80502e-05
-6.40589e-05
4.93688e-05
-4.33207e-05
4.67801e-05
-2.81719e-05
4.91307e-05
-1.22035e-05
4.54964e-05
1.15929e-05
4.13461e-05
1.84434e-05
4.33605e-05
7.10981e-06
4.58836e-05
2.76567e-06
2.76672e-05
1.38551e-05
-9.17678e-06
6.55449e-05
2.98143e-06
4.08309e-05
9.93601e-06
0.000117059
1.73987e-06
0.000180748
-3.36371e-06
9.94793e-05
-5.52254e-05
-1.83785e-06
-6.71471e-06
-3.29298e-06
-7.6823e-06
-4.3868e-06
-9.69189e-06
-3.53535e-06
-1.17197e-05
-2.06582e-06
-1.35332e-05
3.58017e-07
-1.76657e-05
3.28182e-06
-1.61854e-05
4.77204e-06
-1.28601e-05
2.93153e-06
-7.80023e-06
-1.34091e-06
-3.67069e-06
-5.4898e-06
-2.42334e-07
-7.53945e-06
6.48694e-07
-6.19535e-06
5.12008e-06
-4.58761e-06
1.5259e-05
-2.44412e-06
2.60873e-05
-6.46419e-06
4.55698e-05
-2.92363e-05
4.93257e-05
-3.96178e-05
2.37889e-05
-4.06078e-05
4.61119e-06
-3.13348e-05
-9.16098e-06
-1.37437e-05
-2.21784e-05
6.69143e-07
-2.58065e-05
-2.25421e-05
1.70436e-05
-3.10535e-06
-3.60936e-06
-5.40267e-06
-5.38498e-06
-6.11814e-06
-8.97642e-06
-4.95552e-06
-1.28823e-05
-2.64477e-06
-1.58439e-05
2.72428e-06
-2.30347e-05
8.06248e-06
-2.15236e-05
1.12116e-05
-1.60092e-05
1.25225e-05
-9.11109e-06
1.34938e-05
-4.64201e-06
1.2524e-05
7.27484e-07
1.04458e-05
2.72681e-06
5.49882e-06
1.00671e-05
2.86361e-06
1.78942e-05
5.66727e-06
2.32836e-05
1.99182e-05
3.13189e-05
2.4634e-05
4.46099e-05
5.82856e-06
4.25943e-05
-5.53777e-06
1.59775e-05
-4.96075e-06
-9.738e-06
1.89008e-06
-2.90292e-05
8.4389e-06
-3.23553e-05
-3.83547e-05
2.42515e-05
-3.44412e-06
-1.65239e-07
-7.5754e-06
-1.2537e-06
-1.01399e-05
-6.41191e-06
-9.35451e-06
-1.36677e-05
-6.46601e-06
-1.87324e-05
2.2766e-06
-3.17773e-05
8.52518e-06
-2.77722e-05
8.88127e-06
-1.63653e-05
6.20916e-06
-6.43897e-06
2.57043e-06
-1.00329e-06
2.30009e-06
9.97826e-07
3.73383e-06
1.29307e-06
8.30351e-06
5.49744e-06
1.45627e-05
1.16349e-05
2.03544e-05
1.7492e-05
3.18878e-05
1.97855e-05
5.32783e-05
2.32194e-05
7.71537e-05
1.87189e-05
8.35838e-05
9.5474e-06
8.21064e-05
-8.26064e-06
7.89799e-05
-2.59027e-05
8.46605e-05
-3.80359e-05
-4.74194e-05
9.37253e-05
-9.67151e-06
9.50627e-06
-1.69396e-05
6.01442e-06
-1.7406e-05
-5.94554e-06
-1.34796e-05
-1.75941e-05
-1.48629e-05
-1.73491e-05
-1.21577e-05
-3.44825e-05
-1.21047e-05
-2.78252e-05
-1.3628e-05
-1.48421e-05
-1.34528e-05
-6.61414e-06
-1.0359e-05
-4.0971e-06
-7.0965e-06
-2.26466e-06
-4.25525e-06
-1.54818e-06
3.37493e-07
9.04695e-07
5.70394e-06
6.2685e-06
1.43721e-05
8.8238e-06
2.55292e-05
8.62844e-06
3.96057e-05
9.14291e-06
5.98207e-05
-1.49611e-06
7.43049e-05
-4.93679e-06
8.5771e-05
-1.97268e-05
9.30246e-05
-3.31563e-05
0.000100248
-4.52589e-05
-5.41506e-05
0.000106979
-1.72709e-06
1.12334e-05
-5.0413e-06
9.32863e-06
-1.71078e-05
6.12094e-06
-4.02139e-05
5.51208e-06
-6.76887e-05
1.01256e-05
-9.42511e-05
-7.92016e-06
-0.000109685
-1.23912e-05
-0.000108668
-1.58597e-05
-9.83519e-05
-1.69297e-05
-8.14108e-05
-2.10382e-05
-6.43245e-05
-1.93511e-05
-4.41478e-05
-2.17249e-05
-2.39459e-05
-1.92972e-05
-9.26935e-06
-8.408e-06
4.28417e-06
-4.72972e-06
1.48711e-05
-1.95849e-06
2.79713e-05
-3.95724e-06
4.02212e-05
-1.3746e-05
5.34591e-05
-1.81747e-05
6.49887e-05
-3.12565e-05
7.06905e-05
-3.88581e-05
7.60347e-05
-5.06031e-05
-5.94695e-05
8.13535e-05
3.51165e-05
-2.38831e-05
2.49562e-05
1.94888e-05
-1.63848e-05
4.7462e-05
-7.75405e-05
6.66678e-05
-0.000137979
7.05646e-05
-0.000134387
-1.1513e-05
-0.000128768
-1.801e-05
-0.00013152
-1.31078e-05
-0.000133595
-1.48541e-05
-0.000116489
-3.81443e-05
-0.000103883
-3.19572e-05
-8.98129e-05
-3.57951e-05
-7.84052e-05
-3.07049e-05
-6.34625e-05
-2.33507e-05
-4.60628e-05
-2.21294e-05
-2.72973e-05
-2.0724e-05
-7.309e-06
-2.39455e-05
1.05387e-05
-3.15937e-05
2.87364e-05
-3.63724e-05
3.45917e-05
-3.71117e-05
3.82976e-05
-4.25639e-05
4.30898e-05
-5.53954e-05
-6.49004e-05
4.85208e-05
-2.57072e-05
1.82412e-06
-2.96417e-05
2.34232e-05
-1.61195e-05
3.39398e-05
1.31883e-05
3.736e-05
9.78821e-05
-1.41291e-05
0.000138138
-5.1769e-05
0.000107227
1.29007e-05
3.32219e-05
6.08978e-05
-3.74468e-05
5.58145e-05
-8.65846e-05
1.09934e-05
-0.000109706
-8.83588e-06
-0.000101693
-4.3808e-05
-8.49949e-05
-4.7403e-05
-7.28027e-05
-3.55429e-05
-7.64941e-05
-1.8438e-05
-6.13972e-05
-3.58209e-05
-4.33983e-05
-4.19444e-05
-2.83521e-05
-4.66398e-05
-5.86184e-06
-5.88626e-05
-2.8816e-06
-4.00919e-05
-1.02179e-05
-3.52276e-05
-1.06317e-05
-5.49816e-05
-5.9969e-05
-1.55635e-05
-6.12918e-05
6.31159e-05
-5.19987e-05
1.41301e-05
-1.30331e-05
-5.02576e-06
3.00673e-05
-5.74034e-06
5.34128e-05
-3.74747e-05
5.53555e-05
-5.37117e-05
3.91805e-05
2.90757e-05
6.74003e-06
9.33383e-05
-9.31838e-07
6.34864e-05
2.0217e-05
-1.01554e-05
4.56916e-05
-3.43105e-05
5.67811e-05
-5.48976e-05
6.95518e-05
-6.01737e-05
5.47094e-05
-2.07005e-05
4.87204e-05
-1.2449e-05
2.75671e-05
-1.46674e-05
1.80037e-05
-3.23807e-05
1.43186e-05
-4.29542e-05
-1.29844e-05
-3.15593e-05
-4.50761e-05
-7.99981e-06
-4.12024e-05
-3.91013e-05
-3.28429e-05
-6.33413e-05
-7.73403e-05
-1.54719e-05
7.34909e-06
5.57668e-05
1.45426e-05
6.93659e-06
2.39847e-05
-1.44679e-05
3.68722e-05
-1.86278e-05
3.14885e-05
-3.20909e-05
2.30584e-05
-4.52816e-05
2.67881e-05
2.5346e-05
4.4657e-05
7.54693e-05
5.94402e-05
4.87031e-05
1.50933e-05
3.41914e-05
-1.57578e-05
-3.45935e-06
-2.13406e-05
-4.93148e-05
-2.99849e-05
-5.15294e-05
-1.13562e-05
-3.93291e-05
1.83379e-05
-4.21429e-05
4.91194e-05
-4.54487e-05
6.42297e-05
-4.74905e-05
6.4644e-05
-4.33681e-05
6.66483e-05
-3.35632e-05
9.05799e-05
-3.19313e-05
9.01264e-05
-3.86478e-05
7.59978e-05
-4.92127e-05
-5.95966e-05
5.82534e-05
1.54179e-05
4.0349e-05
6.84048e-06
1.5514e-05
1.66465e-06
-9.29209e-06
3.46354e-06
-2.04267e-05
-3.35855e-07
-2.82915e-05
-8.44163e-06
-3.71758e-05
1.57622e-05
1.14218e-06
5.3427e-05
3.78046e-05
6.47688e-05
3.73613e-05
7.6352e-05
2.26082e-05
6.91183e-05
3.77431e-06
4.55052e-05
-2.57016e-05
3.75327e-05
-4.35569e-05
4.04982e-05
-4.22946e-05
3.8346e-05
-3.99905e-05
3.61613e-05
-4.32638e-05
3.65119e-05
-4.78408e-05
4.13306e-05
-4.81864e-05
5.08595e-05
-4.30918e-05
5.09672e-05
-3.20388e-05
4.2803e-05
-3.04836e-05
3.09188e-05
-3.73289e-05
-4.67984e-05
1.81204e-05
1.33105e-05
2.70384e-05
2.17176e-05
7.10692e-06
2.07167e-05
-8.29116e-06
1.44318e-05
-1.41418e-05
4.46275e-06
-1.83225e-05
-1.03254e-05
-2.23877e-05
2.90987e-07
-9.47421e-06
3.60126e-05
2.08293e-06
5.63409e-05
1.70329e-05
6.16255e-05
1.73236e-05
5.51121e-05
1.02877e-05
4.14491e-05
-1.20386e-05
3.02374e-05
-3.23452e-05
2.73334e-05
-3.93905e-05
3.04286e-05
-4.30856e-05
3.23391e-05
-4.51739e-05
3.01802e-05
-4.56815e-05
2.5576e-05
-4.35819e-05
2.10517e-05
-3.85672e-05
2.3006e-05
-3.39929e-05
2.47494e-05
-3.22271e-05
2.09785e-05
-3.3558e-05
-3.54853e-05
9.6648e-06
1.03049e-05
1.67335e-05
1.15163e-05
5.8955e-06
8.86532e-06
-5.64019e-06
6.58564e-06
-1.18621e-05
3.07945e-06
-1.48163e-05
-3.09115e-06
-1.62171e-05
-2.51454e-06
-1.00508e-05
6.79193e-06
-7.22356e-06
2.22881e-05
1.53677e-06
3.06953e-05
8.91626e-06
3.60097e-05
4.97338e-06
3.51766e-05
-1.12055e-05
2.77313e-05
-2.48999e-05
2.08147e-05
-3.24738e-05
1.48444e-05
-3.71151e-05
9.55043e-06
-3.98796e-05
5.16996e-06
-4.13007e-05
2.32424e-06
-4.07358e-05
1.5631e-06
-3.78059e-05
1.8515e-06
-3.42813e-05
1.13348e-06
-3.15091e-05
-2.33409e-06
-3.00909e-05
-2.91091e-05
-8.71023e-06
7.11808e-06
9.61546e-06
1.30176e-05
-4.03585e-09
1.26519e-05
-5.27451e-06
9.2967e-06
-8.50693e-06
5.143e-06
-1.06626e-05
-8.19374e-08
-1.09922e-05
-1.88307e-06
-8.24973e-06
-2.34853e-06
-6.75812e-06
3.74268e-06
-4.55446e-06
1.23314e-05
3.27568e-07
1.92143e-05
-1.90962e-06
1.92755e-05
-1.12667e-05
1.48755e-05
-2.04998e-05
1.07738e-05
-2.8372e-05
7.09519e-06
-3.34362e-05
3.31703e-06
-3.61012e-05
-6.33775e-07
-3.73496e-05
-4.29652e-06
-3.70729e-05
-7.57174e-06
-3.45305e-05
-1.03136e-05
-3.15394e-05
-1.26123e-05
-2.92107e-05
-1.51823e-05
-2.75207e-05
-2.63183e-05
-1.79736e-05
5.20319e-06
4.41226e-06
7.48016e-06
-2.28102e-06
8.04413e-06
-5.83849e-06
7.04402e-06
-7.50684e-06
4.98e-06
-8.59863e-06
2.66295e-06
-8.67515e-06
2.113e-06
-7.6998e-06
2.16562e-06
-6.81075e-06
4.07939e-06
-6.46826e-06
8.7378e-06
-4.33085e-06
1.27209e-05
-5.89273e-06
1.20763e-05
-1.0622e-05
9.29565e-06
-1.77191e-05
5.25005e-06
-2.43262e-05
1.26004e-06
-2.9446e-05
-2.28057e-06
-3.25603e-05
-5.91182e-06
-3.37181e-05
-9.29567e-06
-3.36888e-05
-1.18801e-05
-3.19461e-05
-1.33487e-05
-3.00709e-05
-1.4242e-05
-2.83176e-05
-1.53287e-05
-2.64342e-05
-2.48644e-05
-1.67826e-05
3.13821e-06
1.27403e-06
4.89704e-06
-4.03987e-06
4.83733e-06
-5.7788e-06
4.30476e-06
-6.97431e-06
3.55968e-06
-7.85358e-06
2.84866e-06
-7.96415e-06
3.01122e-06
-7.86238e-06
3.81267e-06
-7.61222e-06
5.14399e-06
-7.79959e-06
7.61101e-06
-6.79787e-06
9.89215e-06
-8.17386e-06
1.03605e-05
-1.10904e-05
8.5983e-06
-1.59568e-05
5.04332e-06
-2.07711e-05
9.47131e-07
-2.53496e-05
-2.58134e-06
-2.90318e-05
-5.57334e-06
-3.07259e-05
-8.30546e-06
-3.09567e-05
-1.0821e-05
-2.94304e-05
-1.30529e-05
-2.78393e-05
-1.47272e-05
-2.66433e-05
-1.60324e-05
-2.51292e-05
-2.34253e-05
-1.74716e-05
1.88999e-06
-6.15988e-07
2.89163e-06
-5.04154e-06
3.14748e-06
-6.03469e-06
3.14813e-06
-6.97498e-06
3.02039e-06
-7.72586e-06
3.14371e-06
-8.08749e-06
3.64879e-06
-8.36749e-06
4.44813e-06
-8.41157e-06
5.44667e-06
-8.79814e-06
7.21111e-06
-8.56231e-06
8.74418e-06
-9.7069e-06
9.59895e-06
-1.19451e-05
9.19533e-06
-1.5553e-05
7.42267e-06
-1.89982e-05
4.54208e-06
-2.2469e-05
9.00459e-07
-2.53899e-05
-2.5709e-06
-2.72546e-05
-5.73945e-06
-2.7788e-05
-8.63937e-06
-2.65307e-05
-1.16221e-05
-2.48564e-05
-1.3969e-05
-2.42968e-05
-1.53684e-05
-2.37297e-05
-2.23254e-05
-1.64689e-05
1.20623e-06
-1.82225e-06
1.98192e-06
-5.81726e-06
2.45334e-06
-6.50614e-06
2.69378e-06
-7.21545e-06
2.83018e-06
-7.86229e-06
3.11728e-06
-8.37462e-06
3.53451e-06
-8.78473e-06
4.22729e-06
-9.10436e-06
5.02156e-06
-9.59241e-06
6.36043e-06
-9.90117e-06
7.58821e-06
-1.09347e-05
8.50876e-06
-1.28656e-05
8.367e-06
-1.54112e-05
7.1867e-06
-1.78179e-05
5.13099e-06
-2.04131e-05
2.184e-06
-2.2443e-05
-1.31921e-06
-2.37511e-05
-4.87374e-06
-2.42335e-05
-7.7618e-06
-2.36424e-05
-1.06294e-05
-2.19889e-05
-1.33585e-05
-2.15675e-05
-1.51824e-05
-2.19064e-05
-2.11576e-05
-1.63499e-05
8.77399e-07
-2.69968e-06
1.58134e-06
-6.52124e-06
2.09517e-06
-7.02e-06
2.43043e-06
-7.55074e-06
2.5933e-06
-8.02519e-06
2.72277e-06
-8.50411e-06
2.88557e-06
-8.94755e-06
3.18415e-06
-9.40296e-06
3.56871e-06
-9.97698e-06
4.43661e-06
-1.07691e-05
5.35093e-06
-1.18489e-05
5.81315e-06
-1.33277e-05
5.35906e-06
-1.4957e-05
4.28294e-06
-1.67416e-05
2.38145e-06
-1.85116e-05
-4.04142e-07
-1.96571e-05
-3.38401e-06
-2.07711e-05
-6.10831e-06
-2.15088e-05
-8.58124e-06
-2.11694e-05
-1.06862e-05
-1.98835e-05
-1.26878e-05
-1.95662e-05
-1.4137e-05
-2.04568e-05
-2.02458e-05
-1.50494e-05
7.11136e-07
-3.41087e-06
1.30159e-06
-7.11174e-06
1.67757e-06
-7.39604e-06
1.89256e-06
-7.76579e-06
1.97595e-06
-8.10862e-06
1.96977e-06
-8.49797e-06
1.99063e-06
-8.96843e-06
2.05377e-06
-9.46611e-06
2.16741e-06
-1.00906e-05
2.37736e-06
-1.0979e-05
2.54642e-06
-1.20179e-05
2.42167e-06
-1.32029e-05
1.90178e-06
-1.4437e-05
9.33409e-07
-1.57732e-05
-6.95348e-07
-1.68826e-05
-2.71325e-06
-1.7639e-05
-4.8039e-06
-1.86804e-05
-6.96513e-06
-1.93474e-05
-9.10087e-06
-1.90336e-05
-1.06902e-05
-1.82941e-05
-1.18679e-05
-1.83885e-05
-1.30059e-05
-1.9319e-05
-1.90766e-05
-1.4175e-05
5.66181e-07
-3.97709e-06
8.9296e-07
-7.43856e-06
1.12512e-06
-7.62824e-06
1.31879e-06
-7.95949e-06
1.47437e-06
-8.26424e-06
1.58644e-06
-8.61006e-06
1.66081e-06
-9.04282e-06
1.70153e-06
-9.50684e-06
1.69302e-06
-1.00821e-05
1.57561e-06
-1.08616e-05
1.35968e-06
-1.1802e-05
9.0636e-07
-1.27495e-05
1.14569e-07
-1.36451e-05
-8.87685e-07
-1.47708e-05
-2.05597e-06
-1.57142e-05
-3.14423e-06
-1.65506e-05
-4.648e-06
-1.71765e-05
-6.60236e-06
-1.7393e-05
-8.30039e-06
-1.73355e-05
-9.60394e-06
-1.69905e-05
-1.07433e-05
-1.72491e-05
-1.19808e-05
-1.80815e-05
-1.78959e-05
-1.31615e-05
3.79962e-07
-4.3571e-06
6.3892e-07
-7.69756e-06
8.91971e-07
-7.88133e-06
1.09546e-06
-8.16301e-06
1.27062e-06
-8.43943e-06
1.42773e-06
-8.76719e-06
1.51626e-06
-9.13136e-06
1.54475e-06
-9.53533e-06
1.47947e-06
-1.00168e-05
1.24223e-06
-1.06243e-05
8.61885e-07
-1.14216e-05
3.1305e-07
-1.22006e-05
-4.08277e-07
-1.29237e-05
-1.36473e-06
-1.38143e-05
-2.44934e-06
-1.46295e-05
-3.65011e-06
-1.53498e-05
-5.17285e-06
-1.56537e-05
-6.77923e-06
-1.57866e-05
-8.25401e-06
-1.58607e-05
-9.58341e-06
-1.56611e-05
-1.08564e-05
-1.59762e-05
-1.23184e-05
-1.66195e-05
-1.63864e-05
-1.38279e-05
2.8247e-07
-4.6396e-06
5.22552e-07
-7.93767e-06
7.38588e-07
-8.0974e-06
8.67424e-07
-8.29188e-06
9.61839e-07
-8.53387e-06
1.02144e-06
-8.82681e-06
1.06262e-06
-9.17254e-06
1.09886e-06
-9.57156e-06
1.09741e-06
-1.00153e-05
9.06545e-07
-1.04334e-05
5.0264e-07
-1.10176e-05
7.28945e-09
-1.17052e-05
-5.41198e-07
-1.23751e-05
-1.40812e-06
-1.29473e-05
-2.4926e-06
-1.3545e-05
-3.84359e-06
-1.39988e-05
-5.10709e-06
-1.43902e-05
-6.22173e-06
-1.46719e-05
-7.42632e-06
-1.46561e-05
-8.49988e-06
-1.45876e-05
-9.62101e-06
-1.48551e-05
-1.11146e-05
-1.51259e-05
-1.46675e-05
-1.28335e-05
2.31644e-07
-4.87128e-06
3.3259e-07
-8.03866e-06
3.95063e-07
-8.1599e-06
4.39816e-07
-8.33666e-06
4.57501e-07
-8.55157e-06
4.3702e-07
-8.80634e-06
3.76061e-07
-9.11158e-06
2.70925e-07
-9.46641e-06
1.24021e-07
-9.86839e-06
-6.86975e-08
-1.02406e-05
-4.46943e-07
-1.06393e-05
-9.82308e-07
-1.11698e-05
-1.602e-06
-1.17554e-05
-2.29004e-06
-1.22592e-05
-3.15915e-06
-1.26758e-05
-4.29499e-06
-1.28629e-05
-5.52233e-06
-1.31628e-05
-6.79149e-06
-1.34028e-05
-8.0047e-06
-1.34429e-05
-9.14309e-06
-1.34493e-05
-1.03401e-05
-1.36582e-05
-1.17372e-05
-1.3729e-05
-1.33538e-05
-1.30508e-05
1.41445e-07
-5.01275e-06
2.11298e-07
-8.10854e-06
2.65634e-07
-8.21426e-06
2.86677e-07
-8.35772e-06
2.70018e-07
-8.53493e-06
2.0979e-07
-8.74612e-06
9.17618e-08
-8.99355e-06
-7.78759e-08
-9.29676e-06
-3.13921e-07
-9.63232e-06
-6.14782e-07
-9.93972e-06
-1.00162e-06
-1.02524e-05
-1.52553e-06
-1.06458e-05
-2.26103e-06
-1.10198e-05
-3.0489e-06
-1.14712e-05
-3.90703e-06
-1.18176e-05
-4.62896e-06
-1.21409e-05
-5.4132e-06
-1.23786e-05
-6.47511e-06
-1.23409e-05
-7.52183e-06
-1.23963e-05
-8.5542e-06
-1.24169e-05
-9.80312e-06
-1.24093e-05
-1.12148e-05
-1.23173e-05
-1.22396e-05
-1.23291e-05
1.36461e-07
-5.14925e-06
1.84932e-07
-8.15704e-06
2.09841e-07
-8.2392e-06
2.02405e-07
-8.3503e-06
1.53161e-07
-8.48569e-06
6.99865e-08
-8.66294e-06
-4.76858e-08
-8.87587e-06
-2.30228e-07
-9.1142e-06
-5.18689e-07
-9.34383e-06
-8.46633e-07
-9.61173e-06
-1.16742e-06
-9.93159e-06
-1.59151e-06
-1.02217e-05
-2.12781e-06
-1.04834e-05
-2.90017e-06
-1.06988e-05
-3.75221e-06
-1.09655e-05
-4.7079e-06
-1.11852e-05
-5.86944e-06
-1.12171e-05
-6.88017e-06
-1.13302e-05
-7.8384e-06
-1.14381e-05
-8.84687e-06
-1.14085e-05
-1.00048e-05
-1.12514e-05
-1.11419e-05
-1.11803e-05
-1.11148e-05
-1.22666e-05
3.94065e-08
-5.18868e-06
2.14788e-08
-8.13913e-06
-6.89307e-10
-8.21705e-06
-4.64484e-08
-8.30456e-06
-1.23218e-07
-8.40893e-06
-2.48388e-07
-8.53777e-06
-4.1833e-07
-8.70592e-06
-6.42735e-07
-8.88977e-06
-9.05926e-07
-9.0806e-06
-1.25503e-06
-9.26259e-06
-1.73194e-06
-9.45462e-06
-2.27736e-06
-9.67618e-06
-2.82031e-06
-9.94044e-06
-3.47453e-06
-1.00445e-05
-4.24039e-06
-1.01996e-05
-5.05085e-06
-1.03747e-05
-5.76911e-06
-1.04988e-05
-6.53042e-06
-1.05689e-05
-7.52572e-06
-1.04428e-05
-8.62061e-06
-1.03137e-05
-9.68227e-06
-1.01898e-05
-1.0779e-05
-1.00835e-05
-9.89438e-06
-1.19995e-05
3.71089e-08
-5.22581e-06
1.07706e-08
-8.11282e-06
-2.88802e-08
-8.17742e-06
-8.77465e-08
-8.2457e-06
-1.70072e-07
-8.32661e-06
-2.87743e-07
-8.4201e-06
-4.5649e-07
-8.53715e-06
-6.79212e-07
-8.66702e-06
-9.49325e-07
-8.81045e-06
-1.27142e-06
-8.94045e-06
-1.69894e-06
-9.02705e-06
-2.2297e-06
-9.14537e-06
-2.87157e-06
-9.29852e-06
-3.45113e-06
-9.46494e-06
-4.02869e-06
-9.62206e-06
-4.751e-06
-9.65243e-06
-5.64731e-06
-9.60255e-06
-6.75499e-06
-9.46131e-06
-7.74012e-06
-9.45776e-06
-8.63776e-06
-9.41614e-06
-9.53251e-06
-9.29511e-06
-1.05957e-05
-9.02045e-06
-8.8169e-06
-1.16731e-05
4.87798e-10
-5.22632e-06
-5.6294e-08
-8.05605e-06
-1.24908e-07
-8.10881e-06
-2.25826e-07
-8.1448e-06
-3.57793e-07
-8.19464e-06
-5.16307e-07
-8.26158e-06
-7.22003e-07
-8.33144e-06
-9.83197e-07
-8.4058e-06
-1.301e-06
-8.49261e-06
-1.63609e-06
-8.60532e-06
-1.95706e-06
-8.70603e-06
-2.33593e-06
-8.76645e-06
-2.84886e-06
-8.78554e-06
-3.52891e-06
-8.78485e-06
-4.38773e-06
-8.76321e-06
-5.18291e-06
-8.85727e-06
-5.93776e-06
-8.84774e-06
-6.58306e-06
-8.81605e-06
-7.31673e-06
-8.72415e-06
-8.27101e-06
-8.46192e-06
-9.37456e-06
-8.19162e-06
-1.03848e-05
-8.01018e-06
-7.78446e-06
-1.14173e-05
-9.90412e-09
-5.21643e-06
-6.4971e-08
-8.001e-06
-1.2201e-07
-8.05179e-06
-1.98128e-07
-8.06868e-06
-3.04182e-07
-8.08859e-06
-4.48016e-07
-8.11773e-06
-6.30759e-07
-8.14868e-06
-8.57768e-07
-8.17876e-06
-1.14872e-06
-8.20162e-06
-1.55102e-06
-8.20298e-06
-2.05521e-06
-8.20179e-06
-2.6082e-06
-8.21342e-06
-3.14244e-06
-8.25127e-06
-3.65239e-06
-8.27488e-06
-4.11239e-06
-8.3032e-06
-4.70491e-06
-8.26475e-06
-5.43659e-06
-8.1161e-06
-6.34449e-06
-7.9082e-06
-7.37125e-06
-7.69745e-06
-8.28671e-06
-7.54651e-06
-9.10211e-06
-7.37626e-06
-1.00524e-05
-7.05992e-06
-6.73016e-06
-1.11067e-05
-3.37982e-08
-5.18264e-06
-1.1335e-07
-7.92146e-06
-1.99595e-07
-7.96555e-06
-3.106e-07
-7.95768e-06
-4.48727e-07
-7.95045e-06
-6.24106e-07
-7.94234e-06
-8.39997e-07
-7.93277e-06
-1.0967e-06
-7.92203e-06
-1.38793e-06
-7.91037e-06
-1.68942e-06
-7.90144e-06
-1.99364e-06
-7.89753e-06
-2.34791e-06
-7.8591e-06
-2.81087e-06
-7.78828e-06
-3.3786e-06
-7.70712e-06
-4.09674e-06
-7.58506e-06
-4.90331e-06
-7.45821e-06
-5.66497e-06
-7.35447e-06
-6.38249e-06
-7.19073e-06
-7.06325e-06
-7.01673e-06
-7.86825e-06
-6.74157e-06
-8.83241e-06
-6.41215e-06
-9.78433e-06
-6.10802e-06
-5.75931e-06
-1.07552e-05
-1.51875e-08
-5.16747e-06
-6.24042e-08
-7.87425e-06
-1.1856e-07
-7.90939e-06
-1.99034e-07
-7.8772e-06
-3.10982e-07
-7.8385e-06
-4.64186e-07
-7.78912e-06
-6.65937e-07
-7.73099e-06
-9.19484e-07
-7.66845e-06
-1.22832e-06
-7.6015e-06
-1.60159e-06
-7.52813e-06
-2.04966e-06
-7.44943e-06
-2.54126e-06
-7.36746e-06
-3.04993e-06
-7.27958e-06
-3.5776e-06
-7.17943e-06
-4.09736e-06
-7.06531e-06
-4.63093e-06
-6.92465e-06
-5.26115e-06
-6.72429e-06
-5.98407e-06
-6.46786e-06
-6.82799e-06
-6.17287e-06
-7.68164e-06
-5.88797e-06
-8.50806e-06
-5.58576e-06
-9.40378e-06
-5.21232e-06
-4.79481e-06
-1.03682e-05
-2.45773e-08
-5.1429e-06
-9.01529e-08
-7.80868e-06
-1.62168e-07
-7.83738e-06
-2.59422e-07
-7.77995e-06
-3.82612e-07
-7.7153e-06
-5.36199e-07
-7.63552e-06
-7.24592e-07
-7.54258e-06
-9.52526e-07
-7.44049e-06
-1.22125e-06
-7.33274e-06
-1.52781e-06
-7.22153e-06
-1.87393e-06
-7.10327e-06
-2.26458e-06
-6.97678e-06
-2.70763e-06
-6.83651e-06
-3.21659e-06
-6.67047e-06
-3.80022e-06
-6.48169e-06
-4.45707e-06
-6.26783e-06
-5.14852e-06
-6.03289e-06
-5.84076e-06
-5.77566e-06
-6.53363e-06
-5.48004e-06
-7.28992e-06
-5.13172e-06
-8.12978e-06
-4.74593e-06
-9.00787e-06
-4.33425e-06
-3.87438e-06
-9.92827e-06
1.00345e-08
-5.15293e-06
-2.81575e-08
-7.77049e-06
-7.71151e-08
-7.78842e-06
-1.49204e-07
-7.70785e-06
-2.47697e-07
-7.6168e-06
-3.77725e-07
-7.50547e-06
-5.48288e-07
-7.37199e-06
-7.65171e-07
-7.22358e-06
-1.03403e-06
-7.06385e-06
-1.35921e-06
-6.89632e-06
-1.7376e-06
-6.72485e-06
-2.16636e-06
-6.54799e-06
-2.63532e-06
-6.36754e-06
-3.13312e-06
-6.17266e-06
-3.6594e-06
-5.95541e-06
-4.21362e-06
-5.71364e-06
-4.80861e-06
-5.43793e-06
-5.46276e-06
-5.12155e-06
-6.17519e-06
-4.76765e-06
-6.92434e-06
-4.38261e-06
-7.70781e-06
-3.9625e-06
-8.54412e-06
-3.49795e-06
-2.98467e-06
-9.4338e-06
2.02237e-08
-5.17316e-06
-2.71874e-08
-7.72308e-06
-8.30832e-08
-7.73252e-06
-1.5712e-07
-7.63381e-06
-2.49539e-07
-7.52437e-06
-3.59526e-07
-7.39547e-06
-4.89064e-07
-7.24244e-06
-6.47007e-07
-7.06561e-06
-8.48582e-07
-6.86225e-06
-1.112e-06
-6.63287e-06
-1.44408e-06
-6.39274e-06
-1.83838e-06
-6.15366e-06
-2.29158e-06
-5.91433e-06
-2.79465e-06
-5.66959e-06
-3.33447e-06
-5.4156e-06
-3.90696e-06
-5.14117e-06
-4.50833e-06
-4.83661e-06
-5.13361e-06
-4.49631e-06
-5.78687e-06
-4.11444e-06
-6.4835e-06
-3.68602e-06
-7.2319e-06
-3.21411e-06
-8.03064e-06
-2.69923e-06
-2.13459e-06
-8.8807e-06
5.53029e-08
-5.22846e-06
-1.82173e-08
-7.64956e-06
-9.78688e-08
-7.65287e-06
-1.84264e-07
-7.54741e-06
-2.82714e-07
-7.42591e-06
-3.91354e-07
-7.28682e-06
-5.07504e-07
-7.12627e-06
-6.42511e-07
-6.93058e-06
-8.05644e-07
-6.69909e-06
-1.00231e-06
-6.43617e-06
-1.2468e-06
-6.14822e-06
-1.55582e-06
-5.84462e-06
-1.93834e-06
-5.53181e-06
-2.39888e-06
-5.20906e-06
-2.92431e-06
-4.89017e-06
-3.49684e-06
-4.56867e-06
-4.09404e-06
-4.23944e-06
-4.70591e-06
-3.88447e-06
-5.33871e-06
-3.48167e-06
-6.00286e-06
-3.02189e-06
-6.70547e-06
-2.51153e-06
-7.45841e-06
-1.9463e-06
-1.32725e-06
-8.26573e-06
5.45206e-08
-5.28299e-06
-8.94706e-08
-7.50557e-06
-2.40281e-07
-7.50206e-06
-3.79531e-07
-7.40815e-06
-5.17754e-07
-7.28768e-06
-6.59871e-07
-7.14469e-06
-8.04785e-07
-6.98134e-06
-9.50245e-07
-6.7851e-06
-1.0983e-06
-6.55101e-06
-1.25421e-06
-6.28025e-06
-1.43097e-06
-5.97144e-06
-1.6424e-06
-5.63318e-06
-1.89711e-06
-5.27709e-06
-2.204e-06
-4.90216e-06
-2.57671e-06
-4.51749e-06
-3.02978e-06
-4.11562e-06
-3.57284e-06
-3.69641e-06
-4.18499e-06
-3.27236e-06
-4.82143e-06
-2.84527e-06
-5.46139e-06
-2.38196e-06
-6.12251e-06
-1.85042e-06
-6.82879e-06
-1.24003e-06
-5.67997e-07
-7.58801e-06
2.78057e-09
-5.28576e-06
-2.73465e-07
-7.22932e-06
-5.53023e-07
-7.22249e-06
-8.01861e-07
-7.15931e-06
-1.02904e-06
-7.06049e-06
-1.23945e-06
-6.93426e-06
-1.43398e-06
-6.78679e-06
-1.60789e-06
-6.61118e-06
-1.75788e-06
-6.401e-06
-1.88596e-06
-6.15215e-06
-2.00348e-06
-5.8539e-06
-2.12807e-06
-5.50857e-06
-2.27577e-06
-5.12939e-06
-2.44736e-06
-4.73059e-06
-2.66393e-06
-4.30092e-06
-2.93162e-06
-3.84796e-06
-3.25885e-06
-3.36921e-06
-3.6702e-06
-2.86103e-06
-4.19225e-06
-2.32324e-06
-4.80877e-06
-1.76546e-06
-5.4643e-06
-1.19491e-06
-6.13363e-06
-5.70704e-07
1.40866e-07
-6.84248e-06
-9.95454e-08
-5.18622e-06
-5.57439e-07
-6.77142e-06
-1.01067e-06
-6.76926e-06
-1.42307e-06
-6.7469e-06
-1.79491e-06
-6.68864e-06
-2.12927e-06
-6.59989e-06
-2.42635e-06
-6.4897e-06
-2.68093e-06
-6.35659e-06
-2.8873e-06
-6.19462e-06
-3.03411e-06
-6.00532e-06
-3.11441e-06
-5.77358e-06
-3.14014e-06
-5.48284e-06
-3.1428e-06
-5.12673e-06
-3.15265e-06
-4.72074e-06
-3.19342e-06
-4.26018e-06
-3.28126e-06
-3.76012e-06
-3.41563e-06
-3.23488e-06
-3.59479e-06
-2.68189e-06
-3.83929e-06
-2.07878e-06
-4.19286e-06
-1.41191e-06
-4.70764e-06
-6.80144e-07
-5.33658e-06
5.82239e-08
8.1987e-07
-6.01556e-06
-2.32829e-07
-4.95339e-06
-8.4872e-07
-6.15553e-06
-1.45407e-06
-6.16391e-06
-2.02203e-06
-6.17893e-06
-2.54441e-06
-6.16626e-06
-3.0105e-06
-6.1338e-06
-3.42636e-06
-6.07383e-06
-3.79384e-06
-5.98909e-06
-4.10435e-06
-5.8841e-06
-4.35485e-06
-5.75481e-06
-4.53428e-06
-5.59415e-06
-4.62879e-06
-5.38832e-06
-4.62675e-06
-5.12876e-06
-4.53615e-06
-4.81136e-06
-4.37197e-06
-4.42436e-06
-4.17561e-06
-3.95651e-06
-4.01286e-06
-3.39766e-06
-3.93963e-06
-2.75514e-06
-3.95539e-06
-2.06304e-06
-4.03578e-06
-1.33154e-06
-4.21401e-06
-5.01916e-07
-4.56912e-06
4.13317e-07
1.37636e-06
-5.12558e-06
-3.32237e-07
-4.62115e-06
-1.00219e-06
-5.48558e-06
-1.65623e-06
-5.50986e-06
-2.28493e-06
-5.55023e-06
-2.87653e-06
-5.57466e-06
-3.41759e-06
-5.59273e-06
-3.89753e-06
-5.59388e-06
-4.30724e-06
-5.57938e-06
-4.64693e-06
-5.5444e-06
-4.92782e-06
-5.47391e-06
-5.15187e-06
-5.37009e-06
-5.31477e-06
-5.22542e-06
-5.41433e-06
-5.0292e-06
-5.45018e-06
-4.7755e-06
-5.4185e-06
-4.45607e-06
-5.30332e-06
-4.0717e-06
-5.09184e-06
-3.60917e-06
-4.7976e-06
-3.0494e-06
-4.49181e-06
-2.36886e-06
-4.26868e-06
-1.55468e-06
-4.1552e-06
-6.15413e-07
-4.15716e-06
4.1527e-07
1.54042e-06
-4.32121e-06
-3.76691e-07
-4.24446e-06
-9.95254e-07
-4.86701e-06
-1.59683e-06
-4.90828e-06
-2.18331e-06
-4.96374e-06
-2.75003e-06
-5.00794e-06
-3.29122e-06
-5.05153e-06
-3.79607e-06
-5.08903e-06
-4.25922e-06
-5.11621e-06
-4.67672e-06
-5.1269e-06
-5.03307e-06
-5.11755e-06
-5.32222e-06
-5.08094e-06
-5.53696e-06
-5.01068e-06
-5.67147e-06
-4.8947e-06
-5.73267e-06
-4.71431e-06
-5.73136e-06
-4.45738e-06
-5.66358e-06
-4.13951e-06
-5.52856e-06
-3.74421e-06
-5.32918e-06
-3.24881e-06
-5.06408e-06
-2.63397e-06
-4.73366e-06
-1.88512e-06
-4.37539e-06
-9.73681e-07
-4.05492e-06
9.47973e-08
1.35725e-06
-3.87172e-06
-4.28128e-07
-1.0125e-06
-1.60135e-06
-2.18227e-06
-2.74518e-06
-3.28178e-06
-3.78563e-06
-4.24954e-06
-4.66539e-06
-5.02827e-06
-5.33314e-06
-5.57632e-06
-5.75036e-06
-5.83992e-06
-5.83323e-06
-5.74624e-06
-5.59039e-06
-5.37257e-06
-5.10104e-06
-4.78859e-06
-4.44122e-06
-4.10047e-06
-3.79189e-06
2.93823e-05
-1.23387e-05
4.13439e-05
-1.19615e-05
5.66465e-05
-1.53026e-05
-1.74421e-05
7.40886e-05
3.40658e-05
-2.2153e-05
4.74795e-05
-2.53753e-05
6.11833e-05
-2.90065e-05
-3.24622e-05
7.62034e-05
9.96539e-05
-2.80816e-05
0.000105733
-3.14542e-05
0.000111477
-3.47506e-05
-3.79299e-05
0.000116945
0.000109695
-3.07976e-05
0.000112993
-3.47521e-05
0.000116283
-3.80413e-05
-4.11955e-05
0.000119549
8.34921e-05
-3.29362e-05
8.57169e-05
-3.69769e-05
8.64554e-05
-3.87798e-05
-4.09914e-05
8.62513e-05
5.27422e-05
-3.71577e-05
6.88215e-05
-5.30562e-05
7.05454e-05
-4.05034e-05
-2.19938e-05
5.1548e-05
-3.02175e-05
-2.2504e-05
-5.7323e-05
-2.59506e-05
-6.61202e-05
-3.17062e-05
-3.73373e-05
-5.07765e-05
9.2513e-07
-3.89014e-05
1.50649e-05
-4.00907e-05
2.40273e-05
-4.06686e-05
-4.02918e-05
2.69819e-05
4.9613e-05
-3.02614e-05
4.06032e-05
-3.10809e-05
3.1305e-05
-3.13707e-05
-3.0316e-05
2.13292e-05
1.18451e-05
-2.39868e-05
5.08951e-06
-2.4326e-05
-2.5008e-06
-2.37804e-05
-2.25918e-05
-1.02253e-05
2.66997e-06
-1.69924e-05
-4.47424e-06
-1.71817e-05
-1.13798e-05
-1.68753e-05
-1.63126e-05
-1.76592e-05
-1.16694e-05
-1.40338e-05
-1.45786e-05
-1.42732e-05
-1.75537e-05
-1.39004e-05
-1.34757e-05
-2.0391e-05
-1.90138e-05
-1.29939e-05
-2.02075e-05
-1.30795e-05
-2.13831e-05
-1.27253e-05
-1.25374e-05
-2.23217e-05
-1.79297e-05
-1.18473e-05
-1.92463e-05
-1.17634e-05
-2.03584e-05
-1.16134e-05
-1.15019e-05
-2.13944e-05
-1.84733e-05
-1.08459e-05
-1.93763e-05
-1.08604e-05
-2.00447e-05
-1.09456e-05
-1.09774e-05
-2.05695e-05
-1.71512e-05
-1.0164e-05
-1.78533e-05
-1.0159e-05
-1.85898e-05
-1.02094e-05
-1.01945e-05
-1.93731e-05
-1.68135e-05
-9.70124e-06
-1.72316e-05
-9.74098e-06
-1.77844e-05
-9.65681e-06
-9.54447e-06
-1.84345e-05
-1.55202e-05
-9.23037e-06
-1.60112e-05
-9.24985e-06
-1.66715e-05
-8.99647e-06
-8.83645e-06
-1.73796e-05
-1.4821e-05
-8.58439e-06
-1.55262e-05
-8.54482e-06
-1.62426e-05
-8.27991e-06
-8.00972e-06
-1.70694e-05
-1.38665e-05
-7.87926e-06
-1.46572e-05
-7.75388e-06
-1.53796e-05
-7.55755e-06
-7.29523e-06
-1.60941e-05
-1.44591e-05
-7.24801e-06
-1.51044e-05
-7.1087e-06
-1.56637e-05
-6.99826e-06
-6.79927e-06
-1.61597e-05
-1.3471e-05
-6.6105e-06
-1.40789e-05
-6.50066e-06
-1.45698e-05
-6.50751e-06
-6.33797e-06
-1.50311e-05
-1.35384e-05
-6.12303e-06
-1.40276e-05
-6.01151e-06
-1.45209e-05
-6.01424e-06
-5.91241e-06
-1.49465e-05
-1.27896e-05
-5.66253e-06
-1.33165e-05
-5.48458e-06
-1.39047e-05
-5.42608e-06
-5.37927e-06
-1.44379e-05
-1.2789e-05
-5.14019e-06
-1.32447e-05
-5.02897e-06
-1.37341e-05
-4.93663e-06
-4.88307e-06
-1.42304e-05
-1.25149e-05
-4.62483e-06
-1.2999e-05
-4.54477e-06
-1.3462e-05
-4.47372e-06
-4.40809e-06
-1.3937e-05
-1.21633e-05
-4.13467e-06
-1.26609e-05
-4.04721e-06
-1.31673e-05
-3.96732e-06
-3.87913e-06
-1.36963e-05
-1.19594e-05
-3.5925e-06
-1.24644e-05
-3.54224e-06
-1.29762e-05
-3.45557e-06
-3.37364e-06
-1.34817e-05
-1.1601e-05
-3.0982e-06
-1.21128e-05
-3.0304e-06
-1.26154e-05
-2.953e-06
-2.85624e-06
-1.31329e-05
-1.1257e-05
-2.59636e-06
-1.17614e-05
-2.52595e-06
-1.2274e-05
-2.44048e-06
-2.34191e-06
-1.27883e-05
-1.08437e-05
-2.12088e-06
-1.13388e-05
-2.03091e-06
-1.18414e-05
-1.93784e-06
-1.83151e-06
-1.23518e-05
-1.03896e-05
-1.65953e-06
-1.08675e-05
-1.55304e-06
-1.13592e-05
-1.44611e-06
-1.33005e-06
-1.18607e-05
-9.87583e-06
-1.2175e-06
-1.03358e-05
-1.09304e-06
-1.08119e-05
-9.70059e-07
-8.4046e-07
-1.13015e-05
-9.3037e-06
-7.945e-07
-9.74286e-06
-6.53882e-07
-1.02e-05
-5.1295e-07
-3.6906e-07
-1.06714e-05
-8.66785e-06
-3.92382e-07
-9.08573e-06
-2.35981e-07
-9.52062e-06
-7.80617e-08
8.20985e-08
-9.97178e-06
-7.9676e-06
-1.27908e-08
-8.36128e-06
1.57694e-07
-8.76842e-06
3.29086e-07
5.10688e-07
-9.19701e-06
-7.19418e-06
3.38915e-07
-7.56206e-06
5.25598e-07
-7.94769e-06
7.14707e-07
9.08983e-07
-8.34598e-06
-6.35016e-06
6.73514e-07
-6.69159e-06
8.67027e-07
-7.04767e-06
1.07079e-06
1.27917e-06
-7.41786e-06
-5.42281e-06
9.70743e-07
-5.73894e-06
1.18318e-06
-6.06716e-06
1.39901e-06
1.61796e-06
-6.40594e-06
-4.48525e-06
1.1348e-06
-4.69889e-06
1.39682e-06
-4.95258e-06
1.65271e-06
1.90772e-06
-5.24232e-06
-3.84549e-06
1.10858e-06
-3.86441e-06
1.41578e-06
-3.93563e-06
1.72396e-06
2.02852e-06
-4.05641e-06
-3.67098e-06
-3.56798e-06
-3.48711e-06
-3.43491e-06
7.75934e-05
-8.01491e-05
8.86508e-05
-0.000106351
9.09419e-05
-9.90525e-05
8.97349e-05
-8.45419e-05
9.06913e-05
-6.50153e-05
9.15286e-05
-4.4158e-05
8.85479e-05
-2.51912e-05
8.61766e-05
-9.83218e-06
9.33866e-05
4.38293e-06
9.14364e-05
2.03936e-05
6.0287e-05
3.82592e-05
1.95863e-05
4.34663e-05
-2.23971e-05
5.58385e-05
-2.35502e-05
6.6698e-05
-1.65738e-05
3.38544e-05
4.20996e-05
5.83857e-05
5.83941e-05
0.000164453
2.49571e-05
0.000132916
-3.02684e-05
9.22653e-05
-9.62111e-05
9.83054e-05
-0.000112391
0.00010289
-0.000103637
9.9748e-05
-8.14004e-05
9.5357e-05
-6.06243e-05
9.04249e-05
-3.9226e-05
8.72169e-05
-2.19831e-05
7.95097e-05
-2.12501e-06
7.17272e-05
1.21655e-05
6.70862e-05
2.50346e-05
6.57028e-05
3.96427e-05
5.974e-05
4.94291e-05
4.90304e-05
6.65482e-05
5.7573e-05
5.81552e-05
6.63119e-05
2.51155e-05
8.52163e-05
3.94813e-05
0.000102731
0.000146938
4.88871e-05
0.000186761
1.86187e-05
0.000123412
-0.000102679
0.000129482
-0.000118461
0.00013962
-0.000113774
0.000138469
-8.02489e-05
0.000128093
-5.02488e-05
0.000106595
-1.77274e-05
0.000100291
-1.56792e-05
9.74905e-05
6.75096e-07
9.78841e-05
1.17718e-05
9.3294e-05
2.96248e-05
9.0722e-05
4.22147e-05
9.02751e-05
4.9876e-05
9.64297e-05
6.03935e-05
0.000100132
5.44534e-05
8.63897e-05
3.88573e-05
0.000100073
2.57976e-05
0.000107613
0.000139398
4.76847e-05
0.000246689
6.63035e-05
0.000122673
-0.000105802
0.000125653
-0.000121441
0.000144648
-0.00013277
0.000146904
-8.25047e-05
0.000143469
-4.68138e-05
0.000107635
1.81068e-05
0.000102854
-1.08987e-05
9.86733e-05
4.85609e-06
0.000107419
3.02609e-06
0.000108385
2.86585e-05
0.000108295
4.23055e-05
0.000107686
5.04847e-05
0.000102313
6.57665e-05
9.37535e-05
6.30128e-05
7.81225e-05
5.44884e-05
5.88313e-05
4.50888e-05
5.59981e-05
0.000142232
8.95128e-06
0.000293737
7.52548e-05
9.61009e-05
-0.000115652
0.000107343
-0.000132683
9.06138e-05
-0.00011604
0.00013484
-0.000126731
0.00020679
-0.000118763
0.000198233
2.66618e-05
0.000104874
8.24598e-05
8.2458e-05
2.72711e-05
0.000105066
-1.95821e-05
0.000112066
2.1658e-05
0.000115165
3.92064e-05
0.000118765
4.68855e-05
9.04715e-05
9.40598e-05
8.01006e-05
7.33837e-05
6.67559e-05
6.78331e-05
2.84738e-05
8.33709e-05
2.04179e-05
0.000150288
9.25321e-06
0.000304901
8.4508e-05
1.42384e-05
-7.83419e-05
-1.1635e-05
-0.000106809
-8.85381e-07
-0.00012679
4.8819e-05
-0.000176435
0.000137983
-0.000207928
0.000314376
-0.000149732
0.000502952
-0.000106117
0.000602608
-7.23859e-05
0.000647126
-6.41012e-05
0.000641562
2.72234e-05
0.000480596
0.000200172
0.000220687
0.000306796
0.00011041
0.000204337
6.82758e-05
0.000115518
4.93848e-05
8.67241e-05
2.65383e-05
0.000106217
1.57907e-05
0.000161035
1.91548e-05
0.000301537
0.000103663
-1.62924e-05
-0.000112826
-5.32733e-06
-0.000117774
-9.24334e-06
-0.000122873
-3.87053e-05
-0.000146973
-8.2107e-05
-0.000164526
-9.61158e-05
-0.000135724
-8.60603e-05
-0.000116173
-4.40002e-05
-0.000114446
-8.77666e-06
-9.93245e-05
9.50929e-05
-7.66461e-05
0.000326119
-3.08533e-05
0.00049195
0.000140965
0.000292345
0.000403942
8.55547e-05
0.000322309
3.41152e-05
0.000138164
1.89846e-05
0.000121348
3.08872e-06
0.000176931
5.36441e-05
0.000250982
0.000157307
1.00832e-05
-9.59269e-05
-2.18647e-05
-8.5826e-05
-7.11165e-05
-7.36217e-05
-0.000136651
-8.14393e-05
-0.000144547
-0.000156631
-0.00012853
-0.000151741
-0.000110637
-0.000134066
-9.58505e-05
-0.000129232
-7.55968e-05
-0.000119578
-5.24271e-05
-9.98158e-05
-1.39309e-05
-6.93495e-05
0.000135204
-8.16907e-06
0.000338618
0.000200528
0.00019695
0.000463977
2.58971e-05
0.000309217
1.41287e-05
0.000133116
1.5902e-05
0.000175158
4.12023e-05
0.000225681
0.000198509
-8.97038e-06
-6.56275e-05
-4.4844e-05
-4.99525e-05
-8.12476e-05
-3.72185e-05
-0.000119993
-4.26938e-05
-0.000140305
-0.000136319
-0.000137045
-0.000155001
-0.000126419
-0.000144692
-0.00011205
-0.000143601
-9.47405e-05
-0.000136888
-7.4499e-05
-0.000120057
-5.54119e-05
-8.84366e-05
-2.69129e-05
-3.6668e-05
0.000118433
5.51825e-05
0.000253405
0.000329005
0.000116781
0.000445841
1.68107e-05
0.000233087
2.19656e-05
0.000170003
2.6884e-05
0.000220763
0.000225393
-3.00395e-05
-4.58135e-05
-4.57466e-05
-3.42455e-05
-6.15259e-05
-2.14394e-05
-8.71697e-05
-1.70503e-05
-0.000147681
-7.58072e-05
-0.000149075
-0.000153607
-0.000127824
-0.000165942
-0.00011682
-0.000154606
-0.000107116
-0.000146592
-9.4323e-05
-0.00013285
-7.57473e-05
-0.000107012
-5.62786e-05
-5.61368e-05
-2.84097e-05
2.73136e-05
0.000115159
0.000185437
0.000125644
0.000435355
3.27204e-05
0.000326011
3.13848e-05
0.000171339
2.04674e-05
0.00023168
0.00024586
-2.89938e-05
-3.44791e-05
-3.42723e-05
-2.89674e-05
-3.39154e-05
-2.17966e-05
-3.26017e-05
-1.83642e-05
-7.19972e-05
-3.64116e-05
-0.000140506
-8.50977e-05
-0.00014282
-0.000163629
-0.000123024
-0.000174401
-0.000120682
-0.000148934
-0.000113881
-0.000139651
-0.000102117
-0.000118777
-8.42414e-05
-7.40122e-05
-6.70895e-05
1.01617e-05
-3.87461e-06
0.000122222
3.74427e-05
0.000394038
3.93534e-05
0.0003241
3.04479e-05
0.000180244
1.99154e-05
0.000242213
0.000265776
-2.56146e-05
-2.92557e-05
-2.69667e-05
-2.76157e-05
-2.3566e-05
-2.51975e-05
-1.75804e-05
-2.43499e-05
-2.18891e-05
-3.21029e-05
-5.55175e-05
-5.14689e-05
-0.000122237
-9.69089e-05
-0.000127605
-0.000169033
-0.00012559
-0.000150949
-0.000129426
-0.000135815
-0.000127398
-0.000120805
-0.000116299
-8.51111e-05
-9.92105e-05
-6.92683e-06
-9.02002e-05
0.000113211
-4.02382e-05
0.000344076
2.39502e-05
0.000259912
2.49413e-05
0.000179253
1.59712e-05
0.000251183
0.000281747
-2.3709e-05
-2.78687e-05
-2.40006e-05
-2.73244e-05
-2.27994e-05
-2.6399e-05
-2.01738e-05
-2.69756e-05
-2.02208e-05
-3.20558e-05
-3.05184e-05
-4.11709e-05
-6.36357e-05
-6.37912e-05
-0.0001236
-0.000109068
-0.000119644
-0.000154905
-0.000138939
-0.00011652
-0.000149821
-0.000109922
-0.000147928
-8.70048e-05
-0.00013224
-2.26145e-05
-0.000117093
9.80642e-05
-1.64296e-05
0.000243413
3.1622e-05
0.00021186
1.1827e-05
0.000199048
3.62521e-06
0.000259385
0.000285372
-2.28755e-05
-2.63879e-05
-2.39153e-05
-2.62849e-05
-2.46965e-05
-2.56179e-05
-2.49163e-05
-2.67559e-05
-2.64542e-05
-3.05178e-05
-3.19666e-05
-3.56583e-05
-5.32339e-05
-4.25236e-05
-9.89585e-05
-6.33434e-05
-0.000132206
-0.000121658
-0.000145892
-0.000102834
-0.000167591
-8.82234e-05
-0.000179199
-7.53966e-05
-0.000168468
-3.33451e-05
-0.000128582
5.81778e-05
-5.0807e-05
0.000165638
-2.23332e-05
0.000183386
-2.75494e-05
0.000204264
-2.06024e-05
0.000252438
0.00026477
-2.16371e-05
-2.53208e-05
-2.27032e-05
-2.52189e-05
-2.42566e-05
-2.40648e-05
-2.67561e-05
-2.42564e-05
-3.1813e-05
-2.5461e-05
-4.05482e-05
-2.69229e-05
-5.41758e-05
-2.88957e-05
-8.52992e-05
-3.22199e-05
-0.000148672
-5.82849e-05
-0.000159897
-9.16086e-05
-0.000184533
-6.35879e-05
-0.000207006
-5.29232e-05
-0.000212931
-2.74208e-05
-0.000184035
2.92819e-05
-0.00013268
0.000114283
-0.0001131
0.000163807
-9.72583e-05
0.000188422
-5.23418e-05
0.000207521
0.000212428
-2.12998e-05
-2.33942e-05
-2.34492e-05
-2.30698e-05
-2.56598e-05
-2.18541e-05
-2.856e-05
-2.13564e-05
-3.37833e-05
-2.02375e-05
-4.32442e-05
-1.74619e-05
-6.005e-05
-1.20897e-05
-9.40437e-05
1.77405e-06
-0.000165013
1.26844e-05
-0.000194107
-6.2515e-05
-0.000201628
-5.60664e-05
-0.00021903
-3.55214e-05
-0.000233345
-1.31062e-05
-0.000227594
2.35317e-05
-0.00019751
8.41991e-05
-0.00017185
0.000138147
-0.000138106
0.000154678
-6.63374e-05
0.000135753
0.000146091
-1.97873e-05
-2.20415e-05
-2.15776e-05
-2.12792e-05
-2.35824e-05
-1.98493e-05
-2.66069e-05
-1.83316e-05
-3.11131e-05
-1.57311e-05
-3.7825e-05
-1.07498e-05
-4.73758e-05
-2.53869e-06
-6.13843e-05
1.57826e-05
-0.000101037
5.2337e-05
-0.000200753
3.72012e-05
-0.000218129
-3.869e-05
-0.000214057
-3.95935e-05
-0.000220084
-7.07965e-06
-0.000226809
3.02567e-05
-0.000213664
7.1054e-05
-0.000184868
0.000109351
-0.000142257
0.000112067
-7.44635e-05
6.79592e-05
7.1627e-05
-1.92234e-05
-2.01976e-05
-2.12625e-05
-1.92401e-05
-2.30392e-05
-1.80722e-05
-2.52466e-05
-1.6124e-05
-2.78046e-05
-1.31727e-05
-3.05377e-05
-8.01633e-06
-3.27632e-05
-3.12969e-07
-3.09844e-05
1.40042e-05
-2.50629e-05
4.64155e-05
-7.18109e-05
8.39492e-05
-0.000200605
9.01041e-05
-0.000233356
-6.84326e-06
-0.000183584
-5.68511e-05
-0.00017895
2.56229e-05
-0.000174409
6.65123e-05
-0.000161054
9.59964e-05
-0.000138735
8.97479e-05
-8.49223e-05
1.41467e-05
-1.32953e-05
-1.869e-05
-1.8577e-05
-1.99924e-05
-1.79376e-05
-2.09934e-05
-1.70709e-05
-2.22656e-05
-1.48515e-05
-2.32895e-05
-1.21486e-05
-2.28336e-05
-8.47195e-06
-2.04017e-05
-2.74478e-06
-1.24008e-05
6.00346e-06
8.46902e-06
2.55456e-05
4.06029e-05
5.18152e-05
5.48136e-06
0.000125226
-0.000112763
0.000111401
-0.000181078
1.14638e-05
-0.000185704
3.02485e-05
-0.000157274
3.80823e-05
-0.000125396
6.41181e-05
-9.91838e-05
6.35355e-05
-6.0454e-05
-2.45831e-05
-7.37493e-05
-1.75426e-05
-1.71285e-05
-1.88139e-05
-1.66661e-05
-1.9935e-05
-1.59497e-05
-2.06014e-05
-1.41849e-05
-2.03801e-05
-1.23697e-05
-1.82416e-05
-1.06102e-05
-1.31983e-05
-7.78797e-06
-2.91278e-06
-4.28195e-06
1.89153e-05
3.71764e-06
5.29425e-05
1.7788e-05
8.09153e-05
9.72526e-05
7.74861e-07
0.000191541
-0.000106642
0.000118881
-0.000144632
6.82377e-05
-0.000146234
3.96844e-05
-0.00012834
4.6224e-05
-0.00011545
5.0645e-05
-8.71713e-05
-5.28614e-05
-0.000160921
-1.72743e-05
-1.60139e-05
-1.79553e-05
-1.59851e-05
-1.87318e-05
-1.51731e-05
-1.91152e-05
-1.38014e-05
-1.83724e-05
-1.31122e-05
-1.60118e-05
-1.29707e-05
-1.12839e-05
-1.25157e-05
-1.64561e-06
-1.39201e-05
1.68656e-05
-1.47935e-05
4.31398e-05
-8.48623e-06
8.18352e-05
5.85571e-05
5.9399e-05
0.000213977
-1.52248e-05
0.000193504
-7.75944e-05
0.000130607
-9.49864e-05
5.70762e-05
-5.97092e-05
1.09466e-05
-1.4252e-05
5.18755e-06
-2.4231e-05
-4.28825e-05
-0.000185152
-1.62144e-05
-1.48307e-05
-1.73206e-05
-1.48788e-05
-1.8214e-05
-1.42796e-05
-1.85243e-05
-1.3491e-05
-1.78999e-05
-1.37365e-05
-1.62651e-05
-1.46053e-05
-1.29639e-05
-1.58167e-05
-5.8606e-06
-2.10233e-05
7.47585e-06
-2.81299e-05
2.43473e-05
-2.53577e-05
6.11477e-05
2.17566e-05
6.73668e-05
0.000207758
4.12476e-05
0.000219623
-4.27743e-06
0.000176132
-2.80422e-05
8.08408e-05
-1.38563e-05
-3.23945e-06
-8.40168e-07
-7.8287e-06
-2.93831e-07
-4.34289e-05
-0.000185445
-1.59789e-05
-1.37983e-05
-1.70023e-05
-1.38554e-05
-1.7919e-05
-1.33629e-05
-1.83364e-05
-1.30735e-05
-1.83982e-05
-1.36745e-05
-1.80591e-05
-1.49443e-05
-1.67831e-05
-1.70926e-05
-1.43743e-05
-2.3432e-05
-1.01325e-05
-3.23716e-05
-3.9968e-06
-3.14934e-05
2.91687e-05
-1.14089e-05
5.58306e-05
0.000181096
5.36058e-05
0.000221848
3.98584e-05
0.000189879
2.00321e-05
0.000100667
1.76377e-05
-8.45137e-07
1.73056e-05
-7.49677e-06
7.52679e-06
-3.36502e-05
-0.000177919
-1.56104e-05
-1.26258e-05
-1.68185e-05
-1.26474e-05
-1.78534e-05
-1.23279e-05
-1.8625e-05
-1.23017e-05
-1.93762e-05
-1.29233e-05
-2.02045e-05
-1.41159e-05
-2.11207e-05
-1.61762e-05
-2.36177e-05
-2.0935e-05
-2.80678e-05
-2.79214e-05
-2.67117e-05
-3.28496e-05
-1.23909e-05
-2.57298e-05
3.42214e-05
0.000134484
4.57944e-05
0.000210275
5.31769e-05
0.000182497
5.37469e-05
0.000100097
4.55916e-05
7.31005e-06
3.84055e-05
-3.10753e-07
1.22726e-05
-7.51726e-06
-0.000165646
-1.54199e-05
-1.14364e-05
-1.66672e-05
-1.14001e-05
-1.78108e-05
-1.11844e-05
-1.8958e-05
-1.11544e-05
-2.026e-05
-1.16211e-05
-2.19527e-05
-1.24231e-05
-2.43686e-05
-1.37603e-05
-2.88951e-05
-1.64084e-05
-3.67965e-05
-2.002e-05
-4.60041e-05
-2.3642e-05
-5.54228e-05
-1.63111e-05
-7.8517e-07
7.98463e-05
3.53205e-05
0.000174169
5.82327e-05
0.000159584
7.47842e-05
8.35452e-05
6.51517e-05
1.69425e-05
4.73295e-05
1.75114e-05
1.36791e-05
2.61332e-05
-0.000151967
-1.51778e-05
-1.01957e-05
-1.65119e-05
-1.0066e-05
-1.78142e-05
-9.88204e-06
-1.9235e-05
-9.73353e-06
-2.08805e-05
-9.97552e-06
-2.29883e-05
-1.03153e-05
-2.59952e-05
-1.07532e-05
-3.08426e-05
-1.1561e-05
-3.87661e-05
-1.20964e-05
-5.13319e-05
-1.10762e-05
-6.47462e-05
-2.89687e-06
-3.29194e-05
4.80195e-05
1.82097e-05
0.00012304
5.72258e-05
0.000120568
8.056e-05
6.02109e-05
7.17589e-05
2.57435e-05
4.70361e-05
4.22341e-05
1.48257e-05
5.83436e-05
-0.000137141
-1.50105e-05
-8.88153e-06
-1.63422e-05
-8.73433e-06
-1.77572e-05
-8.467e-06
-1.92797e-05
-8.21097e-06
-2.10833e-05
-8.17187e-06
-2.33133e-05
-8.08522e-06
-2.62389e-05
-7.8275e-06
-3.03987e-05
-7.40112e-06
-3.64275e-05
-6.06759e-06
-4.53108e-05
-2.19284e-06
-5.50692e-05
6.86156e-06
-4.27581e-05
3.57084e-05
1.36812e-06
7.89139e-05
4.68697e-05
7.50665e-05
6.75784e-05
3.95022e-05
6.25427e-05
3.07791e-05
4.24157e-05
6.23612e-05
1.8272e-05
8.24872e-05
-0.000118869
-1.4705e-05
-7.65831e-06
-1.61107e-05
-7.32863e-06
-1.75615e-05
-7.0162e-06
-1.91433e-05
-6.62909e-06
-2.09665e-05
-6.34863e-06
-2.30893e-05
-5.96231e-06
-2.56338e-05
-5.28292e-06
-2.87791e-05
-4.25573e-06
-3.24939e-05
-2.35278e-06
-3.69344e-05
2.24773e-06
-3.95416e-05
9.46874e-06
-3.01893e-05
2.63561e-05
-1.08767e-06
4.98123e-05
3.32359e-05
4.0743e-05
4.56635e-05
2.70745e-05
4.64196e-05
3.00229e-05
3.0396e-05
7.83848e-05
1.64454e-05
9.64378e-05
-0.000102424
-1.44262e-05
-6.36503e-06
-1.57959e-05
-5.95888e-06
-1.72676e-05
-5.54453e-06
-1.88473e-05
-5.04939e-06
-2.0606e-05
-4.58978e-06
-2.25397e-05
-4.02854e-06
-2.46384e-05
-3.18421e-06
-2.68598e-05
-2.03425e-06
-2.88648e-05
-3.47684e-07
-3.00958e-05
3.47877e-06
-2.88881e-05
8.26106e-06
-1.88179e-05
1.62859e-05
1.42669e-06
2.95677e-05
2.20539e-05
2.01157e-05
2.92809e-05
1.98475e-05
3.15173e-05
2.77865e-05
1.95259e-05
9.03763e-05
1.96574e-05
9.63064e-05
-8.27665e-05
-1.40383e-05
-5.11513e-06
-1.54091e-05
-4.58801e-06
-1.68742e-05
-4.07949e-06
-1.84294e-05
-3.49412e-06
-2.01062e-05
-2.91295e-06
-2.18629e-05
-2.27175e-06
-2.36108e-05
-1.43619e-06
-2.51998e-05
-4.45189e-07
-2.62316e-05
6.84085e-07
-2.57649e-05
3.01217e-06
-2.29592e-05
5.45534e-06
-1.39607e-05
7.2874e-06
7.21006e-07
1.48859e-05
1.32073e-05
7.62941e-06
1.82256e-05
1.48292e-05
1.66232e-05
2.93889e-05
1.01347e-05
9.68648e-05
1.73653e-05
8.90759e-05
-6.54012e-05
-1.36021e-05
-3.86489e-06
-1.49478e-05
-3.24232e-06
-1.63966e-05
-2.63071e-06
-1.79278e-05
-1.96287e-06
-1.9548e-05
-1.2927e-06
-2.12104e-05
-6.09259e-07
-2.27984e-05
1.51865e-07
-2.41177e-05
8.74154e-07
-2.47766e-05
1.34299e-06
-2.38281e-05
2.06376e-06
-2.04814e-05
2.1086e-06
-1.33027e-05
1.08738e-07
-2.53864e-06
4.12185e-06
5.87931e-06
-7.8855e-07
5.87285e-06
1.48357e-05
-3.36051e-06
3.86223e-05
-3.23711e-06
9.67414e-05
8.13333e-06
7.77055e-05
-5.72679e-05
-1.30873e-05
-2.63831e-06
-1.44123e-05
-1.91734e-06
-1.58429e-05
-1.20005e-06
-1.73648e-05
-4.40917e-07
-1.89693e-05
3.11753e-07
-2.06369e-05
1.05842e-06
-2.22529e-05
1.76792e-06
-2.3578e-05
2.19936e-06
-2.44374e-05
2.20236e-06
-2.39908e-05
1.61725e-06
-2.12898e-05
-5.92421e-07
-1.60994e-05
-5.08163e-06
-7.86781e-06
-4.10977e-06
-4.52354e-06
-4.13283e-06
-1.66107e-05
2.69228e-05
-3.50425e-05
5.70542e-05
-2.80292e-05
8.97281e-05
-8.02635e-06
5.77027e-05
-6.52942e-05
-1.25037e-05
-1.43615e-06
-1.38031e-05
-6.17909e-07
-1.52092e-05
2.06052e-07
-1.67227e-05
1.07269e-06
-1.83582e-05
1.94729e-06
-2.00865e-05
2.78676e-06
-2.18416e-05
3.52306e-06
-2.35921e-05
3.94989e-06
-2.5154e-05
3.76423e-06
-2.60054e-05
2.46866e-06
-2.55674e-05
-1.03041e-06
-2.33054e-05
-7.34367e-06
-1.86503e-05
-8.76486e-06
-2.65812e-05
3.79804e-06
-5.7299e-05
5.76406e-05
-8.42211e-05
8.39763e-05
-6.50056e-05
7.05126e-05
-1.83781e-05
1.10753e-05
-8.36723e-05
-1.18407e-05
-2.66791e-07
-1.31049e-05
6.46271e-07
-1.44939e-05
1.59509e-06
-1.60068e-05
2.58557e-06
-1.76767e-05
3.61729e-06
-1.95138e-05
4.62385e-06
-2.15385e-05
5.54777e-06
-2.37945e-05
6.20597e-06
-2.63184e-05
6.28817e-06
-2.90298e-05
5.18001e-06
-3.20222e-05
1.96199e-06
-3.53353e-05
-4.03059e-06
-4.39683e-05
-1.31862e-07
-7.86638e-05
3.84935e-05
-0.000120711
9.96874e-05
-0.000155886
0.000119152
-9.30424e-05
7.66878e-06
-1.08353e-05
-7.11318e-05
-9.45076e-05
-1.10954e-05
8.56817e-07
-1.23192e-05
1.87005e-06
-1.36714e-05
2.94732e-06
-1.51713e-05
4.08557e-06
-1.68542e-05
5.30021e-06
-1.87777e-05
6.54735e-06
-2.10498e-05
7.81987e-06
-2.38856e-05
9.04181e-06
-2.77669e-05
1.01695e-05
-3.36178e-05
1.10309e-05
-4.32365e-05
1.15807e-05
-6.08234e-05
1.35563e-05
-8.84387e-05
2.74834e-05
-0.000123101
7.31562e-05
-0.000134839
0.000111425
-0.000108653
9.29665e-05
-2.92788e-05
-7.17059e-05
-2.80191e-06
-9.76087e-05
-9.73095e-05
-1.02632e-05
1.92303e-06
-1.14336e-05
3.04044e-06
-1.27302e-05
4.24397e-06
-1.41799e-05
5.53527e-06
-1.58212e-05
6.94146e-06
-1.77212e-05
8.44738e-06
-2.00062e-05
1.01049e-05
-2.29234e-05
1.1959e-05
-2.6975e-05
1.42211e-05
-3.31809e-05
1.72368e-05
-4.35473e-05
2.19471e-05
-6.11323e-05
3.11413e-05
-8.59317e-05
5.22827e-05
-0.000102942
9.01665e-05
-9.58885e-05
0.000104371
-5.12116e-05
4.82896e-05
-1.50793e-05
-0.000107838
-4.01707e-06
-0.000108671
-0.000101327
-9.34932e-06
2.92637e-06
-1.04491e-05
4.14021e-06
-1.16693e-05
5.46415e-06
-1.30322e-05
6.89819e-06
-1.45749e-05
8.48421e-06
-1.63506e-05
1.02231e-05
-1.84434e-05
1.21977e-05
-2.1004e-05
1.45196e-05
-2.42608e-05
1.74779e-05
-2.85697e-05
2.15457e-05
-3.43227e-05
2.77001e-05
-4.12666e-05
3.80852e-05
-4.59358e-05
5.69519e-05
-4.29136e-05
8.71443e-05
-2.98794e-05
9.13371e-05
-1.22462e-05
3.06563e-05
-8.95242e-06
-0.000111132
-3.25543e-06
-0.000114368
-0.000104582
-8.34667e-06
3.85519e-06
-9.36369e-06
5.15724e-06
-1.04865e-05
6.58702e-06
-1.17294e-05
8.14104e-06
-1.31175e-05
9.87234e-06
-1.46819e-05
1.17874e-05
-1.64405e-05
1.39564e-05
-1.84199e-05
1.64991e-05
-2.05754e-05
1.96334e-05
-2.27279e-05
2.36982e-05
-2.4177e-05
2.91492e-05
-2.24303e-05
3.63386e-05
-1.13746e-05
4.58961e-05
1.36798e-05
6.20899e-05
4.79716e-05
5.70453e-05
5.14468e-05
2.7181e-05
7.11738e-06
-6.68025e-05
-2.43929e-06
-0.000104811
-0.000107021
-7.25663e-06
4.70589e-06
-8.19339e-06
6.09401e-06
-9.21796e-06
7.6116e-06
-1.03529e-05
9.27599e-06
-1.16025e-05
1.1122e-05
-1.29822e-05
1.31671e-05
-1.44767e-05
1.54509e-05
-1.60077e-05
1.80301e-05
-1.73618e-05
2.09875e-05
-1.81188e-05
2.44552e-05
-1.72672e-05
2.82976e-05
-1.23272e-05
3.13986e-05
-8.97159e-07
3.44661e-05
2.70763e-05
3.41164e-05
5.98595e-05
2.4262e-05
6.52387e-05
2.18018e-05
2.61322e-05
-2.76961e-05
1.97748e-06
-8.06565e-05
-0.000105044
-6.01378e-06
5.47738e-06
-6.86357e-06
6.94382e-06
-7.78249e-06
8.53054e-06
-8.7748e-06
1.02683e-05
-9.84772e-06
1.21949e-05
-1.10068e-05
1.43262e-05
-1.22433e-05
1.66874e-05
-1.34841e-05
1.92709e-05
-1.45136e-05
2.2017e-05
-1.48814e-05
2.48231e-05
-1.37439e-05
2.71601e-05
-9.78399e-06
2.74387e-05
-2.09111e-06
2.67732e-05
1.79647e-05
1.40606e-05
4.16775e-05
5.49162e-07
5.49533e-05
8.52595e-06
2.025e-05
7.00723e-06
8.50429e-06
-6.89108e-05
-9.65395e-05
-4.54002e-06
5.96102e-06
-5.21525e-06
7.61908e-06
-6.03117e-06
9.34648e-06
-6.96759e-06
1.12048e-05
-8.00748e-06
1.32348e-05
-9.15451e-06
1.54733e-05
-1.03997e-05
1.79326e-05
-1.16727e-05
2.0544e-05
-1.28595e-05
2.32038e-05
-1.3798e-05
2.57616e-05
-1.39766e-05
2.73386e-05
-1.32683e-05
2.67305e-05
-1.03122e-05
2.38171e-05
-5.08008e-06
8.82848e-06
-2.14821e-06
-2.38272e-06
3.31256e-05
-2.67479e-05
2.92279e-05
1.09049e-05
2.07929e-05
-6.04758e-05
-7.57466e-05
-3.45064e-06
-3.639e-06
-3.96342e-06
-4.38096e-06
-4.8688e-06
-5.42906e-06
-6.09017e-06
-6.91816e-06
-7.96833e-06
-9.23484e-06
-1.03093e-05
-1.01777e-05
-9.47964e-06
-1.47201e-06
-3.98994e-06
2.19179e-05
3.37893e-05
4.2451e-05
)
;

boundaryField
{
    leftWall
    {
        type            calculated;
        value           uniform 0;
    }
    rightWall
    {
        type            calculated;
        value           uniform 0;
    }
    lowerWall
    {
        type            calculated;
        value           nonuniform List<scalar> 
62
(
1.92252e-22
-4.00303e-22
-2.93845e-22
-1.37972e-22
2.42874e-22
-2.49257e-23
5.67663e-23
6.24778e-23
-1.84502e-22
-2.69487e-22
5.32517e-22
-2.16025e-22
-4.20995e-22
1.5635e-22
4.83797e-22
5.22507e-23
-2.94622e-22
-2.73488e-22
2.20683e-22
-4.97099e-22
-8.00017e-23
-6.775e-23
-2.44787e-22
0
0
0
0
0
0
0
0
-6.14725e-23
-1.62529e-22
-1.54636e-22
-4.25779e-23
0
0
0
0
0
0
0
0
-3.2911e-22
-2.12628e-22
4.33595e-22
8.57176e-22
9.09382e-23
5.60864e-22
2.76601e-22
-8.23853e-23
5.35858e-22
3.43487e-22
-1.05259e-22
4.15141e-23
3.5194e-22
-5.26345e-22
5.02241e-22
-5.83358e-22
-4.75536e-22
4.65128e-24
-4.59525e-22
)
;
    }
    atmosphere
    {
        type            calculated;
        value           nonuniform List<scalar> 
46
(
-3.81633e-06
-4.28264e-06
-4.31942e-06
-4.38283e-06
-4.44503e-06
-4.51493e-06
-4.58517e-06
-4.6523e-06
-4.71105e-06
-4.75468e-06
-4.77607e-06
-4.7675e-06
-4.72066e-06
-4.62476e-06
-4.46408e-06
-4.22651e-06
-3.90008e-06
-3.46663e-06
-2.90551e-06
-2.19757e-06
-1.32106e-06
-2.45948e-07
1.04869e-06
9.87688e-07
1.3128e-06
1.64311e-06
1.97633e-06
5.97676e-06
7.80744e-06
9.67091e-06
1.16223e-05
1.37227e-05
1.60335e-05
1.85937e-05
2.1372e-05
2.4254e-05
2.70281e-05
2.84131e-05
2.65988e-05
2.31191e-05
8.20852e-07
1.3521e-07
-5.26558e-05
-9.66433e-07
-6.91375e-05
-3.32956e-05
)
;
    }
    defaultFaces
    {
        type            empty;
        value           nonuniform 0();
    }
}


// ************************************************************************* //
