/*--------------------------------*- C++ -*----------------------------------*\
| =========                 |                                                 |
| \\      /  F ield         | OpenFOAM: The Open Source CFD Toolbox           |
|  \\    /   O peration     | Version:  2.4.0                                 |
|   \\  /    A nd           | Web:      www.OpenFOAM.org                      |
|    \\/     M anipulation  |                                                 |
\*---------------------------------------------------------------------------*/
FoamFile
{
    version     2.0;
    format      ascii;
    class       volVectorField;
    location    "0.6";
    object      U;
}
// * * * * * * * * * * * * * * * * * * * * * * * * * * * * * * * * * * * * * //

dimensions      [0 1 -1 0 0 0 0];

internalField   nonuniform List<vector> 
2268
(
(0.0139825 -0.00604353 0)
(0.0391631 -0.0066314 0)
(0.0678698 -0.00418786 0)
(0.0834764 -0.00751914 0)
(0.123152 -0.00689769 0)
(0.147593 -0.00436091 0)
(0.162402 -0.00401235 0)
(0.184821 -0.00358533 0)
(0.20957 -0.00588587 0)
(0.238568 -0.0012592 0)
(0.24754 0.00830626 0)
(0.247865 0.0137265 0)
(0.236755 0.0127322 0)
(0.212633 0.00770058 0)
(0.182023 0.00337413 0)
(0.137408 -0.00757177 0)
(0.0913275 -0.00244354 0)
(0.035417 -0.00680777 0)
(0.000318309 0.00641077 0)
(-0.0316834 -0.00495035 0)
(-0.015037 -0.000614361 0)
(-0.0151362 0.00314763 0)
(-0.0281706 -0.00237886 0)
(0.0146934 -0.021859 0)
(0.0378773 -0.0243134 0)
(0.0685119 -0.0168949 0)
(0.0865986 -0.026657 0)
(0.121409 -0.0248801 0)
(0.145945 -0.0184405 0)
(0.165072 -0.0221322 0)
(0.188375 -0.0220281 0)
(0.217037 -0.0279507 0)
(0.238086 -0.024944 0)
(0.247362 -0.0176933 0)
(0.247409 -0.0131137 0)
(0.239582 0.000867601 0)
(0.218757 0.0154974 0)
(0.184674 0.0376262 0)
(0.138727 0.0516706 0)
(0.08959 0.0489108 0)
(0.0423695 0.0418025 0)
(-0.00214222 0.0223068 0)
(-0.0176217 0.0111945 0)
(-0.0211282 -0.00650946 0)
(-0.0104689 0.00337029 0)
(-0.0242621 -0.018342 0)
(0.0153406 -0.0151625 0)
(0.0361727 -0.0165106 0)
(0.068173 -0.00901301 0)
(0.0913018 -0.0183416 0)
(0.114479 -0.015521 0)
(0.144487 -0.00796514 0)
(0.165713 -0.00779929 0)
(0.193416 -0.00560955 0)
(0.216952 -0.00890421 0)
(0.225745 0.00497463 0)
(0.235903 0.0176029 0)
(0.256018 0.0300901 0)
(0.261692 0.041007 0)
(0.245546 0.0417738 0)
(0.205067 0.0396431 0)
(0.143728 0.0382793 0)
(0.0746473 0.0490529 0)
(0.0276502 0.0463018 0)
(-0.0206999 0.0363881 0)
(-0.0176646 0.00763938 0)
(-0.0136688 -0.00482041 0)
(0.00953144 0.00147077 0)
(0.0121771 -0.0167866 0)
(0.0164375 -0.0877416 0)
(0.0337893 -0.0906363 0)
(0.0657105 -0.0821177 0)
(0.0951702 -0.0945259 0)
(0.108525 -0.0928169 0)
(0.140368 -0.0868243 0)
(0.168025 -0.0923661 0)
(0.196463 -0.0918586 0)
(0.211441 -0.0931101 0)
(0.22127 -0.078334 0)
(0.24216 -0.0648592 0)
(0.259047 -0.0482555 0)
(0.249773 -0.0144956 0)
(0.224415 0.0428072 0)
(0.183635 0.114023 0)
(0.130787 0.117653 0)
(0.075031 0.0950049 0)
(0.0287503 0.0669482 0)
(-0.0163588 0.0388214 0)
(-0.0203307 0.00513148 0)
(-0.0230685 -0.0192211 0)
(0.00893076 -0.00508267 0)
(0.00733519 -0.00968856 0)
(0.0127812 -0.0246773 0)
(0.0254792 -0.0174055 0)
(0.0513364 -0.0255038 0)
(0.080756 -0.00827464 0)
(0.0870011 -0.00703432 0)
(0.104514 -0.0027369 0)
(0.141918 0.0157069 0)
(0.15862 0.0213422 0)
(0.164846 0.0346798 0)
(0.184168 0.0331262 0)
(0.207355 0.02918 0)
(0.222868 0.0313524 0)
(0.237032 0.0260474 0)
(0.235213 0.0395489 0)
(0.192339 0.0345895 0)
(0.110939 0.0927594 0)
(0.0562151 0.113002 0)
(0.0187111 0.0957237 0)
(-0.0185366 0.0595611 0)
(-0.0157058 0.0119862 0)
(-0.0373234 -0.0198127 0)
(-0.00271836 -0.0156972 0)
(0.0121256 -0.00859347 0)
(-0.00521517 -0.0503498 0)
(-0.00274442 -0.0539929 0)
(-0.00888619 -0.0576518 0)
(-0.00515657 -0.0608252 0)
(0.00105789 -0.0627261 0)
(0.00490417 -0.0785644 0)
(0.0194392 -0.0835039 0)
(0.0288025 -0.0799621 0)
(0.0372071 -0.0860244 0)
(0.0460478 -0.0827945 0)
(0.0513564 -0.0624525 0)
(0.0653127 -0.0216904 0)
(0.0973458 0.101431 0)
(0.108955 0.272949 0)
(0.0885414 0.221836 0)
(0.0483913 0.125358 0)
(0.00329574 0.121387 0)
(-0.0209369 0.097289 0)
(-0.0279913 0.0583428 0)
(-0.0185145 0.019108 0)
(-0.0485205 -0.0229787 0)
(-0.0301488 -0.0263656 0)
(0.00337447 -0.00561569 0)
(-0.00665439 -0.0978656 0)
(-0.0130503 -0.0950378 0)
(-0.02117 -0.101507 0)
(-0.0215448 -0.0923118 0)
(-0.0185504 -0.091225 0)
(-0.00616637 -0.0955144 0)
(0.00823925 -0.0809351 0)
(0.0122852 -0.0676018 0)
(0.0203103 -0.0555737 0)
(0.0178934 -0.0485081 0)
(0.0036056 -0.0411503 0)
(-0.0169071 -0.0445089 0)
(-0.0511615 -0.0894052 0)
(-0.0278676 -0.0699534 0)
(0.0213516 0.161181 0)
(-0.096673 0.237109 0)
(-0.0813387 0.124463 0)
(-0.0759248 0.104005 0)
(-0.0557656 0.0541248 0)
(-0.0315167 0.0133839 0)
(-0.051071 -0.0179232 0)
(-0.0449293 -0.0395103 0)
(-0.000943593 -0.0196437 0)
(-0.00729758 -0.0159352 0)
(-0.01771 -0.0194574 0)
(-0.0253136 -0.0297325 0)
(-0.0272741 -0.0297355 0)
(-0.0240044 -0.0381651 0)
(-0.0126254 -0.0585681 0)
(0.00660209 -0.0489666 0)
(0.0140353 -0.0398975 0)
(0.0253629 -0.0344145 0)
(0.0246857 -0.0259998 0)
(0.0227805 -0.00228224 0)
(0.0189213 0.0235924 0)
(0.0091629 0.0979596 0)
(-0.0990486 0.158077 0)
(-0.115289 0.173163 0)
(-0.180571 0.243286 0)
(-0.234953 0.135555 0)
(-0.18571 0.0696987 0)
(-0.149659 0.0559904 0)
(-0.0810062 0.0369821 0)
(-0.0639011 -0.0142186 0)
(-0.0434815 -0.0476422 0)
(-0.000128615 -0.0246983 0)
(-0.28175 -0.272123 0)
(-0.298339 -0.331807 0)
(-0.0260307 -0.30674 0)
(0.285124 -0.270122 0)
(0.546621 -0.244069 0)
(0.691683 -0.246232 0)
(0.756596 -0.272373 0)
(0.757487 -0.290669 0)
(0.752081 -0.30738 0)
(0.732342 -0.328529 0)
(0.697508 -0.348491 0)
(0.625572 -0.352825 0)
(0.593048 -0.322545 0)
(0.603375 -0.295033 0)
(0.590636 -0.267841 0)
(0.526648 -0.283002 0)
(0.296737 -0.225171 0)
(-0.0490599 -0.164127 0)
(0.0352314 -0.255776 0)
(-0.278363 0.339245 0)
(-0.230943 0.13572 0)
(0.165013 -0.155208 0)
(0.349168 -0.140371 0)
(0.572263 -0.0653927 0)
(0.749005 0.0306805 0)
(0.89149 0.111036 0)
(0.941241 0.140312 0)
(0.960401 0.160539 0)
(0.966517 0.197833 0)
(0.927363 0.213469 0)
(0.841741 0.203123 0)
(0.757891 0.14778 0)
(0.743369 0.119799 0)
(0.780314 0.130307 0)
(0.750434 0.241644 0)
(0.523533 0.264066 0)
(0.0566895 0.190379 0)
(0.107264 0.129551 0)
(-0.232998 0.259728 0)
(0.0651023 -0.211257 0)
(0.301184 -0.339717 0)
(0.394651 -0.271328 0)
(0.53705 -0.199143 0)
(0.660211 -0.138116 0)
(0.774708 -0.0986616 0)
(0.855986 -0.07288 0)
(0.899549 -0.0622962 0)
(0.931741 -0.0291419 0)
(0.921509 0.0295656 0)
(0.84168 0.0723215 0)
(0.751695 0.0203925 0)
(0.747569 -0.0158199 0)
(0.752325 0.0480688 0)
(0.699484 0.178572 0)
(0.446956 0.357902 0)
(-0.114827 0.216708 0)
(0.0165125 -0.0275431 0)
(-0.0635905 0.305759 0)
(0.294495 -0.236004 0)
(0.403576 -0.383604 0)
(0.442248 -0.32973 0)
(0.507724 -0.242356 0)
(0.586388 -0.149793 0)
(0.658609 -0.086922 0)
(0.731298 -0.0441796 0)
(0.761338 -0.0212382 0)
(0.77808 0.0157699 0)
(0.7897 0.097299 0)
(0.749516 0.137895 0)
(0.703641 0.0457837 0)
(0.673687 -0.0150483 0)
(0.677897 0.0764251 0)
(0.616807 0.338091 0)
(0.190739 0.607685 0)
(-0.289995 0.368731 0)
(0.0377616 -0.0524555 0)
(0.266154 0.186313 0)
(0.364973 -0.315917 0)
(0.450648 -0.418933 0)
(0.475213 -0.380708 0)
(0.505355 -0.287985 0)
(0.540413 -0.20699 0)
(0.579806 -0.15317 0)
(0.632418 -0.0976541 0)
(0.637645 -0.0827265 0)
(0.643305 -0.0158187 0)
(0.623557 0.106961 0)
(0.643073 0.104106 0)
(0.661079 0.00941906 0)
(0.6367 -0.0416574 0)
(0.63185 0.105992 0)
(0.478215 0.355272 0)
(0.0573092 0.630018 0)
(-0.306377 0.420081 0)
(0.0775137 -0.124398 0)
(0.372013 0.00705745 0)
(0.386334 -0.350782 0)
(0.467643 -0.457471 0)
(0.532401 -0.364699 0)
(0.555418 -0.284682 0)
(0.585891 -0.146235 0)
(0.625962 -0.126938 0)
(0.633445 -0.0635688 0)
(0.580311 -0.0109536 0)
(0.510254 0.100953 0)
(0.527712 0.10475 0)
(0.598886 0.10154 0)
(0.654869 0.020818 0)
(0.596353 0.0258563 0)
(0.51303 0.206452 0)
(0.348611 0.482323 0)
(0.0386453 0.69511 0)
(-0.283021 0.453495 0)
(0.0995461 -0.17639 0)
(0.363986 -0.196659 0)
(0.391507 -0.417191 0)
(0.478191 -0.481953 0)
(0.555041 -0.347131 0)
(0.601491 -0.208236 0)
(0.628623 -0.134507 0)
(0.62856 -0.0817309 0)
(0.636735 0.0348484 0)
(0.556124 0.0661712 0)
(0.416857 0.021348 0)
(0.438113 0.0663637 0)
(0.542138 0.0744261 0)
(0.604512 -0.0159518 0)
(0.51139 0.000969583 0)
(0.381556 0.137325 0)
(0.222155 0.543903 0)
(0.0738751 0.789921 0)
(-0.259795 0.432752 0)
(0.118304 -0.229699 0)
(0.376652 -0.303995 0)
(0.406995 -0.482318 0)
(0.479381 -0.460841 0)
(0.500716 -0.407822 0)
(0.530721 -0.29489 0)
(0.564169 -0.174072 0)
(0.542327 -0.138078 0)
(0.579403 -0.0926212 0)
(0.56297 0.0552288 0)
(0.47214 0.117455 0)
(0.473994 -0.0282376 0)
(0.533523 -0.0733506 0)
(0.45621 -0.0310656 0)
(-0.0544149 0.457842 0)
(-0.0540888 0.388043 0)
(0.159499 0.640259 0)
(0.141069 0.902205 0)
(-0.190415 0.464509 0)
(0.161238 -0.249673 0)
(-0.00574923 -0.0876521 0)
(-0.0138269 -0.0901202 0)
(-0.0224219 -0.0942896 0)
(-0.0235277 -0.0974155 0)
(-0.014456 -0.0994199 0)
(-0.00845451 -0.108738 0)
(0.0115432 -0.0985649 0)
(0.0220598 -0.0874021 0)
(0.026585 -0.0706543 0)
(0.00672637 -0.0592836 0)
(-0.0202586 -0.0521065 0)
(-0.0377959 -0.0630275 0)
(-0.0438575 -0.0764503 0)
(-0.0183756 -0.0173798 0)
(-0.0352143 0.0856607 0)
(0.0196905 0.207195 0)
(-0.114733 0.299167 0)
(-0.215056 0.0453492 0)
(-0.225187 -0.0812801 0)
(-0.20365 -0.0839875 0)
(-0.120905 -0.0556185 0)
(-0.0275351 -0.0969308 0)
(0.036697 -0.0566297 0)
(-0.00878216 0.00667324 0)
(-0.0238231 -0.00212678 0)
(-0.0323901 -0.0213444 0)
(-0.0324914 -0.0421459 0)
(-0.0196217 -0.060807 0)
(-0.0069857 -0.097353 0)
(0.0328137 -0.0900572 0)
(0.0509524 -0.0649272 0)
(0.0680547 -0.0267138 0)
(0.0706296 0.00807092 0)
(0.0674279 0.0448917 0)
(0.0674605 0.066036 0)
(0.0450223 0.118251 0)
(0.0215209 0.160417 0)
(0.0109205 0.177132 0)
(0.0619255 0.234103 0)
(0.152757 0.313194 0)
(0.086673 0.324254 0)
(-0.0280877 0.133606 0)
(-0.0381979 -0.0603332 0)
(0.000968664 -0.229146 0)
(0.0163267 -0.231683 0)
(0.0822784 -0.23309 0)
(-0.00836188 -0.0574574 0)
(-0.0296263 -0.0691443 0)
(-0.0496238 -0.0901714 0)
(-0.0560998 -0.110839 0)
(-0.0444335 -0.121288 0)
(-0.0185306 -0.165296 0)
(0.037771 -0.162849 0)
(0.0493724 -0.126827 0)
(0.0501731 -0.0820781 0)
(0.0194944 -0.0522017 0)
(0.0123111 -0.0333828 0)
(0.0160354 -0.0277186 0)
(0.0265041 0.00893731 0)
(0.0685348 0.054587 0)
(0.0896143 0.0941901 0)
(0.140138 0.128399 0)
(0.22315 0.175644 0)
(0.343066 0.194714 0)
(0.428093 0.134205 0)
(0.458601 0.0290328 0)
(0.444086 -0.0049173 0)
(0.438102 -0.0337804 0)
(0.47051 -0.0714414 0)
(-0.0267119 0.0659104 0)
(-0.080561 0.066986 0)
(-0.0955473 0.0453248 0)
(-0.0842697 -0.00331354 0)
(-0.0693404 -0.0500939 0)
(-0.0753013 -0.144203 0)
(-0.0720666 -0.119758 0)
(-0.0673962 -0.0462159 0)
(-0.0667644 0.0118224 0)
(-0.0731097 0.0291321 0)
(-0.0386145 0.0248713 0)
(-0.0351328 0.02239 0)
(-0.0131034 0.0338559 0)
(0.019149 0.0473579 0)
(0.0472125 0.0764056 0)
(0.112012 0.0855089 0)
(0.171721 0.102373 0)
(0.255659 0.0542164 0)
(0.370607 0.010957 0)
(0.421578 -0.0895008 0)
(0.480559 -0.206289 0)
(0.517814 -0.29564 0)
(0.560185 -0.344781 0)
(-0.00228993 -0.0171376 0)
(-0.0147442 -0.0577502 0)
(-0.0352409 -0.175948 0)
(-0.158592 -0.268854 0)
(-0.282861 -0.248155 0)
(-0.458874 -0.284239 0)
(-0.598443 -0.219241 0)
(-0.610219 -0.136168 0)
(-0.556877 -0.0866466 0)
(-0.476187 -0.0588158 0)
(-0.37635 -0.0295148 0)
(-0.299561 -0.0117386 0)
(-0.18002 0.0137546 0)
(-0.0772375 0.0483459 0)
(-0.0186117 0.0415226 0)
(0.0604767 -0.00129548 0)
(0.116362 -0.0224934 0)
(0.168545 -0.0801311 0)
(0.268272 -0.0824344 0)
(0.29608 -0.15927 0)
(0.382815 -0.200622 0)
(0.397738 -0.253445 0)
(0.433978 -0.316621 0)
(0.0978669 0.587741 0)
(0.198303 0.650394 0)
(0.0965754 0.868745 0)
(-0.269056 1.04262 0)
(-0.689642 1.26292 0)
(-0.682308 0.520479 0)
(-0.701676 0.0237127 0)
(-0.699446 -0.17036 0)
(-0.715 -0.275394 0)
(-0.671935 -0.318953 0)
(-0.588304 -0.259903 0)
(-0.524599 -0.259617 0)
(-0.459863 -0.248933 0)
(-0.375869 -0.15487 0)
(-0.297502 -0.101588 0)
(-0.193494 -0.0256293 0)
(-0.0780775 -0.0272509 0)
(-0.00644297 -0.0822915 0)
(0.134223 -0.128006 0)
(0.152078 -0.210705 0)
(0.20643 -0.254611 0)
(0.210204 -0.330443 0)
(0.255246 -0.366197 0)
(-0.109784 -0.657141 0)
(-0.156247 -0.223383 0)
(-0.12329 -0.00618739 0)
(-0.0208757 0.0850023 0)
(0.157554 -0.118175 0)
(0.720809 -0.290175 0)
(0.810983 0.0771719 0)
(0.474532 0.333485 0)
(-0.142236 0.571953 0)
(-0.352339 0.914362 0)
(-0.569369 0.788184 0)
(-0.491332 0.324713 0)
(-0.453514 -0.134189 0)
(-0.412157 -0.301196 0)
(-0.412348 -0.348235 0)
(-0.361961 -0.326989 0)
(-0.293954 -0.26664 0)
(-0.171671 -0.242442 0)
(-0.0956595 -0.231965 0)
(-0.0318476 -0.286415 0)
(-0.00967875 -0.287212 0)
(-0.0606358 -0.154541 0)
(-0.0858221 0.204352 0)
(-0.290939 0.631517 0)
(-0.367061 0.356681 0)
(-0.155997 0.214917 0)
(0.0442172 0.166875 0)
(0.298728 -0.115549 0)
(0.18907 -0.239181 0)
(0.379513 0.104811 0)
(0.13943 0.405746 0)
(-0.102543 0.174714 0)
(0.10373 -0.635484 0)
(0.162988 -0.643137 0)
(0.250072 -0.486333 0)
(0.346828 -0.162584 0)
(0.411696 0.330218 0)
(0.251169 0.586625 0)
(0.194161 0.780619 0)
(0.099972 0.749182 0)
(0.108133 0.650542 0)
(0.0164638 0.593573 0)
(-0.130658 0.658436 0)
(-0.295122 0.210444 0)
(-0.197082 -0.158607 0)
(-0.126541 -0.502536 0)
(-0.0556606 0.213387 0)
(0.0949359 -0.145061 0)
(0.110505 -0.228315 0)
(0.169684 -0.188334 0)
(0.237247 -0.233012 0)
(0.0531759 -0.29817 0)
(0.194232 0.205135 0)
(0.153472 0.489164 0)
(0.283476 0.36248 0)
(0.289217 0.413059 0)
(-0.0915708 0.0616926 0)
(-0.0831938 -0.278549 0)
(-0.168497 -0.410027 0)
(-0.134904 -0.458151 0)
(0.016987 -0.644834 0)
(0.187029 -0.763672 0)
(0.297862 -0.789367 0)
(0.368558 -0.730074 0)
(0.34491 -0.61026 0)
(0.400588 -0.609968 0)
(0.483189 -0.576411 0)
(0.456319 -0.550288 0)
(0.375089 -0.495727 0)
(0.0509044 0.291684 0)
(0.0826835 0.198495 0)
(0.0072026 0.0247284 0)
(0.00932274 -0.063828 0)
(0.0394062 -0.148428 0)
(-0.0520095 -0.228346 0)
(-0.0205101 0.0686264 0)
(0.194474 0.380871 0)
(0.352866 0.254118 0)
(0.373093 0.0906605 0)
(0.427433 -0.0465842 0)
(0.307652 -0.16754 0)
(0.201091 -0.188414 0)
(0.202255 -0.0740926 0)
(0.21637 0.030448 0)
(0.202615 0.0452293 0)
(0.192982 0.0118652 0)
(0.205523 -0.00298865 0)
(0.237201 0.017096 0)
(0.280693 0.0778632 0)
(0.264515 0.0392921 0)
(0.210625 -0.0527287 0)
(0.134389 -0.16934 0)
(0.0423356 0.166261 0)
(0.0999351 -0.00744368 0)
(0.126782 -0.0963123 0)
(0.100696 -0.113929 0)
(0.0659197 -0.126515 0)
(-0.0296278 -0.143541 0)
(-0.0660073 -0.0506309 0)
(0.0728738 0.0597744 0)
(0.286886 0.128537 0)
(0.335199 0.103262 0)
(0.320156 0.0639903 0)
(0.262761 -0.0968779 0)
(0.186401 -0.242026 0)
(0.145693 -0.303631 0)
(0.153909 -0.349854 0)
(0.169179 -0.365947 0)
(0.167881 -0.358522 0)
(0.147304 -0.336113 0)
(0.124247 -0.30443 0)
(0.115451 -0.283309 0)
(0.133787 -0.270248 0)
(0.126361 -0.273612 0)
(0.0898989 -0.278216 0)
(0.0385872 0.126343 0)
(0.0653359 0.0736953 0)
(0.0557148 -0.0110415 0)
(0.0449868 -0.0604243 0)
(0.0305425 -0.0900915 0)
(-0.00383937 -0.117616 0)
(-0.0239885 -0.0669406 0)
(-0.00020003 -0.0438509 0)
(0.0661703 0.0364108 0)
(0.170868 0.0726282 0)
(0.175387 0.0506119 0)
(0.200063 -0.0416776 0)
(0.176467 -0.129935 0)
(0.12739 -0.164138 0)
(0.0931938 -0.181825 0)
(0.0630664 -0.202084 0)
(0.0366118 -0.220612 0)
(0.0179265 -0.224463 0)
(0.00740128 -0.20764 0)
(0.00712033 -0.177449 0)
(0.0129219 -0.15807 0)
(-0.000204456 -0.154576 0)
(-0.0243565 -0.155217 0)
(0.0225981 0.0595311 0)
(0.0579367 -0.00393723 0)
(0.0745407 -0.0377762 0)
(0.061935 -0.0526182 0)
(0.0395596 -0.0606142 0)
(0.0099386 -0.0625184 0)
(-0.00977861 -0.0421166 0)
(-0.0121339 -0.0336889 0)
(-0.0135889 -0.0189996 0)
(0.0501425 0.0213744 0)
(0.092336 -0.00167241 0)
(0.108544 -0.0769563 0)
(0.0925275 -0.128407 0)
(0.0704004 -0.16882 0)
(0.0465901 -0.191642 0)
(0.027308 -0.199073 0)
(0.00645091 -0.20138 0)
(-0.0136101 -0.195806 0)
(-0.0331092 -0.176743 0)
(-0.0490898 -0.155482 0)
(-0.060402 -0.14331 0)
(-0.0738384 -0.139181 0)
(-0.0869985 -0.137773 0)
(0.0164349 0.0380564 0)
(0.0359208 0.00161445 0)
(0.0439116 -0.0286176 0)
(0.042033 -0.0459576 0)
(0.0317785 -0.0536214 0)
(0.0194687 -0.0544904 0)
(0.011283 -0.0447276 0)
(0.0103393 -0.0352568 0)
(0.0125247 -0.0320381 0)
(0.0320886 -0.0181971 0)
(0.0654464 -0.0233917 0)
(0.0693487 -0.0559177 0)
(0.0591134 -0.105035 0)
(0.0399662 -0.148047 0)
(0.0160659 -0.177918 0)
(-0.00283075 -0.194001 0)
(-0.0219883 -0.200703 0)
(-0.0422773 -0.201159 0)
(-0.0582629 -0.192212 0)
(-0.0679537 -0.181932 0)
(-0.0741597 -0.170351 0)
(-0.0792641 -0.157214 0)
(-0.0836187 -0.147479 0)
(0.00995737 0.0126689 0)
(0.0231114 -0.0203094 0)
(0.0269937 -0.0298184 0)
(0.0247572 -0.0363502 0)
(0.0206948 -0.0418264 0)
(0.0170344 -0.0430923 0)
(0.0143246 -0.0404231 0)
(0.0177248 -0.0395929 0)
(0.0227441 -0.0392003 0)
(0.0336953 -0.0310722 0)
(0.0494066 -0.0374685 0)
(0.0570422 -0.0566141 0)
(0.0537046 -0.0873322 0)
(0.0385348 -0.116338 0)
(0.01519 -0.142604 0)
(-0.00523328 -0.16185 0)
(-0.0223595 -0.168388 0)
(-0.0383113 -0.16775 0)
(-0.051892 -0.157923 0)
(-0.06389 -0.148878 0)
(-0.0753068 -0.141715 0)
(-0.0823066 -0.133631 0)
(-0.0876567 -0.125802 0)
(0.00649431 0.000514476 0)
(0.0134996 -0.0256487 0)
(0.0163497 -0.0321685 0)
(0.0169692 -0.0378879 0)
(0.0162794 -0.0420764 0)
(0.016026 -0.0431313 0)
(0.0176811 -0.0439162 0)
(0.0218041 -0.0429247 0)
(0.0255684 -0.0449545 0)
(0.0339499 -0.042291 0)
(0.0440883 -0.0489072 0)
(0.0496133 -0.0617295 0)
(0.0527613 -0.0836734 0)
(0.0462834 -0.10537 0)
(0.0328203 -0.126928 0)
(0.0154655 -0.146346 0)
(-0.00588002 -0.158297 0)
(-0.0227738 -0.161323 0)
(-0.0380995 -0.154415 0)
(-0.0540508 -0.146429 0)
(-0.0702064 -0.141256 0)
(-0.0790825 -0.133563 0)
(-0.0842608 -0.12323 0)
(0.0039982 -0.0070149 0)
(0.00864473 -0.0292706 0)
(0.0120127 -0.0338558 0)
(0.0139118 -0.0382819 0)
(0.0146017 -0.0422853 0)
(0.0157657 -0.0447483 0)
(0.0174762 -0.0467137 0)
(0.0207878 -0.0477624 0)
(0.0243394 -0.0498473 0)
(0.0303487 -0.0497752 0)
(0.0379516 -0.0548146 0)
(0.0438742 -0.0660258 0)
(0.0466893 -0.083551 0)
(0.0433463 -0.0998386 0)
(0.0334034 -0.11644 0)
(0.0211188 -0.129921 0)
(0.00215403 -0.138109 0)
(-0.0170187 -0.141444 0)
(-0.0346583 -0.136124 0)
(-0.048097 -0.125597 0)
(-0.0651444 -0.122947 0)
(-0.0776396 -0.123223 0)
(-0.0838953 -0.117376 0)
(0.0025827 -0.012457 0)
(0.00663702 -0.033457 0)
(0.00995347 -0.0366117 0)
(0.0122661 -0.039894 0)
(0.0135406 -0.0430094 0)
(0.0142164 -0.0458792 0)
(0.0149189 -0.0483506 0)
(0.016202 -0.0506366 0)
(0.0178613 -0.0534917 0)
(0.0209159 -0.0563764 0)
(0.0266384 -0.0623782 0)
(0.0311277 -0.0719409 0)
(0.0308311 -0.0822089 0)
(0.0268685 -0.0919889 0)
(0.0185837 -0.104415 0)
(0.00681132 -0.112752 0)
(-0.0111755 -0.11826 0)
(-0.0260053 -0.120507 0)
(-0.0389762 -0.119324 0)
(-0.0525495 -0.111419 0)
(-0.0622185 -0.109115 0)
(-0.0730241 -0.112651 0)
(-0.0778154 -0.11089 0)
(0.00197703 -0.0162269 0)
(0.00551246 -0.0367285 0)
(0.00823201 -0.039063 0)
(0.00957965 -0.041591 0)
(0.0105671 -0.0439066 0)
(0.0105273 -0.0463091 0)
(0.0105281 -0.0486593 0)
(0.0108436 -0.0512058 0)
(0.0111785 -0.0544771 0)
(0.0123071 -0.0592971 0)
(0.0132907 -0.0651361 0)
(0.0141095 -0.072132 0)
(0.0117945 -0.0796045 0)
(0.00867266 -0.0888775 0)
(0.00122337 -0.0960379 0)
(-0.00880362 -0.0997671 0)
(-0.0203251 -0.106571 0)
(-0.0319022 -0.111668 0)
(-0.0432423 -0.109611 0)
(-0.0542605 -0.104193 0)
(-0.0605103 -0.102851 0)
(-0.0667601 -0.108718 0)
(-0.0717327 -0.1076 0)
(0.00183455 -0.0199485 0)
(0.00415862 -0.0392619 0)
(0.00530363 -0.0402087 0)
(0.00660058 -0.0419581 0)
(0.00746531 -0.0439134 0)
(0.0082408 -0.0459334 0)
(0.0087557 -0.0484831 0)
(0.00905624 -0.0510737 0)
(0.0092352 -0.0544573 0)
(0.0090449 -0.0589394 0)
(0.00790915 -0.0639368 0)
(0.00671026 -0.0694174 0)
(0.00311585 -0.0757627 0)
(-0.00190968 -0.0822956 0)
(-0.00777388 -0.0872739 0)
(-0.0142334 -0.0921744 0)
(-0.0201278 -0.0972858 0)
(-0.029882 -0.0992277 0)
(-0.0413403 -0.0974774 0)
(-0.0483779 -0.0945204 0)
(-0.0541873 -0.0960549 0)
(-0.0610138 -0.100341 0)
(-0.0670336 -0.0992321 0)
(0.00127504 -0.0224813 0)
(0.0027198 -0.0405141 0)
(0.00406937 -0.0416589 0)
(0.00540479 -0.0433857 0)
(0.00627875 -0.0449151 0)
(0.00728739 -0.0466477 0)
(0.00798936 -0.0487402 0)
(0.00826837 -0.0509562 0)
(0.00833213 -0.0536707 0)
(0.00767014 -0.0573432 0)
(0.00570041 -0.0627027 0)
(0.00343294 -0.0681612 0)
(6.94061e-05 -0.07172 0)
(-0.00471649 -0.0770544 0)
(-0.0100496 -0.0820495 0)
(-0.0165004 -0.0869231 0)
(-0.0231272 -0.0878737 0)
(-0.0323426 -0.0884512 0)
(-0.0409531 -0.0893386 0)
(-0.0480759 -0.0881274 0)
(-0.0551333 -0.0898272 0)
(-0.061473 -0.0940666 0)
(-0.0701509 -0.0927724 0)
(0.000903749 -0.0241179 0)
(0.00207521 -0.0421647 0)
(0.00350522 -0.0431454 0)
(0.00433198 -0.0445296 0)
(0.00495049 -0.0458735 0)
(0.00534013 -0.0475586 0)
(0.0055766 -0.0494132 0)
(0.00582251 -0.0516273 0)
(0.00600744 -0.0543057 0)
(0.0057609 -0.0569907 0)
(0.00403141 -0.0603326 0)
(0.00128163 -0.0639333 0)
(-0.00114679 -0.06771 0)
(-0.00496125 -0.0719999 0)
(-0.0102125 -0.0760566 0)
(-0.0169216 -0.0793984 0)
(-0.0243833 -0.0816704 0)
(-0.0305481 -0.0830086 0)
(-0.0366655 -0.0832553 0)
(-0.0428463 -0.0818255 0)
(-0.049013 -0.0834217 0)
(-0.0544432 -0.0861709 0)
(-0.0640622 -0.0843891 0)
(0.000793555 -0.0255981 0)
(0.00165948 -0.0429534 0)
(0.00189864 -0.0436813 0)
(0.00228386 -0.0445303 0)
(0.00243344 -0.0459434 0)
(0.00245179 -0.0476946 0)
(0.00223957 -0.049576 0)
(0.00180051 -0.0515607 0)
(0.00114786 -0.0533668 0)
(0.000169523 -0.0553181 0)
(-0.000857263 -0.0576602 0)
(-0.00379436 -0.0610195 0)
(-0.00697573 -0.0651358 0)
(-0.0103065 -0.0673135 0)
(-0.0144614 -0.0699283 0)
(-0.0196253 -0.0711809 0)
(-0.0264035 -0.0731816 0)
(-0.0335204 -0.0752067 0)
(-0.0396603 -0.074725 0)
(-0.0462075 -0.0751094 0)
(-0.0522837 -0.0761747 0)
(-0.0591735 -0.0764724 0)
(-0.0663663 -0.0739707 0)
(0.000480228 -0.0265595 0)
(0.00100837 -0.043453 0)
(0.00126271 -0.0440843 0)
(0.0015553 -0.0450639 0)
(0.001514 -0.0460942 0)
(0.00137007 -0.0471735 0)
(0.000893405 -0.0486449 0)
(9.79769e-05 -0.0505095 0)
(-0.000978403 -0.0527655 0)
(-0.00243338 -0.0544136 0)
(-0.00425784 -0.0567706 0)
(-0.00645286 -0.059837 0)
(-0.0101041 -0.0617168 0)
(-0.0141166 -0.0647226 0)
(-0.018859 -0.0669031 0)
(-0.0231563 -0.0680536 0)
(-0.0267361 -0.0696872 0)
(-0.0316587 -0.0701097 0)
(-0.0379668 -0.0705732 0)
(-0.0433311 -0.0711067 0)
(-0.0485055 -0.0715287 0)
(-0.0573871 -0.071559 0)
(-0.0629002 -0.0698104 0)
(0.00049853 -0.027455 0)
(0.000945116 -0.0438203 0)
(0.00105439 -0.0442786 0)
(0.00116356 -0.0448947 0)
(0.00101321 -0.0456706 0)
(0.00062651 -0.0467856 0)
(0.000117882 -0.048009 0)
(-0.00065499 -0.0493542 0)
(-0.00184586 -0.0507628 0)
(-0.003789 -0.0528946 0)
(-0.0054331 -0.0545308 0)
(-0.00718089 -0.0556465 0)
(-0.0097593 -0.0574866 0)
(-0.0133217 -0.059556 0)
(-0.017831 -0.0610026 0)
(-0.0223354 -0.0627696 0)
(-0.0286295 -0.063539 0)
(-0.0344957 -0.0630526 0)
(-0.0398254 -0.0638912 0)
(-0.0442977 -0.0633246 0)
(-0.0509243 -0.0631269 0)
(-0.0570154 -0.0620359 0)
(-0.0627876 -0.0628112 0)
(0.000203753 -0.0277208 0)
(0.000203216 -0.0438397 0)
(3.99752e-05 -0.0443187 0)
(-6.93898e-05 -0.0449181 0)
(-0.000410043 -0.0456322 0)
(-0.000953624 -0.0465084 0)
(-0.00172987 -0.0475591 0)
(-0.00279661 -0.0487427 0)
(-0.00415245 -0.0498651 0)
(-0.00569358 -0.0506147 0)
(-0.00778907 -0.0518939 0)
(-0.010857 -0.0537698 0)
(-0.0137406 -0.055065 0)
(-0.0166836 -0.0554327 0)
(-0.0204312 -0.0567835 0)
(-0.0252809 -0.0581902 0)
(-0.0292126 -0.0582012 0)
(-0.033089 -0.0599015 0)
(-0.0370637 -0.0594549 0)
(-0.0437483 -0.0590853 0)
(-0.0489713 -0.0574287 0)
(-0.0554264 -0.057792 0)
(-0.0607821 -0.0569771 0)
(0.000177717 -0.0281549 0)
(0.000202521 -0.0438986 0)
(-7.81277e-05 -0.0442714 0)
(-0.000270693 -0.044674 0)
(-0.000685514 -0.0451294 0)
(-0.00116703 -0.0456009 0)
(-0.00194008 -0.0463059 0)
(-0.00301074 -0.0471031 0)
(-0.00433984 -0.0480135 0)
(-0.00583746 -0.0490509 0)
(-0.00791608 -0.0500833 0)
(-0.0104579 -0.0508087 0)
(-0.0135067 -0.0521245 0)
(-0.0173136 -0.0530382 0)
(-0.0200841 -0.0540489 0)
(-0.0230738 -0.053725 0)
(-0.0279162 -0.0543041 0)
(-0.0331313 -0.0535938 0)
(-0.0391612 -0.0529093 0)
(-0.0443183 -0.0529331 0)
(-0.048683 -0.0535689 0)
(-0.0539131 -0.0517861 0)
(-0.0602892 -0.0500423 0)
(7.56175e-05 -0.0280377 0)
(-7.65061e-05 -0.0434355 0)
(-0.00049193 -0.0437547 0)
(-0.000895267 -0.0440664 0)
(-0.00155537 -0.0444845 0)
(-0.00230267 -0.0450292 0)
(-0.00327408 -0.0456114 0)
(-0.00452322 -0.0462076 0)
(-0.00607984 -0.0468783 0)
(-0.00792011 -0.0475117 0)
(-0.00975864 -0.0476113 0)
(-0.0113088 -0.0481841 0)
(-0.0138824 -0.0485625 0)
(-0.0167803 -0.0491976 0)
(-0.0211334 -0.0489867 0)
(-0.0259055 -0.049917 0)
(-0.0300312 -0.049769 0)
(-0.0338698 -0.0492067 0)
(-0.0372372 -0.0500533 0)
(-0.0410658 -0.048872 0)
(-0.04755 -0.0462033 0)
(-0.0536401 -0.0456655 0)
(-0.0582861 -0.0452466 0)
(1.96879e-05 -0.0282455 0)
(-0.000141341 -0.04341 0)
(-0.000526533 -0.0436702 0)
(-0.000823828 -0.0437698 0)
(-0.00130696 -0.0438666 0)
(-0.00198417 -0.0440428 0)
(-0.00286331 -0.0442573 0)
(-0.00395514 -0.0445273 0)
(-0.00531351 -0.0448205 0)
(-0.00707029 -0.0452021 0)
(-0.00950628 -0.0458113 0)
(-0.0126482 -0.0459195 0)
(-0.015438 -0.0460115 0)
(-0.0183579 -0.0459453 0)
(-0.0209814 -0.0464614 0)
(-0.0234572 -0.046607 0)
(-0.0269183 -0.0460785 0)
(-0.031493 -0.0456236 0)
(-0.0368088 -0.0432631 0)
(-0.0425306 -0.0425618 0)
(-0.0465668 -0.0428172 0)
(-0.0513288 -0.0410297 0)
(-0.0571141 -0.0389026 0)
(-4.9702e-05 -0.0279188 0)
(-0.000332921 -0.0427896 0)
(-0.000854851 -0.0430725 0)
(-0.00132957 -0.0431396 0)
(-0.00200874 -0.0432551 0)
(-0.00284347 -0.0433894 0)
(-0.00389391 -0.0434774 0)
(-0.00516055 -0.0435029 0)
(-0.0066416 -0.0434761 0)
(-0.00828939 -0.0433404 0)
(-0.00994013 -0.043106 0)
(-0.0114925 -0.0431289 0)
(-0.0137323 -0.0432507 0)
(-0.0164958 -0.0431433 0)
(-0.0198584 -0.0424676 0)
(-0.0241733 -0.0416644 0)
(-0.0285588 -0.0411234 0)
(-0.0324841 -0.0401847 0)
(-0.0361432 -0.0404667 0)
(-0.0397009 -0.0392202 0)
(-0.0448309 -0.0368581 0)
(-0.0502866 -0.0354345 0)
(-0.055179 -0.0338508 0)
(-3.3667e-05 -0.0279906 0)
(-0.000141124 -0.0426635 0)
(-0.000503433 -0.0428598 0)
(-0.000805358 -0.0427317 0)
(-0.0013391 -0.0425857 0)
(-0.0020327 -0.042418 0)
(-0.00297807 -0.0422543 0)
(-0.00419992 -0.0421182 0)
(-0.00570485 -0.0419986 0)
(-0.00750693 -0.0419001 0)
(-0.00968981 -0.041824 0)
(-0.0123336 -0.0414212 0)
(-0.0150097 -0.0408387 0)
(-0.0177981 -0.0403739 0)
(-0.02067 -0.0399484 0)
(-0.0234175 -0.039531 0)
(-0.0263958 -0.0387238 0)
(-0.0300539 -0.0373422 0)
(-0.0343627 -0.0352361 0)
(-0.0390767 -0.0337609 0)
(-0.0434277 -0.0326245 0)
(-0.0481176 -0.0306814 0)
(-0.053231 -0.0284461 0)
(-3.48083e-05 -0.0276757 0)
(-0.00024293 -0.0421788 0)
(-0.00069572 -0.0423618 0)
(-0.00108566 -0.0421227 0)
(-0.00169939 -0.0418371 0)
(-0.00243217 -0.0414641 0)
(-0.00334554 -0.0410125 0)
(-0.00445958 -0.0405129 0)
(-0.00578823 -0.0399737 0)
(-0.00733706 -0.0393949 0)
(-0.00910572 -0.038803 0)
(-0.0110414 -0.0383802 0)
(-0.0132737 -0.0378994 0)
(-0.0158288 -0.0371517 0)
(-0.018747 -0.0362589 0)
(-0.0221121 -0.035141 0)
(-0.0258125 -0.0339316 0)
(-0.0295509 -0.0328013 0)
(-0.0332144 -0.0316706 0)
(-0.0370107 -0.0299654 0)
(-0.0413492 -0.0278563 0)
(-0.046102 -0.0257802 0)
(-0.0509266 -0.0234277 0)
(6.45403e-05 -0.0278089 0)
(3.95993e-05 -0.0421309 0)
(-0.000316398 -0.0422491 0)
(-0.000549815 -0.0418914 0)
(-0.00103838 -0.0414853 0)
(-0.00163858 -0.0409922 0)
(-0.00243967 -0.0404383 0)
(-0.00346896 -0.0398346 0)
(-0.00476123 -0.0391991 0)
(-0.00635909 -0.0385473 0)
(-0.00824174 -0.0377753 0)
(-0.0104215 -0.0368042 0)
(-0.0128584 -0.0358506 0)
(-0.0154603 -0.0348904 0)
(-0.0182132 -0.0338072 0)
(-0.0211097 -0.0326289 0)
(-0.0241654 -0.0312631 0)
(-0.0275119 -0.0295691 0)
(-0.0312204 -0.0276243 0)
(-0.0351609 -0.0256398 0)
(-0.0392429 -0.0235621 0)
(-0.0436534 -0.0211828 0)
(-0.0483411 -0.0185164 0)
(0.000137692 -0.0277901 0)
(7.43516e-05 -0.0416705 0)
(-0.000342767 -0.0417532 0)
(-0.000587989 -0.0412452 0)
(-0.00107782 -0.0406836 0)
(-0.00162372 -0.0400109 0)
(-0.0022607 -0.0391894 0)
(-0.00300797 -0.0382431 0)
(-0.00395084 -0.0372003 0)
(-0.00517324 -0.0360924 0)
(-0.00677017 -0.0350584 0)
(-0.0087365 -0.0341332 0)
(-0.0110187 -0.0331494 0)
(-0.0136054 -0.0320092 0)
(-0.0164122 -0.0307164 0)
(-0.0194075 -0.0292611 0)
(-0.0225704 -0.027653 0)
(-0.0258705 -0.025935 0)
(-0.029293 -0.0240197 0)
(-0.0329031 -0.0218271 0)
(-0.0367771 -0.0193865 0)
(-0.040982 -0.0167478 0)
(-0.0454495 -0.0138248 0)
(0.000354164 -0.028125 0)
(0.000222625 -0.0416993 0)
(-0.000396361 -0.0417495 0)
(-0.000697058 -0.0411835 0)
(-0.00125671 -0.0405528 0)
(-0.00181279 -0.0398097 0)
(-0.00239995 -0.0388977 0)
(-0.00305892 -0.0378448 0)
(-0.00385724 -0.0366377 0)
(-0.00480885 -0.0352561 0)
(-0.00597122 -0.0337403 0)
(-0.00743553 -0.0321562 0)
(-0.00926933 -0.0305988 0)
(-0.0115491 -0.0291393 0)
(-0.0142205 -0.027765 0)
(-0.0172055 -0.0263531 0)
(-0.0203572 -0.0247281 0)
(-0.0236032 -0.0227642 0)
(-0.0269487 -0.0205417 0)
(-0.0304235 -0.0181218 0)
(-0.0340779 -0.0154719 0)
(-0.0380087 -0.012552 0)
(-0.0422376 -0.00934167 0)
(0.000463081 -0.0282162 0)
(0.000105813 -0.0407912 0)
(-0.00102995 -0.0407772 0)
(-0.00160832 -0.0402119 0)
(-0.00243548 -0.0395327 0)
(-0.0031541 -0.0387557 0)
(-0.00394189 -0.03792 0)
(-0.00472688 -0.0368869 0)
(-0.00550708 -0.0356189 0)
(-0.00631296 -0.0341521 0)
(-0.0071818 -0.032525 0)
(-0.00820141 -0.0307987 0)
(-0.00945242 -0.0289959 0)
(-0.0109451 -0.0270732 0)
(-0.0127493 -0.0250748 0)
(-0.0149233 -0.0230328 0)
(-0.0175901 -0.0210956 0)
(-0.0207822 -0.0192716 0)
(-0.0241991 -0.017235 0)
(-0.0275803 -0.0147025 0)
(-0.0310695 -0.011804 0)
(-0.0347404 -0.00861318 0)
(-0.0387079 -0.00511255 0)
(0.000479337 -0.0284757 0)
(-0.000452269 -0.0398605 0)
(-0.00242166 -0.0398255 0)
(-0.00359632 -0.0394009 0)
(-0.00497174 -0.0388102 0)
(-0.00611246 -0.0381084 0)
(-0.00721531 -0.0372654 0)
(-0.0082083 -0.036256 0)
(-0.00908444 -0.0350469 0)
(-0.00982192 -0.0336164 0)
(-0.010459 -0.0319253 0)
(-0.0110851 -0.0300251 0)
(-0.0118032 -0.02799 0)
(-0.012643 -0.0258234 0)
(-0.0136579 -0.0236229 0)
(-0.0149481 -0.0213202 0)
(-0.016564 -0.0188432 0)
(-0.0184715 -0.0161826 0)
(-0.0209195 -0.01359 0)
(-0.0240614 -0.0111097 0)
(-0.0276164 -0.00833392 0)
(-0.0310985 -0.00497594 0)
(-0.0348302 -0.00117505 0)
(0.000358974 -0.0285438 0)
(-0.0014613 -0.0381322 0)
(-0.00444015 -0.0380951 0)
(-0.00651026 -0.0378695 0)
(-0.00872781 -0.0374434 0)
(-0.0105747 -0.0368257 0)
(-0.0122921 -0.0361027 0)
(-0.0137701 -0.035254 0)
(-0.0150338 -0.0342578 0)
(-0.0159991 -0.033065 0)
(-0.0166161 -0.0315944 0)
(-0.0168658 -0.0297939 0)
(-0.0168611 -0.0276972 0)
(-0.0168697 -0.0254302 0)
(-0.016992 -0.0229233 0)
(-0.0173192 -0.0203124 0)
(-0.0179388 -0.0175942 0)
(-0.0187362 -0.0147503 0)
(-0.0198667 -0.0115977 0)
(-0.0213952 -0.00814625 0)
(-0.0236354 -0.00473432 0)
(-0.0268375 -0.0013034 0)
(-0.0305342 0.0025814 0)
(4.73729e-05 -0.0280658 0)
(-0.00260266 -0.035628 0)
(-0.00640203 -0.0356358 0)
(-0.00932408 -0.0356203 0)
(-0.0123432 -0.0354071 0)
(-0.0149798 -0.0350389 0)
(-0.0173463 -0.0345281 0)
(-0.0194371 -0.033865 0)
(-0.021285 -0.0330164 0)
(-0.0228023 -0.0320877 0)
(-0.0239731 -0.0309858 0)
(-0.024722 -0.0296103 0)
(-0.0249892 -0.0279091 0)
(-0.0247204 -0.0258672 0)
(-0.0240021 -0.0234436 0)
(-0.0229575 -0.0206345 0)
(-0.0218351 -0.0174977 0)
(-0.0211815 -0.0141514 0)
(-0.0210846 -0.0107194 0)
(-0.0214331 -0.00704679 0)
(-0.021974 -0.00280358 0)
(-0.0231662 0.00180903 0)
(-0.0258857 0.00633445 0)
(-0.000357302 -0.026171 0)
(-0.00331042 -0.0317841 0)
(-0.0073125 -0.0318748 0)
(-0.0105702 -0.0320314 0)
(-0.0139074 -0.0320745 0)
(-0.0169656 -0.0320532 0)
(-0.0197144 -0.0318721 0)
(-0.0221487 -0.0315839 0)
(-0.0241045 -0.0312244 0)
(-0.0257761 -0.0306289 0)
(-0.027137 -0.0298396 0)
(-0.0281783 -0.0288072 0)
(-0.0288941 -0.0274857 0)
(-0.0292639 -0.0259234 0)
(-0.029274 -0.0240589 0)
(-0.0288868 -0.0217901 0)
(-0.0280379 -0.0190339 0)
(-0.0266419 -0.0156842 0)
(-0.0248637 -0.011694 0)
(-0.0232754 -0.0071656 0)
(-0.0223605 -0.00227943 0)
(-0.0222881 0.00280219 0)
(-0.0224916 0.00835797 0)
(-0.000631702 -0.0230826 0)
(-0.00351724 -0.0268209 0)
(-0.0070676 -0.0270303 0)
(-0.0101263 -0.0273008 0)
(-0.0132846 -0.0274938 0)
(-0.0162583 -0.0276723 0)
(-0.0190849 -0.0278173 0)
(-0.0216796 -0.0278983 0)
(-0.0240716 -0.0278684 0)
(-0.0261567 -0.0277316 0)
(-0.0278941 -0.0274557 0)
(-0.0292635 -0.0270193 0)
(-0.0302044 -0.0263588 0)
(-0.0307185 -0.0253784 0)
(-0.0308649 -0.0240474 0)
(-0.0306737 -0.0223122 0)
(-0.0301246 -0.0201016 0)
(-0.0292125 -0.0173175 0)
(-0.0279458 -0.0138726 0)
(-0.0263512 -0.00968687 0)
(-0.0244541 -0.00455625 0)
(-0.022462 0.00167927 0)
(-0.0208676 0.00846151 0)
(-0.00080278 -0.0206442 0)
(-0.00370606 -0.0231743 0)
(-0.00713782 -0.0233746 0)
(-0.0101377 -0.0237157 0)
(-0.0132719 -0.0240486 0)
(-0.0162195 -0.0244216 0)
(-0.0190238 -0.0247951 0)
(-0.0216261 -0.0251509 0)
(-0.0239928 -0.025461 0)
(-0.0260863 -0.0256891 0)
(-0.0278825 -0.0257969 0)
(-0.0293649 -0.0257429 0)
(-0.0304964 -0.0254828 0)
(-0.0311973 -0.0249589 0)
(-0.0314026 -0.0240874 0)
(-0.0311461 -0.0228014 0)
(-0.0304865 -0.0210349 0)
(-0.0294695 -0.0186898 0)
(-0.0281357 -0.015654 0)
(-0.0265435 -0.011823 0)
(-0.0247415 -0.00707346 0)
(-0.0228632 -0.00122256 0)
(-0.0208907 0.00569865 0)
(0.122005 -0.079904 0)
(0.204213 -0.061307 0)
(0.245385 -0.107187 0)
(0.356488 -0.120738 0)
(0.151249 -0.25118 0)
(0.222605 -0.254879 0)
(0.276681 -0.284157 0)
(0.359535 -0.307633 0)
(0.518681 -0.138737 0)
(0.554167 -0.190086 0)
(0.574028 -0.235236 0)
(0.622508 -0.294767 0)
(0.587336 -0.397413 0)
(0.605616 -0.432746 0)
(0.617018 -0.473717 0)
(0.636588 -0.518161 0)
(0.44126 -0.394381 0)
(0.448337 -0.441146 0)
(0.456606 -0.472651 0)
(0.471009 -0.482712 0)
(0.271594 -0.395484 0)
(0.318484 -0.420732 0)
(0.345343 -0.415621 0)
(0.335078 -0.203008 0)
(-0.113422 0.475271 0)
(-0.229108 0.415473 0)
(-0.34527 0.183526 0)
(-0.320484 -0.0660541 0)
(-0.0391338 -0.669434 0)
(0.0475038 -0.719906 0)
(0.0982016 -0.711769 0)
(0.14289 -0.677033 0)
(0.289183 -0.433957 0)
(0.243392 -0.399715 0)
(0.195335 -0.382115 0)
(0.145405 -0.35855 0)
(0.0803531 -0.233007 0)
(0.0472332 -0.25563 0)
(0.0077439 -0.267628 0)
(-0.0328129 -0.270811 0)
(0.0366649 -0.271969 0)
(-0.00555462 -0.268726 0)
(-0.0430683 -0.258377 0)
(-0.078088 -0.24392 0)
(-0.0555034 -0.157235 0)
(-0.0711325 -0.159723 0)
(-0.0848461 -0.156557 0)
(-0.101998 -0.152338 0)
(-0.0992572 -0.149107 0)
(-0.104562 -0.153544 0)
(-0.111005 -0.150332 0)
(-0.118191 -0.147309 0)
(-0.0925936 -0.149101 0)
(-0.0996291 -0.147396 0)
(-0.105441 -0.143144 0)
(-0.112666 -0.141136 0)
(-0.0962405 -0.125867 0)
(-0.101675 -0.125951 0)
(-0.104853 -0.12621 0)
(-0.110131 -0.125915 0)
(-0.0896991 -0.118695 0)
(-0.0936023 -0.118708 0)
(-0.0967006 -0.120174 0)
(-0.103102 -0.120204 0)
(-0.0890659 -0.113709 0)
(-0.0910855 -0.114027 0)
(-0.0932459 -0.114125 0)
(-0.0983222 -0.113503 0)
(-0.0818084 -0.107058 0)
(-0.0843891 -0.107233 0)
(-0.0871297 -0.104749 0)
(-0.0922212 -0.102918 0)
(-0.0778699 -0.103946 0)
(-0.0811232 -0.104167 0)
(-0.0850569 -0.100734 0)
(-0.0906504 -0.0980373 0)
(-0.0725202 -0.0929256 0)
(-0.0761955 -0.0919735 0)
(-0.0805131 -0.0891425 0)
(-0.0854524 -0.0859278 0)
(-0.0761476 -0.0857803 0)
(-0.0791668 -0.0836042 0)
(-0.0820504 -0.0821182 0)
(-0.0856129 -0.0798526 0)
(-0.0708384 -0.0799481 0)
(-0.0744882 -0.0788097 0)
(-0.0765067 -0.077871 0)
(-0.0792864 -0.0749392 0)
(-0.071451 -0.0712249 0)
(-0.0745266 -0.0701725 0)
(-0.0763291 -0.0710551 0)
(-0.0784442 -0.0702738 0)
(-0.0672118 -0.0679622 0)
(-0.0703672 -0.0661452 0)
(-0.0732606 -0.0655469 0)
(-0.075802 -0.0649482 0)
(-0.0669567 -0.0618969 0)
(-0.0702224 -0.0597655 0)
(-0.0725438 -0.0586972 0)
(-0.0747479 -0.0582061 0)
(-0.0657048 -0.0550392 0)
(-0.0685113 -0.0548596 0)
(-0.0713124 -0.0538948 0)
(-0.0736255 -0.0537299 0)
(-0.063636 -0.0507443 0)
(-0.0665586 -0.0491165 0)
(-0.0695687 -0.0484377 0)
(-0.0722533 -0.0472686 0)
(-0.062634 -0.043659 0)
(-0.0654277 -0.0434375 0)
(-0.0683611 -0.0422359 0)
(-0.0714209 -0.0415732 0)
(-0.0608108 -0.0384107 0)
(-0.0634694 -0.0375631 0)
(-0.0664005 -0.0367584 0)
(-0.0693947 -0.0357071 0)
(-0.05902 -0.0323887 0)
(-0.061639 -0.0317551 0)
(-0.0644105 -0.0307856 0)
(-0.0675765 -0.0297611 0)
(-0.056897 -0.0269496 0)
(-0.0594115 -0.0260276 0)
(-0.0620831 -0.0250382 0)
(-0.0651604 -0.0239034 0)
(-0.0545197 -0.0215535 0)
(-0.0569706 -0.0204708 0)
(-0.0594976 -0.0193373 0)
(-0.0624845 -0.0181075 0)
(-0.0518225 -0.0164113 0)
(-0.0541978 -0.0151034 0)
(-0.0566122 -0.013797 0)
(-0.0594428 -0.0124234 0)
(-0.0488053 -0.0114729 0)
(-0.051098 -0.00996907 0)
(-0.0534015 -0.00846353 0)
(-0.0560527 -0.00692145 0)
(-0.0454476 -0.00676018 0)
(-0.047643 -0.00507012 0)
(-0.0498473 -0.00336117 0)
(-0.0523139 -0.00162621 0)
(-0.0417485 -0.00229531 0)
(-0.0438229 -0.000429283 0)
(-0.0459154 0.00148052 0)
(-0.0481977 0.00341455 0)
(-0.037667 0.00189417 0)
(-0.0396044 0.00392295 0)
(-0.0415945 0.00601476 0)
(-0.0437072 0.00814161 0)
(-0.0331766 0.00582716 0)
(-0.035006 0.00799132 0)
(-0.0368597 0.0102273 0)
(-0.0388074 0.0125227 0)
(-0.0283155 0.00955944 0)
(-0.0299617 0.0118009 0)
(-0.0316759 0.0141472 0)
(-0.0334645 0.0166016 0)
(-0.0235084 0.0125446 0)
(-0.024575 0.0151578 0)
(-0.0258608 0.0177081 0)
(-0.02735 0.0202786 0)
(-0.0207117 0.0135317 0)
(-0.0206288 0.0168223 0)
(-0.0208743 0.020035 0)
(-0.02136 0.02323 0)
(-0.0200279 0.0112947 0)
(-0.0193681 0.0149982 0)
(-0.0188975 0.0187638 0)
(-0.0185254 0.022564 0)
(0.44321 -0.35038 0)
(0.488561 -0.45559 0)
(0.496954 -0.420188 0)
(0.481834 -0.361837 0)
(0.474802 -0.295488 0)
(0.495114 -0.206359 0)
(0.494992 -0.109256 0)
(0.470633 -0.0413706 0)
(0.474586 0.0052109 0)
(0.514896 0.114755 0)
(0.441028 0.278755 0)
(0.23255 0.305953 0)
(-0.127783 0.306162 0)
(-0.133888 0.203634 0)
(-0.184271 0.0534737 0)
(0.149097 0.515445 0)
(0.375416 0.916396 0)
(0.0216843 0.620021 0)
(0.316966 -0.227422 0)
(0.492636 -0.449419 0)
(0.528457 -0.483634 0)
(0.551774 -0.451563 0)
(0.552948 -0.380066 0)
(0.520506 -0.280119 0)
(0.495496 -0.189713 0)
(0.480277 -0.125411 0)
(0.451516 -0.0383934 0)
(0.400835 0.0362753 0)
(0.376749 0.0815994 0)
(0.36442 0.134584 0)
(0.345162 0.176914 0)
(0.259001 0.343628 0)
(0.251429 0.388431 0)
(0.336927 0.107047 0)
(0.404394 0.143605 0)
(0.570914 0.595377 0)
(0.251478 0.629536 0)
(0.435151 -0.0667041 0)
(0.639786 -0.403023 0)
(0.687242 -0.541206 0)
(0.731286 -0.579038 0)
(0.74579 -0.490433 0)
(0.739288 -0.389214 0)
(0.638656 -0.246112 0)
(0.541123 -0.111458 0)
(0.525925 0.0150385 0)
(0.525198 0.0875819 0)
(0.51342 0.15033 0)
(0.481461 0.210592 0)
(0.493535 0.251377 0)
(0.488641 0.250108 0)
(0.534962 0.21486 0)
(0.511773 0.190879 0)
(0.464585 0.14118 0)
(0.582942 0.703876 0)
(0.190544 1.04912 0)
(0.462746 0.200451 0)
(0.664313 -0.586918 0)
(0.677088 -0.611792 0)
(0.693507 -0.51756 0)
(0.76647 -0.175436 0)
(0.790251 -0.0862534 0)
(0.678019 -0.0869879 0)
(0.548819 -0.109145 0)
(0.526391 -0.0237546 0)
(0.554713 0.00872635 0)
(0.568536 0.107479 0)
(0.590189 0.195131 0)
(0.578482 0.261572 0)
(0.563746 0.362932 0)
(0.549564 0.331509 0)
(0.488708 0.236784 0)
(0.33917 0.175606 0)
(0.300593 0.7377 0)
(-0.167972 1.40476 0)
(0.398069 0.374221 0)
(0.470066 -0.503861 0)
(0.501938 -0.434409 0)
(0.573567 0.0411357 0)
(0.510553 0.368617 0)
(1.0599 0.515191 0)
(1.12473 1.23583 0)
(0.809927 1.11799 0)
(0.449584 0.156207 0)
(0.488163 0.0383127 0)
(0.587818 0.0562094 0)
(0.59877 0.0853528 0)
(0.622291 0.142286 0)
(0.574888 0.211973 0)
(0.481665 0.304992 0)
(0.390051 0.328816 0)
(0.317898 0.332876 0)
(0.0180799 0.737271 0)
(-0.111784 1.37211 0)
(0.393944 0.411218 0)
(0.197856 0.118455 0)
(-0.0259898 -0.061122 0)
(-0.0661634 -0.697419 0)
(0.0671559 -1.15408 0)
(0.583002 -1.33415 0)
(1.17544 -0.702814 0)
(2.03099 -0.0299164 0)
(2.95359 0.336012 0)
(3.37931 0.393025 0)
(3.74855 0.687082 0)
(3.30243 0.993617 0)
(1.5715 0.724963 0)
(0.739052 0.519564 0)
(0.440205 0.325217 0)
(0.33482 0.30014 0)
(0.209881 0.461133 0)
(0.0843337 0.734083 0)
(-0.212007 1.68743 0)
(0.410704 0.47434 0)
(-0.158383 -0.56981 0)
(-0.0573595 -0.749042 0)
(-0.0209212 -0.716334 0)
(0.0138414 -0.751441 0)
(-0.222137 -0.898152 0)
(-0.426892 -0.630996 0)
(-0.426738 -0.529615 0)
(-0.348631 -0.515845 0)
(-0.182602 -0.425782 0)
(0.108522 -0.244138 0)
(0.892718 0.298257 0)
(2.34859 1.72906 0)
(2.35699 1.99354 0)
(0.685234 1.05331 0)
(0.212888 0.507019 0)
(0.131284 0.520932 0)
(0.0807475 0.812471 0)
(0.0383427 1.25163 0)
(0.400901 0.625065 0)
(0.121283 -0.623784 0)
(0.00603323 -0.528164 0)
(-0.236557 -0.440905 0)
(-0.359214 -0.555601 0)
(-0.6513 -0.87859 0)
(-0.675962 -0.763281 0)
(-0.588114 -0.654386 0)
(-0.526367 -0.598893 0)
(-0.455132 -0.541428 0)
(-0.334756 -0.449003 0)
(-0.209537 -0.299325 0)
(0.00387787 0.206629 0)
(1.60075 1.77104 0)
(1.46052 2.19514 0)
(0.326829 0.993193 0)
(0.0464418 0.618409 0)
(0.114417 0.853435 0)
(0.127467 1.10604 0)
(0.291012 0.84147 0)
(0.0416248 -0.336119 0)
(-0.1322 -0.270533 0)
(-0.333673 -0.259315 0)
(-0.472531 -0.346381 0)
(-0.782988 -0.782317 0)
(-0.751053 -0.7433 0)
(-0.684499 -0.689377 0)
(-0.625607 -0.679029 0)
(-0.561794 -0.64389 0)
(-0.476124 -0.550872 0)
(-0.348806 -0.398947 0)
(-0.243784 -0.177561 0)
(0.00976556 0.403218 0)
(1.18115 2.0744 0)
(0.942568 2.00716 0)
(0.134247 0.746096 0)
(0.158191 0.837864 0)
(0.105567 1.07372 0)
(0.205523 1.02922 0)
(-0.110794 -0.261563 0)
(-0.202407 -0.209457 0)
(-0.274371 -0.141129 0)
(-0.357753 -0.118315 0)
(-0.690993 -0.529228 0)
(-0.827901 -0.717255 0)
(-0.770039 -0.740164 0)
(-0.677997 -0.72444 0)
(-0.614825 -0.694 0)
(-0.557687 -0.624383 0)
(-0.476619 -0.485169 0)
(-0.369379 -0.213969 0)
(-0.240592 0.167514 0)
(0.118855 1.16465 0)
(0.759237 2.09779 0)
(0.226789 1.35497 0)
(0.239821 0.819149 0)
(0.0999219 1.10888 0)
(0.152012 1.15626 0)
(-0.127183 -0.207513 0)
(-0.175672 -0.15385 0)
(-0.181388 -0.0904081 0)
(-0.159087 -0.0558196 0)
(-0.242881 -0.178105 0)
(-0.517747 -0.595635 0)
(-0.702882 -0.787372 0)
(-0.702945 -0.779717 0)
(-0.682769 -0.725029 0)
(-0.644459 -0.676976 0)
(-0.589595 -0.564851 0)
(-0.52408 -0.328413 0)
(-0.421715 0.0918013 0)
(-0.328591 0.650552 0)
(0.153104 2.01388 0)
(0.0503066 1.61255 0)
(0.206775 0.854564 0)
(0.12677 1.1643 0)
(0.130152 1.25024 0)
(-0.122692 -0.141944 0)
(-0.147022 -0.131682 0)
(-0.13473 -0.11485 0)
(-0.1054 -0.102432 0)
(-0.0943581 -0.143119 0)
(-0.172581 -0.271355 0)
(-0.300102 -0.700815 0)
(-0.599629 -0.806464 0)
(-0.687994 -0.721453 0)
(-0.711137 -0.666064 0)
(-0.695688 -0.585653 0)
(-0.680626 -0.385974 0)
(-0.632856 0.00396329 0)
(-0.543517 0.582327 0)
(-0.550887 1.92571 0)
(-0.0857863 1.54475 0)
(0.165596 0.854547 0)
(0.122665 1.2156 0)
(0.0956886 1.35733 0)
(-0.122942 -0.137486 0)
(-0.129302 -0.13457 0)
(-0.124809 -0.129479 0)
(-0.115117 -0.129472 0)
(-0.104936 -0.159976 0)
(-0.12443 -0.204064 0)
(-0.242498 -0.34491 0)
(-0.208781 -0.764063 0)
(-0.599016 -0.718157 0)
(-0.750689 -0.615315 0)
(-0.771802 -0.555792 0)
(-0.815762 -0.413958 0)
(-0.830662 -0.0641492 0)
(-0.694971 0.542456 0)
(-0.42613 1.4326 0)
(0.0317828 1.17038 0)
(0.140511 0.921526 0)
(0.0248109 1.28242 0)
(0.031733 1.42292 0)
(-0.118835 -0.134726 0)
(-0.126146 -0.131511 0)
(-0.129134 -0.125699 0)
(-0.134275 -0.128957 0)
(-0.139816 -0.150633 0)
(-0.153713 -0.187955 0)
(-0.216019 -0.233821 0)
(-0.232601 -0.403375 0)
(-0.468384 -0.703777 0)
(-0.739634 -0.534471 0)
(-0.848546 -0.490858 0)
(-0.926131 -0.396232 0)
(-1.01645 -0.137983 0)
(-0.881068 0.376592 0)
(-0.463461 0.939896 0)
(-0.147011 0.942829 0)
(-0.0917387 1.05708 0)
(-0.129233 1.31574 0)
(-0.0543701 1.40017 0)
(-0.112711 -0.123499 0)
(-0.119036 -0.12253 0)
(-0.125738 -0.119741 0)
(-0.135774 -0.126014 0)
(-0.156532 -0.139101 0)
(-0.193998 -0.152969 0)
(-0.259393 -0.172327 0)
(-0.340224 -0.215392 0)
(-0.302354 -0.49348 0)
(-0.791318 -0.461122 0)
(-0.926461 -0.367969 0)
(-1.01744 -0.318033 0)
(-1.18045 -0.154202 0)
(-1.17933 0.206697 0)
(-0.858074 0.712959 0)
(-0.601264 0.927392 0)
(-0.523961 1.06878 0)
(-0.422268 1.25365 0)
(-0.11117 1.27151 0)
(-0.10809 -0.117933 0)
(-0.120305 -0.118477 0)
(-0.133444 -0.111302 0)
(-0.145689 -0.108602 0)
(-0.166671 -0.108131 0)
(-0.20577 -0.10649 0)
(-0.275654 -0.0980562 0)
(-0.385034 -0.0597576 0)
(-0.449035 -0.126862 0)
(-0.931515 -0.388651 0)
(-1.02758 -0.255963 0)
(-1.08471 -0.192019 0)
(-1.23392 -0.0850516 0)
(-1.33741 0.118451 0)
(-1.18693 0.488863 0)
(-0.959923 0.781658 0)
(-0.796894 0.869676 0)
(-0.563651 0.887113 0)
(-0.155631 0.859925 0)
(-0.102658 -0.111044 0)
(-0.110517 -0.107553 0)
(-0.121303 -0.101274 0)
(-0.135107 -0.098093 0)
(-0.154903 -0.0890768 0)
(-0.186597 -0.0679598 0)
(-0.227949 -0.0288072 0)
(-0.280933 0.0705623 0)
(-0.334856 0.211013 0)
(-0.642347 -0.159624 0)
(-1.09225 -0.260677 0)
(-1.09104 -0.148457 0)
(-1.13595 -0.0334483 0)
(-1.26804 0.150281 0)
(-1.25241 0.38449 0)
(-1.08202 0.614498 0)
(-0.86556 0.668529 0)
(-0.533001 0.462367 0)
(-0.223027 0.553787 0)
(-0.0976723 -0.1006 0)
(-0.108398 -0.0962813 0)
(-0.119691 -0.0900293 0)
(-0.129929 -0.0813258 0)
(-0.142981 -0.0681145 0)
(-0.158706 -0.0435568 0)
(-0.172072 -0.00270884 0)
(-0.162885 0.0772699 0)
(-0.152102 0.268427 0)
(-0.104337 0.425074 0)
(-0.555725 -0.037483 0)
(-1.02757 -0.257227 0)
(-1.06416 -0.0783553 0)
(-1.00134 0.0985594 0)
(-1.01406 0.241408 0)
(-0.930628 0.362505 0)
(-0.807476 0.350844 0)
(-0.592656 0.190566 0)
(-0.243728 0.165484 0)
(-0.0954855 -0.0953343 0)
(-0.104657 -0.0915616 0)
(-0.110685 -0.0878762 0)
(-0.114766 -0.0774812 0)
(-0.123658 -0.0631594 0)
(-0.125437 -0.0403042 0)
(-0.118043 -0.00497639 0)
(-0.0836191 0.0521068 0)
(-0.0375682 0.174342 0)
(0.143556 0.34904 0)
(0.283444 0.685629 0)
(-0.248675 0.214536 0)
(-0.901423 -0.342689 0)
(-1.02223 0.183748 0)
(-0.942418 0.30026 0)
(-0.826963 0.395899 0)
(-0.620504 0.296034 0)
(-0.374079 -0.0704088 0)
(-0.166721 -0.347144 0)
(-0.0901342 -0.0851062 0)
(-0.0974842 -0.0824775 0)
(-0.104704 -0.0779954 0)
(-0.108259 -0.0683985 0)
(-0.110814 -0.0582368 0)
(-0.104512 -0.0469222 0)
(-0.0866556 -0.0270403 0)
(-0.0404665 0.00300816 0)
(0.00998085 0.0674286 0)
(0.202403 0.153014 0)
(0.395365 0.591596 0)
(0.39276 0.838109 0)
(-0.374079 0.336701 0)
(-0.787364 0.221096 0)
(-0.805578 0.302951 0)
(-0.715923 0.547545 0)
(-0.70495 0.661057 0)
(-0.496802 -0.0732412 0)
(-0.149988 -0.552536 0)
(-0.0899467 -0.0815342 0)
(-0.0946694 -0.080164 0)
(-0.0969655 -0.0769825 0)
(-0.102325 -0.0695215 0)
(-0.100594 -0.0629335 0)
(-0.0923116 -0.0577827 0)
(-0.0734893 -0.0508177 0)
(-0.0330644 -0.0477903 0)
(0.00942705 -0.0336908 0)
(0.179425 0.0107073 0)
(0.289214 0.339732 0)
(0.507367 1.0133 0)
(0.197893 0.826754 0)
(-0.374286 0.460512 0)
(-0.504592 0.152212 0)
(-0.453164 0.0343297 0)
(-0.0678715 0.0304853 0)
(-0.164835 -0.0914688 0)
(-0.0380524 -0.827833 0)
(-0.0837561 -0.0741912 0)
(-0.0905923 -0.0751059 0)
(-0.0942926 -0.0711409 0)
(-0.0989521 -0.0652736 0)
(-0.0980015 -0.0647356 0)
(-0.0901969 -0.0676224 0)
(-0.0775689 -0.0694787 0)
(-0.0489518 -0.0876236 0)
(-0.0264449 -0.111068 0)
(0.117784 -0.0908719 0)
(0.116496 0.186391 0)
(0.480432 1.02759 0)
(0.337193 1.04288 0)
(0.04185 0.809328 0)
(-0.0940901 0.342702 0)
(-0.217316 0.0210247 0)
(0.124434 0.000182793 0)
(-0.173788 -0.181864 0)
(-0.0216671 -0.873406 0)
(-0.0833027 -0.0698314 0)
(-0.0888462 -0.0695958 0)
(-0.092781 -0.0670033 0)
(-0.0977707 -0.0649745 0)
(-0.0977199 -0.0671007 0)
(-0.0965941 -0.0715706 0)
(-0.0923083 -0.0800719 0)
(-0.081437 -0.110603 0)
(-0.0797705 -0.1503 0)
(0.0124948 -0.144613 0)
(-0.0917544 -0.00785141 0)
(0.402474 0.989144 0)
(0.295452 1.08611 0)
(0.223357 0.929143 0)
(0.155308 0.482651 0)
(0.0474572 -0.0346108 0)
(0.201757 -0.0525053 0)
(-0.0713627 -0.213896 0)
(-0.0144202 -0.844946 0)
(-0.0800079 -0.0647605 0)
(-0.0878595 -0.0644759 0)
(-0.0924782 -0.0624256 0)
(-0.0978816 -0.0612648 0)
(-0.101792 -0.0641775 0)
(-0.104417 -0.070466 0)
(-0.11109 -0.0804636 0)
(-0.114643 -0.106646 0)
(-0.132526 -0.147266 0)
(-0.123998 -0.160777 0)
(-0.252353 -0.0977921 0)
(0.167848 0.840296 0)
(0.244654 1.06889 0)
(0.236106 0.921885 0)
(0.287064 0.535604 0)
(0.261531 0.0251412 0)
(0.304986 -0.02789 0)
(0.0349546 -0.0972116 0)
(-0.0141137 -0.818159 0)
(-0.0791915 -0.0578967 0)
(-0.0867988 -0.058539 0)
(-0.0922317 -0.0569711 0)
(-0.0983268 -0.0572223 0)
(-0.105504 -0.0594741 0)
(-0.111811 -0.0638043 0)
(-0.12503 -0.0719619 0)
(-0.13849 -0.0891057 0)
(-0.17093 -0.113679 0)
(-0.223367 -0.136422 0)
(-0.343214 -0.103945 0)
(-0.191898 0.505061 0)
(0.191472 0.997881 0)
(0.210832 0.872716 0)
(0.367564 0.485466 0)
(0.386858 0.0672937 0)
(0.387583 0.034747 0)
(0.0298764 0.033074 0)
(-0.0141475 -0.757139 0)
(-0.0772253 -0.0534478 0)
(-0.0857057 -0.0518205 0)
(-0.09215 -0.051265 0)
(-0.0989469 -0.0504372 0)
(-0.108287 -0.0522014 0)
(-0.11662 -0.0548228 0)
(-0.132357 -0.0586317 0)
(-0.150246 -0.0660592 0)
(-0.18573 -0.0743658 0)
(-0.242479 -0.0783107 0)
(-0.340348 -0.0438815 0)
(-0.345675 0.271865 0)
(0.0286979 0.73428 0)
(0.175202 0.696 0)
(0.397873 0.338494 0)
(0.415284 0.0995178 0)
(0.413094 0.136071 0)
(0.0239633 0.197415 0)
(-0.00168973 -0.66866 0)
(-0.0768359 -0.0457206 0)
(-0.0842836 -0.0459771 0)
(-0.0918772 -0.0444907 0)
(-0.0989089 -0.0435915 0)
(-0.108985 -0.0439353 0)
(-0.11859 -0.0443319 0)
(-0.13394 -0.0444215 0)
(-0.151347 -0.0445898 0)
(-0.181001 -0.0409308 0)
(-0.220529 -0.0260225 0)
(-0.272271 0.0150811 0)
(-0.323481 0.180532 0)
(-0.0887421 0.437654 0)
(0.102573 0.442707 0)
(0.358437 0.210572 0)
(0.343519 0.136461 0)
(0.357564 0.254995 0)
(0.0569892 0.343955 0)
(0.00716219 -0.539528 0)
(-0.0751113 -0.0406293 0)
(-0.0827616 -0.0388368 0)
(-0.0908779 -0.037642 0)
(-0.0980613 -0.03601 0)
(-0.108309 -0.0351795 0)
(-0.11809 -0.0339099 0)
(-0.131633 -0.0313961 0)
(-0.146277 -0.0273163 0)
(-0.167243 -0.0182217 0)
(-0.189027 0.00385658 0)
(-0.203314 0.0413282 0)
(-0.223455 0.145021 0)
(-0.0699662 0.287674 0)
(0.0584123 0.250652 0)
(0.26413 0.151555 0)
(0.2174 0.150479 0)
(0.281467 0.345683 0)
(0.0434612 0.444449 0)
(0.0226011 -0.442513 0)
(-0.0738294 -0.0339356 0)
(-0.0809904 -0.0323754 0)
(-0.0892271 -0.030532 0)
(-0.0966305 -0.0283889 0)
(-0.106468 -0.0265543 0)
(-0.115919 -0.0241997 0)
(-0.127394 -0.0203475 0)
(-0.138786 -0.0146848 0)
(-0.152501 -0.00511957 0)
(-0.160816 0.0150698 0)
(-0.155715 0.042829 0)
(-0.157107 0.0992584 0)
(-0.026301 0.185136 0)
(0.0380051 0.134409 0)
(0.179691 0.112508 0)
(0.123608 0.141085 0)
(0.200513 0.415301 0)
(0.0539653 0.480406 0)
(0.0667085 -0.348488 0)
(-0.0719218 -0.0280033 0)
(-0.0788484 -0.0256064 0)
(-0.0871153 -0.0234263 0)
(-0.0945643 -0.0208061 0)
(-0.103943 -0.0182658 0)
(-0.112945 -0.0153383 0)
(-0.122703 -0.011207 0)
(-0.131572 -0.00583255 0)
(-0.140588 0.00143775 0)
(-0.140954 0.0160471 0)
(-0.128902 0.0328483 0)
(-0.122987 0.053229 0)
(-0.0129627 0.103728 0)
(0.0161838 0.0646168 0)
(0.123242 0.086868 0)
(0.0553739 0.133198 0)
(0.109385 0.459005 0)
(0.0373483 0.455215 0)
(0.0936512 -0.299829 0)
(-0.0697347 -0.0218312 0)
(-0.0764358 -0.0190512 0)
(-0.0845203 -0.0163392 0)
(-0.0920536 -0.0133174 0)
(-0.101042 -0.0103021 0)
(-0.109779 -0.00713561 0)
(-0.118648 -0.00322293 0)
(-0.126421 0.00106603 0)
(-0.132672 0.00449235 0)
(-0.131879 0.0113599 0)
(-0.11771 0.0176529 0)
(-0.109266 0.0156479 0)
(-0.021082 0.0444468 0)
(-0.011725 0.0146095 0)
(0.0765595 0.0645658 0)
(-0.029562 0.149422 0)
(-0.00555757 0.45648 0)
(-0.0141723 0.413724 0)
(0.0680824 -0.272995 0)
(-0.0671112 -0.0158426 0)
(-0.0736414 -0.0125583 0)
(-0.0815167 -0.00934635 0)
(-0.0891561 -0.00590631 0)
(-0.0979457 -0.00244956 0)
(-0.106628 0.000982652 0)
(-0.115564 0.00460414 0)
(-0.123721 0.00702444 0)
(-0.129261 0.00771723 0)
(-0.131003 0.00735676 0)
(-0.121793 0.00123821 0)
(-0.112592 -0.0155357 0)
(-0.046144 -0.00352645 0)
(-0.0520699 -0.0253991 0)
(-0.00500374 0.0823066 0)
(-0.187938 0.220072 0)
(-0.153422 0.479325 0)
(-0.088696 0.348932 0)
(-0.0278419 -0.310681 0)
(-0.0640785 -0.00991061 0)
(-0.0704798 -0.00617393 0)
(-0.0781085 -0.00241732 0)
(-0.0858074 0.00147204 0)
(-0.0945049 0.00542398 0)
(-0.103465 0.00919308 0)
(-0.112902 0.0124163 0)
(-0.122115 0.0141826 0)
(-0.131159 0.0133521 0)
(-0.137249 0.00771471 0)
(-0.13698 -0.00693954 0)
(-0.133433 -0.0345024 0)
(-0.103627 -0.0417374 0)
(-0.115797 -0.0180464 0)
(-0.211844 0.157154 0)
(-0.428209 0.327276 0)
(-0.391916 0.38347 0)
(-0.211245 0.224923 0)
(-0.0505313 -0.335959 0)
(-0.060605 -0.00414485 0)
(-0.0668645 6.80336e-05 0)
(-0.0742532 0.00439156 0)
(-0.0820024 0.00884945 0)
(-0.0906635 0.0134305 0)
(-0.0999769 0.0178382 0)
(-0.110366 0.0216989 0)
(-0.121713 0.0240478 0)
(-0.134455 0.0231425 0)
(-0.147155 0.0157055 0)
(-0.159542 -0.00469749 0)
(-0.176538 -0.0437417 0)
(-0.188814 -0.058368 0)
(-0.316221 0.0509542 0)
(-0.59727 0.420508 0)
(-0.772123 0.579023 0)
(-0.71465 0.427276 0)
(-0.222141 -0.103529 0)
(0.032181 -0.507753 0)
(-0.0566958 0.0014423 0)
(-0.0627911 0.006135 0)
(-0.0698829 0.0110426 0)
(-0.0775468 0.0161926 0)
(-0.0861364 0.0216179 0)
(-0.0956905 0.0270441 0)
(-0.106872 0.0323068 0)
(-0.120282 0.0367858 0)
(-0.137866 0.0394419 0)
(-0.1614 0.0375939 0)
(-0.198442 0.027139 0)
(-0.260934 0.0134493 0)
(-0.35992 0.0645028 0)
(-0.606416 0.330814 0)
(-0.758948 0.549088 0)
(-0.825476 0.497461 0)
(-0.331529 -0.352115 0)
(-0.0993264 -0.508528 0)
(0.0316231 -0.495066 0)
(-0.0523423 0.00680041 0)
(-0.0582083 0.0119669 0)
(-0.0649391 0.0174917 0)
(-0.0723451 0.0233774 0)
(-0.0806494 0.0297275 0)
(-0.090037 0.0363848 0)
(-0.101184 0.0435027 0)
(-0.114799 0.0510415 0)
(-0.133049 0.059496 0)
(-0.15786 0.0695045 0)
(-0.198766 0.0840782 0)
(-0.267706 0.115568 0)
(-0.359103 0.203842 0)
(-0.52155 0.408849 0)
(-0.593405 0.518428 0)
(-0.541445 0.320299 0)
(-0.139236 -0.480635 0)
(-0.0974181 -0.523724 0)
(0.0409359 -0.496435 0)
(-0.0475664 0.0118389 0)
(-0.0531296 0.0174832 0)
(-0.0594128 0.0236358 0)
(-0.066396 0.0302663 0)
(-0.0741938 0.0375481 0)
(-0.0830128 0.0454426 0)
(-0.0933317 0.0543073 0)
(-0.105595 0.0645645 0)
(-0.121156 0.0775295 0)
(-0.139527 0.0955526 0)
(-0.165497 0.123892 0)
(-0.201392 0.176209 0)
(-0.213439 0.283574 0)
(-0.237774 0.433974 0)
(-0.222999 0.455482 0)
(-0.158298 0.125044 0)
(-0.050358 -0.512053 0)
(-0.105866 -0.550364 0)
(0.0688446 -0.496726 0)
(-0.0423525 0.0164979 0)
(-0.0475325 0.0226034 0)
(-0.0532991 0.0292873 0)
(-0.0597034 0.0365192 0)
(-0.06677 0.0445548 0)
(-0.0746562 0.0534027 0)
(-0.0835399 0.0635109 0)
(-0.0934717 0.0753892 0)
(-0.104901 0.0903566 0)
(-0.115239 0.110463 0)
(-0.125073 0.139543 0)
(-0.134926 0.183086 0)
(-0.0820375 0.252897 0)
(-0.0205842 0.380232 0)
(0.155904 0.415738 0)
(0.29215 0.225262 0)
(0.227836 -0.361856 0)
(-0.142153 -0.542672 0)
(0.110146 -0.522232 0)
(-0.0366833 0.0208809 0)
(-0.0414722 0.0274163 0)
(-0.0467337 0.0346313 0)
(-0.0525328 0.0424797 0)
(-0.0589729 0.0511955 0)
(-0.0660238 0.0608396 0)
(-0.073729 0.0716323 0)
(-0.0818611 0.0841028 0)
(-0.0901558 0.099007 0)
(-0.0954253 0.117626 0)
(-0.0949448 0.141407 0)
(-0.0942354 0.166978 0)
(-0.0236735 0.198479 0)
(0.0185828 0.244384 0)
(0.267282 0.192015 0)
(0.31998 0.0997694 0)
(0.463142 -0.215298 0)
(-0.305835 -0.473521 0)
(0.211939 -0.517189 0)
(-0.0302538 0.0247099 0)
(-0.0345025 0.0315943 0)
(-0.0393351 0.0390855 0)
(-0.044441 0.0473593 0)
(-0.0499611 0.056497 0)
(-0.0559844 0.0666122 0)
(-0.0624085 0.0778454 0)
(-0.0690335 0.090235 0)
(-0.0756445 0.103808 0)
(-0.0795259 0.118568 0)
(-0.0767479 0.132125 0)
(-0.0753384 0.138868 0)
(-0.0190133 0.138984 0)
(-0.00555154 0.0870355 0)
(0.197948 0.0367827 0)
(0.198244 0.104604 0)
(0.500389 -0.0313612 0)
(-0.398936 -0.37462 0)
(0.354879 -0.486264 0)
(-0.0228026 0.0285051 0)
(-0.0260579 0.0358688 0)
(-0.0300987 0.0437246 0)
(-0.034804 0.0523439 0)
(-0.0400913 0.0619254 0)
(-0.0459115 0.0725478 0)
(-0.0523228 0.0842658 0)
(-0.059119 0.0968152 0)
(-0.0658897 0.109727 0)
(-0.0714745 0.12234 0)
(-0.0740646 0.131922 0)
(-0.0797714 0.130467 0)
(-0.0546761 0.122001 0)
(-0.0625356 0.0602328 0)
(0.0222841 -0.0285726 0)
(-0.0599863 -0.0305886 0)
(0.477592 0.0715015 0)
(-0.242481 -0.278723 0)
(0.508063 -0.375401 0)
(-0.0183197 0.0290198 0)
(-0.0188817 0.037905 0)
(-0.0203027 0.0469501 0)
(-0.0223431 0.0564226 0)
(-0.0247579 0.0666186 0)
(-0.0275301 0.0778365 0)
(-0.0306996 0.0902625 0)
(-0.0345417 0.103747 0)
(-0.0394913 0.117737 0)
(-0.0456486 0.131207 0)
(-0.0516148 0.137987 0)
(-0.0620788 0.129427 0)
(-0.0381616 0.112551 0)
(-0.0789159 0.00704694 0)
(0.0737365 0.00142944 0)
(-0.133345 -0.252923 0)
(0.394305 0.00158278 0)
(-0.0556294 -0.333651 0)
(0.462185 -0.154709 0)
)
;

boundaryField
{
    leftWall
    {
        type            calculated;
        value           uniform (0 0 0);
    }
    rightWall
    {
        type            calculated;
        value           uniform (0 0 0);
    }
    lowerWall
    {
        type            calculated;
        value           uniform (0 0 0);
    }
    atmosphere
    {
        type            calculated;
        value           nonuniform List<vector> 
46
(
(-0.00080278 -0.0205891 0)
(-0.00370606 -0.0231049 0)
(-0.00713782 -0.0233033 0)
(-0.0101377 -0.0236454 0)
(-0.0132719 -0.023981 0)
(-0.0162195 -0.0243581 0)
(-0.0190238 -0.024737 0)
(-0.0216261 -0.0250992 0)
(-0.0239928 -0.0254162 0)
(-0.0260863 -0.0256515 0)
(-0.0278825 -0.0257669 0)
(-0.0293649 -0.0257207 0)
(-0.0304964 -0.025468 0)
(-0.0311973 -0.0249506 0)
(-0.0314026 -0.0240838 0)
(-0.0311461 -0.022802 0)
(-0.0304865 -0.0210409 0)
(-0.0294695 -0.0187025 0)
(-0.0281357 -0.0156752 0)
(-0.0265435 -0.0118559 0)
(-0.0247415 -0.00712711 0)
(-0.0228632 -0.00132689 0)
(-0.0208907 0.00565769 0)
(-0.0200279 0.0112752 0)
(-0.0193681 0.0149867 0)
(-0.0188975 0.0187574 0)
(-0.0185254 0.0225614 0)
(-0.0183197 0.0290222 0)
(-0.0188817 0.0379118 0)
(-0.0203027 0.0469605 0)
(-0.0223431 0.0564362 0)
(-0.0247579 0.0666353 0)
(-0.0275301 0.0778564 0)
(-0.0306996 0.0902883 0)
(-0.0345417 0.103779 0)
(-0.0394913 0.117774 0)
(-0.0456486 0.131244 0)
(-0.0516148 0.13797 0)
(-0.0620788 0.12916 0)
(-0.0381616 0.112263 0)
(-0.0789159 0.00398593 0)
(0.0737365 0.00065656 0)
(-0.133345 -0.255688 0)
(0.394305 -0.00469286 0)
(-0.0556287 -0.335721 0)
(0.458362 -0.161678 0)
)
;
    }
    defaultFaces
    {
        type            empty;
    }
}


// ************************************************************************* //
