/*--------------------------------*- C++ -*----------------------------------*\
| =========                 |                                                 |
| \\      /  F ield         | OpenFOAM: The Open Source CFD Toolbox           |
|  \\    /   O peration     | Version:  2.4.0                                 |
|   \\  /    A nd           | Web:      www.OpenFOAM.org                      |
|    \\/     M anipulation  |                                                 |
\*---------------------------------------------------------------------------*/
FoamFile
{
    version     2.0;
    format      ascii;
    class       surfaceScalarField;
    location    "0.15";
    object      phi;
}
// * * * * * * * * * * * * * * * * * * * * * * * * * * * * * * * * * * * * * //

dimensions      [0 3 -1 0 0 0 0];

internalField   nonuniform List<scalar> 
4432
(
2.67192e-06
-2.67192e-06
5.39016e-06
-2.71824e-06
8.20012e-06
-2.80996e-06
1.11519e-05
-2.95179e-06
1.4286e-05
-3.13411e-06
1.77015e-05
-3.41545e-06
2.13878e-05
-3.68628e-06
2.57294e-05
-4.34163e-06
2.97396e-05
-4.0102e-06
3.64102e-05
-6.67065e-06
4.22586e-05
-5.84841e-06
4.7997e-05
-5.73838e-06
5.57446e-05
-7.74757e-06
6.58117e-05
-1.00671e-05
7.75505e-05
-1.17389e-05
8.98977e-05
-1.23472e-05
0.000101167
-1.12688e-05
0.000109953
-8.786e-06
0.000115142
-5.18996e-06
0.000115985
-8.42763e-07
0.00010885
7.13571e-06
8.29365e-05
2.5913e-05
8.29365e-05
2.66291e-06
-5.33483e-06
5.37217e-06
-5.4275e-06
8.17286e-06
-5.61066e-06
1.11142e-05
-5.89311e-06
1.42342e-05
-6.25417e-06
1.76397e-05
-6.82093e-06
2.13058e-05
-7.35234e-06
2.55377e-05
-8.57353e-06
2.97965e-05
-8.26899e-06
3.61675e-05
-1.30417e-05
4.17597e-05
-1.14406e-05
4.75244e-05
-1.1503e-05
5.62859e-05
-1.65091e-05
6.76114e-05
-2.13926e-05
7.94447e-05
-2.35722e-05
9.03057e-05
-2.32081e-05
9.94975e-05
-2.04606e-05
0.000106804
-1.6092e-05
0.000112135
-1.0521e-05
0.000115339
-4.04749e-06
0.000114856
7.61863e-06
8.89942e-05
5.17752e-05
0.000171931
2.64234e-06
-7.97718e-06
5.33087e-06
-8.11602e-06
8.11049e-06
-8.39028e-06
1.10275e-05
-8.81014e-06
1.41193e-05
-9.34591e-06
1.74931e-05
-1.01948e-05
2.11266e-05
-1.09859e-05
2.52431e-05
-1.269e-05
2.97304e-05
-1.27563e-05
3.56211e-05
-1.89324e-05
4.11001e-05
-1.69196e-05
4.70112e-05
-1.74141e-05
5.6467e-05
-2.59649e-05
6.83473e-05
-3.32728e-05
7.99545e-05
-3.51794e-05
8.97616e-05
-3.30153e-05
9.74109e-05
-2.811e-05
0.000102753
-2.14337e-05
0.000105768
-1.35362e-05
0.000106025
-4.30461e-06
0.000102282
1.13616e-05
8.17506e-05
7.23066e-05
0.000253681
2.61164e-06
-1.05888e-05
5.26938e-06
-1.07738e-05
8.01814e-06
-1.1139e-05
1.08989e-05
-1.16909e-05
1.3951e-05
-1.23981e-05
1.72652e-05
-1.35089e-05
2.08436e-05
-1.45643e-05
2.48778e-05
-1.67242e-05
2.94015e-05
-1.728e-05
3.48489e-05
-2.43798e-05
4.02478e-05
-2.23185e-05
4.67013e-05
-2.38676e-05
5.68007e-05
-3.60643e-05
6.87072e-05
-4.51793e-05
7.89542e-05
-4.54264e-05
8.62372e-05
-4.02984e-05
9.10738e-05
-3.29466e-05
9.29627e-05
-2.33225e-05
9.35821e-05
-1.41556e-05
9.56095e-05
-6.33202e-06
8.26375e-05
2.43336e-05
6.25054e-05
9.24387e-05
0.000316187
2.57067e-06
-1.31595e-05
5.18764e-06
-1.33907e-05
7.89619e-06
-1.38476e-05
1.073e-05
-1.45247e-05
1.37275e-05
-1.53956e-05
1.69668e-05
-1.67482e-05
2.04705e-05
-1.80679e-05
2.44039e-05
-2.06576e-05
2.89276e-05
-2.18038e-05
3.37992e-05
-2.92514e-05
3.9245e-05
-2.77643e-05
4.65198e-05
-3.11423e-05
5.66311e-05
-4.61757e-05
6.70724e-05
-5.56206e-05
7.5278e-05
-5.3632e-05
7.91182e-05
-4.41386e-05
8.03653e-05
-3.41937e-05
8.33285e-05
-2.62857e-05
7.98735e-05
-1.07007e-05
7.17667e-05
1.77475e-06
5.19954e-05
4.4105e-05
3.93401e-05
0.000105094
0.000355527
2.5189e-06
-1.56784e-05
5.08486e-06
-1.59567e-05
7.74403e-06
-1.65068e-05
1.05211e-05
-1.73017e-05
1.34483e-05
-1.83229e-05
1.66004e-05
-1.99003e-05
1.99992e-05
-2.14668e-05
2.38485e-05
-2.45069e-05
2.81787e-05
-2.6134e-05
3.26461e-05
-3.37187e-05
3.83466e-05
-3.34649e-05
4.61607e-05
-3.89564e-05
5.52797e-05
-5.52947e-05
6.26437e-05
-6.29845e-05
6.61396e-05
-5.71279e-05
7.39032e-05
-5.19022e-05
8.06835e-05
-4.0974e-05
8.19578e-05
-2.75599e-05
7.98753e-05
-8.61822e-06
6.18865e-05
1.97635e-05
3.39186e-05
7.20729e-05
1.64992e-05
0.000122513
0.000372026
2.45421e-06
-1.81326e-05
4.95707e-06
-1.84595e-05
7.55573e-06
-1.91054e-05
1.02645e-05
-2.00105e-05
1.31071e-05
-2.11654e-05
1.61602e-05
-2.29535e-05
1.94382e-05
-2.47447e-05
2.31744e-05
-2.82431e-05
2.73549e-05
-3.03145e-05
3.15465e-05
-3.79103e-05
3.74071e-05
-3.93255e-05
4.54192e-05
-4.69685e-05
5.08103e-05
-6.06858e-05
5.56028e-05
-6.77769e-05
6.83758e-05
-6.99009e-05
7.84651e-05
-6.19915e-05
8.51156e-05
-4.76245e-05
8.10943e-05
-2.35386e-05
6.38377e-05
8.63839e-06
4.4753e-05
3.88482e-05
2.52421e-05
9.15838e-05
6.58772e-06
0.000141168
0.000378614
2.37059e-06
-2.05032e-05
4.79352e-06
-2.08825e-05
7.31819e-06
-2.16301e-05
9.9462e-06
-2.26385e-05
1.26933e-05
-2.39125e-05
1.56416e-05
-2.59018e-05
1.8778e-05
-2.78811e-05
2.24102e-05
-3.18753e-05
2.65173e-05
-3.44215e-05
3.04155e-05
-4.18086e-05
3.62024e-05
-4.51123e-05
4.27237e-05
-5.34899e-05
4.65293e-05
-6.44914e-05
5.9927e-05
-8.11746e-05
6.74896e-05
-7.74636e-05
7.01712e-05
-6.46731e-05
6.51039e-05
-4.25572e-05
5.27489e-05
-1.11835e-05
4.23767e-05
1.90106e-05
3.57193e-05
4.55057e-05
2.4969e-05
0.000102334
1.14663e-05
0.00015467
0.00039008
-5.32271e-05
5.32271e-05
-0.000146414
9.31871e-05
-0.000292258
0.000145844
-0.000374551
8.22924e-05
-0.0003073
-6.72504e-05
-0.00016372
-0.00014358
-2.68818e-05
-0.000136839
9.01565e-05
-0.000117038
0.000189783
-9.96268e-05
0.000278246
-8.84626e-05
0.000317429
-3.91832e-05
0.000311222
6.20656e-06
0.000323563
-1.23408e-05
0.000311877
1.16863e-05
0.00023169
8.01864e-05
0.000130289
0.000101401
6.63611e-05
6.39283e-05
2.86062e-05
3.7755e-05
2.86062e-05
-4.43912e-05
9.76183e-05
-9.53469e-05
0.000144143
-0.000119965
0.000170462
-5.74955e-05
1.98228e-05
2.86335e-05
-0.000153379
4.99894e-05
-0.000164936
7.86379e-05
-0.000165487
0.000105103
-0.000143503
0.000133179
-0.000127703
0.000160389
-0.000115672
0.000200224
-7.9018e-05
0.000269141
-6.27106e-05
0.00025833
-1.52966e-06
0.000237813
3.22027e-05
0.00018522
0.00013278
0.000114415
0.000172205
6.31692e-05
0.000115174
2.79531e-05
7.2971e-05
5.65593e-05
-2.59137e-05
0.000123532
-3.41681e-05
0.000152397
1.10329e-05
0.000125261
7.49469e-05
-4.40912e-05
7.65344e-05
-0.000154967
8.60236e-05
-0.000174425
9.69952e-05
-0.000176459
0.000116982
-0.00016349
0.00013898
-0.000149701
0.000166325
-0.000143016
0.000231871
-0.000144565
0.000212585
-4.34238e-05
0.000227526
-1.64706e-05
0.00018554
7.41883e-05
0.000125696
0.000192623
8.37624e-05
0.000214139
5.2173e-05
0.000146764
2.47773e-05
0.000100367
8.13367e-05
-1.03091e-05
0.000133841
-5.22632e-06
0.000147315
6.13755e-05
5.86596e-05
0.000108861
-9.15768e-05
9.82056e-05
-0.000144311
0.000106756
-0.000182976
0.000117394
-0.000187096
0.000132405
-0.000178501
0.000153132
-0.000170428
0.000199228
-0.000189113
0.000194772
-0.000140108
0.000214938
-6.35901e-05
0.000179664
1.88037e-05
0.000121479
0.000132373
7.86959e-05
0.000235406
6.10793e-05
0.000231756
4.24029e-05
0.00016544
2.1164e-05
0.000121605
0.000102501
-4.95905e-06
0.0001388
4.07192e-05
0.000101636
9.42246e-05
5.1542e-06
0.000106604
-0.000103957
0.000116303
-0.00015401
0.000123832
-0.000190504
0.000130117
-0.000193382
0.000140612
-0.000188996
0.00016395
-0.000193766
0.000183748
-0.000208911
0.00018269
-0.00013905
0.00016714
-4.80404e-05
0.000121474
6.44695e-05
7.11093e-05
0.000182738
5.01255e-05
0.00025639
4.54018e-05
0.00023648
3.39589e-05
0.000176883
1.75974e-05
0.000137967
0.000120098
1.37964e-06
0.00013742
5.53672e-05
4.76488e-05
0.000110836
-5.03149e-05
0.000117489
-0.000110609
0.000129572
-0.000166094
0.000133359
-0.000194292
0.000136317
-0.000196339
0.000142779
-0.000195457
0.000152339
-0.000203327
0.000154471
-0.000211042
0.000144578
-0.000129158
0.000108562
-1.20246e-05
6.68709e-05
0.000106161
3.56042e-05
0.000214005
3.07419e-05
0.000261252
3.32436e-05
0.000233978
2.67375e-05
0.000183389
1.43168e-05
0.000150388
0.000134415
3.47081e-05
0.000102712
9.48592e-05
-1.25023e-05
0.00010867
-6.41252e-05
0.000128135
-0.000130074
0.000138817
-0.000176776
0.000139595
-0.00019507
0.000139473
-0.000196217
0.000142681
-0.000198665
0.000146011
-0.000206657
0.000135607
-0.000200638
0.000103829
-9.73798e-05
6.34518e-05
2.83528e-05
2.86257e-05
0.000140987
1.25122e-05
0.000230118
1.77231e-05
0.000256041
2.42603e-05
0.000227441
2.07742e-05
0.000186875
1.14342e-05
0.000159728
0.000145849
8.35941e-05
1.91183e-05
9.77481e-05
-2.66563e-05
0.000120675
-8.70523e-05
0.000140583
-0.000149982
0.000145274
-0.000181467
0.000142501
-0.000192296
0.000140355
-0.000194071
0.00014165
-0.00019996
0.000145595
-0.000210602
0.000119362
-0.000174405
6.4774e-05
-4.27918e-05
2.31253e-05
7.00014e-05
4.39169e-07
0.000163673
-1.74534e-06
0.000232303
9.54945e-06
0.000244746
1.7497e-05
0.000219493
1.5811e-05
0.000188561
8.9378e-06
0.000166601
0.000154787
4.74648e-06
-2.52497e-05
9.63575e-06
-2.57717e-05
1.47902e-05
-2.67845e-05
2.01633e-05
-2.80116e-05
2.57243e-05
-2.94735e-05
3.1662e-05
-3.18395e-05
3.79388e-05
-3.41579e-05
4.50844e-05
-3.90209e-05
5.34574e-05
-4.27945e-05
6.19475e-05
-5.02987e-05
7.37591e-05
-5.69239e-05
8.19862e-05
-6.17171e-05
9.67027e-05
-7.92079e-05
0.000110096
-9.45683e-05
0.000121183
-8.85499e-05
0.000115709
-5.91999e-05
9.372e-05
-2.05678e-05
8.3763e-05
-1.22652e-06
7.73745e-05
2.53991e-05
8.10543e-05
4.18259e-05
9.68251e-05
8.65632e-05
0.000145816
0.00010568
0.00023101
0.000304886
4.48393e-06
-2.97336e-05
9.16112e-06
-3.04489e-05
1.41113e-05
-3.17347e-05
1.92201e-05
-3.31204e-05
2.44243e-05
-3.46777e-05
3.02697e-05
-3.76849e-05
3.62132e-05
-4.01014e-05
4.16124e-05
-4.44201e-05
4.74687e-05
-4.86508e-05
5.62694e-05
-5.90994e-05
6.65321e-05
-6.71866e-05
8.21835e-05
-7.73685e-05
9.9046e-05
-9.60704e-05
0.000109371
-0.000104893
0.000111918
-9.10967e-05
9.94631e-05
-4.67451e-05
8.90421e-05
-1.01468e-05
8.63598e-05
1.45577e-06
8.73995e-05
2.43594e-05
9.9643e-05
2.95824e-05
0.00012394
6.22658e-05
0.000170642
5.89786e-05
0.00013059
0.000271062
4.03403e-06
-3.37676e-05
8.37217e-06
-3.47871e-05
1.27052e-05
-3.60678e-05
1.74354e-05
-3.78506e-05
2.16749e-05
-3.89172e-05
2.69422e-05
-4.29522e-05
3.36908e-05
-4.685e-05
4.29946e-05
-5.37239e-05
5.56227e-05
-6.12789e-05
6.86926e-05
-7.21694e-05
8.04357e-05
-7.89296e-05
9.91042e-05
-9.60369e-05
0.000108807
-0.000105773
0.000109999
-0.000106086
0.000108521
-8.96184e-05
0.00010183
-4.00536e-05
9.69728e-05
-5.28996e-06
9.66319e-05
1.79665e-06
0.000104247
1.67445e-05
0.000117667
1.61616e-05
0.00014354
3.63938e-05
0.000171999
3.05187e-05
5.75351e-05
0.000245054
6.02017e-06
-3.97878e-05
1.23332e-05
-4.11001e-05
1.88589e-05
-4.25935e-05
2.67818e-05
-4.57735e-05
3.54399e-05
-4.75753e-05
4.52514e-05
-5.27637e-05
5.64187e-05
-5.80173e-05
6.83141e-05
-6.56192e-05
7.98756e-05
-7.28404e-05
9.04987e-05
-8.27925e-05
0.00010014
-8.8571e-05
0.000105417
-0.000101314
0.000108071
-0.000108426
0.000108142
-0.000106157
0.000104459
-8.5935e-05
0.000100097
-3.56922e-05
9.96673e-05
-4.86e-06
0.000102643
-1.17895e-06
0.000112286
7.10168e-06
0.000124211
4.23644e-06
0.000150123
1.04814e-05
0.000174682
5.96032e-06
1.36795e-05
0.000218537
9.75101e-06
-4.95388e-05
1.88451e-05
-5.01941e-05
2.77924e-05
-5.15409e-05
3.65191e-05
-5.45002e-05
4.63442e-05
-5.74003e-05
5.56787e-05
-6.20982e-05
6.49642e-05
-6.73028e-05
7.29833e-05
-7.36382e-05
8.01108e-05
-7.99679e-05
8.55682e-05
-8.82499e-05
9.0327e-05
-9.33299e-05
9.51759e-05
-0.000106163
9.84529e-05
-0.000111703
9.96947e-05
-0.000107399
9.46826e-05
-8.09229e-05
9.16876e-05
-3.26972e-05
9.51667e-05
-8.33913e-06
0.000101115
-7.12678e-06
0.000112312
-4.09536e-06
0.000126551
-1.00032e-05
0.000149147
-1.21141e-05
0.000170339
-1.52321e-05
-1.95688e-05
0.000203587
7.57871e-06
-5.71175e-05
1.53851e-05
-5.80005e-05
2.35782e-05
-5.9734e-05
3.13634e-05
-6.22854e-05
3.94678e-05
-6.55047e-05
4.69564e-05
-6.95868e-05
5.40457e-05
-7.43922e-05
6.03e-05
-7.98925e-05
6.64289e-05
-8.60968e-05
7.2237e-05
-9.4058e-05
7.80082e-05
-9.91011e-05
8.40003e-05
-0.000112155
8.81021e-05
-0.000115805
8.92427e-05
-0.00010854
8.3465e-05
-7.51452e-05
8.18884e-05
-3.11206e-05
8.80473e-05
-1.4498e-05
9.64697e-05
-1.55493e-05
0.000109136
-1.6762e-05
0.000124268
-2.51343e-05
0.000142788
-3.06345e-05
0.000163439
-3.58835e-05
-4.56016e-05
0.000189472
7.29548e-06
-6.4413e-05
1.45969e-05
-6.53019e-05
2.17511e-05
-6.68882e-05
2.8613e-05
-6.91474e-05
3.54184e-05
-7.231e-05
4.19616e-05
-7.61301e-05
4.84955e-05
-8.0926e-05
5.49607e-05
-8.63578e-05
6.13098e-05
-9.24459e-05
6.72973e-05
-0.000100045
7.34604e-05
-0.000105264
7.92249e-05
-0.00011792
8.27596e-05
-0.00011934
8.14281e-05
-0.000107208
7.35716e-05
-6.72887e-05
7.33683e-05
-3.09173e-05
8.05775e-05
-2.17072e-05
9.02948e-05
-2.52666e-05
0.000103493
-2.99602e-05
0.000118378
-4.0019e-05
0.000134735
-4.69924e-05
0.000153896
-5.5044e-05
-6.62532e-05
0.000174547
6.36186e-06
-7.07749e-05
1.26898e-05
-7.16299e-05
1.8935e-05
-7.31333e-05
2.51618e-05
-7.53743e-05
3.13368e-05
-7.8485e-05
3.74619e-05
-8.22551e-05
4.33666e-05
-8.68307e-05
4.91039e-05
-9.20952e-05
5.47345e-05
-9.80764e-05
5.95644e-05
-0.000104875
6.459e-05
-0.00011029
6.98467e-05
-0.000123176
7.28618e-05
-0.000122355
6.88996e-05
-0.000103246
6.12889e-05
-5.9678e-05
6.38278e-05
-3.34561e-05
7.22309e-05
-3.01103e-05
8.31649e-05
-3.62006e-05
9.62468e-05
-4.30422e-05
0.000110249
-5.40214e-05
0.000125262
-6.20056e-05
0.000142198
-7.19795e-05
-8.4766e-05
0.000160711
5.63188e-06
-7.64068e-05
1.12375e-05
-7.72355e-05
1.67731e-05
-7.86689e-05
2.22286e-05
-8.08298e-05
2.74697e-05
-8.37261e-05
3.26049e-05
-8.73903e-05
3.75457e-05
-9.17716e-05
4.23398e-05
-9.68892e-05
4.70507e-05
-0.000102787
5.1776e-05
-0.000109601
5.72328e-05
-0.000115747
6.21541e-05
-0.000128098
6.37582e-05
-0.000123959
5.63826e-05
-9.58706e-05
5.03607e-05
-5.36562e-05
5.50264e-05
-3.81218e-05
6.41987e-05
-3.92826e-05
7.54987e-05
-4.75006e-05
8.78647e-05
-5.54082e-05
0.000100568
-6.67252e-05
0.000114242
-7.56786e-05
0.000129782
-8.75204e-05
-0.000102687
0.000147704
4.89513e-06
-8.13019e-05
9.75373e-06
-8.20941e-05
1.45301e-05
-8.34453e-05
1.91896e-05
-8.54893e-05
2.37663e-05
-8.83028e-05
2.82071e-05
-9.18311e-05
3.25364e-05
-9.61009e-05
3.67468e-05
-0.0001011
4.0871e-05
-0.000106912
4.48107e-05
-0.00011354
4.949e-05
-0.000120426
5.36808e-05
-0.000132288
5.26998e-05
-0.000122978
4.28014e-05
-8.59722e-05
3.98704e-05
-5.07251e-05
4.64098e-05
-4.46612e-05
5.64915e-05
-4.93643e-05
6.71872e-05
-5.81963e-05
7.83815e-05
-6.66026e-05
8.9536e-05
-7.78797e-05
0.000101823
-8.79652e-05
0.000116203
-0.000101901
-0.000119423
0.000132939
4.15506e-06
-8.54569e-05
8.2925e-06
-8.62315e-05
1.2375e-05
-8.75278e-05
1.63525e-05
-8.94668e-05
2.01816e-05
-9.21318e-05
2.38596e-05
-9.55092e-05
2.73359e-05
-9.95772e-05
3.06288e-05
-0.000104393
3.38063e-05
-0.000110089
3.6907e-05
-0.000116641
4.08743e-05
-0.000124393
4.42922e-05
-0.000135706
3.93341e-05
-0.00011802
2.92314e-05
-7.58695e-05
3.04497e-05
-5.19435e-05
3.85317e-05
-5.27432e-05
4.88525e-05
-5.96851e-05
5.83919e-05
-6.77357e-05
6.81623e-05
-7.6373e-05
7.74996e-05
-8.7217e-05
8.79939e-05
-9.84596e-05
0.000100115
-0.000114022
-0.000134199
0.000114891
3.3855e-06
-8.88424e-05
6.76454e-06
-8.96106e-05
1.01477e-05
-9.0911e-05
1.34981e-05
-9.28171e-05
1.66838e-05
-9.53176e-05
1.96546e-05
-9.848e-05
2.2396e-05
-0.000102319
2.48531e-05
-0.00010685
2.69772e-05
-0.000112213
2.89326e-05
-0.000118597
3.16473e-05
-0.000127108
3.36535e-05
-0.000137713
2.38753e-05
-0.000108241
1.6275e-05
-6.82693e-05
2.22401e-05
-5.79086e-05
3.1753e-05
-6.22561e-05
4.11413e-05
-6.90734e-05
4.955e-05
-7.61443e-05
5.7753e-05
-8.45759e-05
6.5149e-05
-9.46131e-05
7.39459e-05
-0.000107256
8.24052e-05
-0.000122481
-0.000145431
9.36375e-05
2.85925e-06
-9.17017e-05
5.65833e-06
-9.24096e-05
8.37067e-06
-9.36233e-05
1.10365e-05
-9.54829e-05
1.35835e-05
-9.78646e-05
1.59425e-05
-0.000100839
1.80366e-05
-0.000104413
1.97061e-05
-0.000108519
2.0679e-05
-0.000113186
2.08057e-05
-0.000118723
2.01025e-05
-0.000126405
1.62695e-05
-0.00013388
6.28001e-06
-9.82519e-05
5.80108e-06
-6.77903e-05
1.57222e-05
-6.78297e-05
2.58263e-05
-7.23602e-05
3.41155e-05
-7.73625e-05
4.16596e-05
-8.36885e-05
4.83065e-05
-9.12228e-05
5.38957e-05
-0.000100202
6.06175e-05
-0.000113978
5.99893e-05
-0.000121853
-0.000180929
9.54866e-05
2.50617e-06
-9.42079e-05
4.9163e-06
-9.48198e-05
7.16312e-06
-9.58701e-05
9.19949e-06
-9.75193e-05
1.11004e-05
-9.97655e-05
1.28763e-05
-0.000102615
1.44266e-05
-0.000105963
1.545e-05
-0.000109543
1.53265e-05
-0.000113062
1.293e-05
-0.000116327
5.36403e-06
-0.000118839
-7.88009e-06
-0.000120635
-1.00217e-05
-9.61103e-05
-6.73086e-08
-7.77448e-05
1.22001e-05
-8.00971e-05
2.12437e-05
-8.14038e-05
2.86982e-05
-8.48171e-05
3.53925e-05
-9.03827e-05
3.9546e-05
-9.53763e-05
3.82937e-05
-9.89499e-05
4.30051e-05
-0.00011869
4.44192e-05
-0.000123267
-0.000107775
-2.87344e-05
1.89209e-06
-9.61e-05
3.65882e-06
-9.65865e-05
5.18194e-06
-9.73933e-05
6.3063e-06
-9.86437e-05
7.05848e-06
-0.000100518
7.80503e-06
-0.000103361
9.19497e-06
-0.000107353
1.18937e-05
-0.000112241
1.39661e-05
-0.000115135
7.83575e-06
-0.000110196
-1.5201e-05
-9.5802e-05
-2.52765e-05
-0.00011056
-1.44846e-05
-0.000106902
3.0395e-07
-9.25333e-05
1.07916e-05
-9.05848e-05
1.72014e-05
-8.78136e-05
2.02112e-05
-8.78269e-05
2.5357e-05
-9.55286e-05
2.52003e-05
-9.52196e-05
2.02018e-05
-9.39514e-05
-1.49553e-05
-8.35325e-05
-7.70412e-05
-6.11807e-05
-5.89199e-05
-0.000125897
1.04722e-06
-9.71472e-05
2.05711e-06
-9.75964e-05
3.14525e-06
-9.84814e-05
4.38217e-06
-9.98806e-05
6.32744e-06
-0.000102463
9.04326e-06
-0.000106077
1.02425e-05
-0.000108552
4.45511e-06
-0.000106454
-1.02891e-05
-0.000100391
-3.26918e-05
-8.77937e-05
-5.22229e-05
-7.6271e-05
-4.3388e-05
-0.000119395
-1.60212e-05
-0.000134269
4.96798e-07
-0.000109051
5.86518e-06
-9.59532e-05
7.36977e-06
-8.93182e-05
5.85407e-06
-8.63112e-05
-1.14087e-05
-7.82658e-05
-4.01785e-05
-6.64498e-05
-6.91943e-05
-6.49356e-05
-7.5839e-05
-7.68878e-05
-7.36171e-05
-6.34026e-05
-7.56044e-06
-0.000124977
-7.16529e-06
-8.99819e-05
-1.45564e-05
-9.02053e-05
-2.23299e-05
-9.07079e-05
-3.03311e-05
-9.18794e-05
-3.9105e-05
-9.3689e-05
-4.76038e-05
-9.75785e-05
-5.64135e-05
-9.97423e-05
-6.13865e-05
-0.000101481
-5.26499e-05
-0.000109127
-2.77977e-05
-0.000112646
1.43011e-05
-0.00011837
2.78903e-05
-0.000132984
4.87364e-06
-0.000111252
-2.6619e-05
-7.75587e-05
-5.45275e-05
-6.80447e-05
-7.661e-05
-6.72357e-05
-9.13824e-05
-7.15388e-05
-8.93624e-05
-8.02857e-05
-5.80111e-05
-9.78011e-05
-3.03813e-05
-9.25654e-05
-4.75185e-05
-5.97506e-05
-0.000101249
-9.67207e-06
2.44372e-05
-0.000133247
-4.70517e-06
-8.52767e-05
-8.26769e-06
-8.66428e-05
-1.08963e-05
-8.80792e-05
-1.26582e-05
-9.01176e-05
-1.35168e-05
-9.28304e-05
-1.50124e-05
-9.60829e-05
-1.59301e-05
-9.88246e-05
-1.63088e-05
-0.000101102
-2.11899e-05
-0.000104246
-2.74955e-05
-0.00010634
-3.79878e-05
-0.000107878
-5.99999e-05
-0.000110972
-7.52964e-05
-9.59558e-05
-7.65551e-05
-7.63e-05
-7.10147e-05
-7.35851e-05
-5.91574e-05
-7.9093e-05
-4.48872e-05
-8.58091e-05
-3.40948e-05
-9.10781e-05
-4.08887e-05
-9.10072e-05
-6.70711e-05
-6.6383e-05
-0.000111341
-1.54812e-05
-0.000134271
1.32579e-05
2.25408e-05
-0.000132374
-7.72853e-07
-8.45038e-05
-1.49793e-06
-8.59177e-05
-3.01783e-06
-8.65593e-05
-5.56169e-06
-8.75737e-05
-9.38234e-06
-8.90097e-05
-1.45327e-05
-9.09326e-05
-2.05395e-05
-9.28177e-05
-2.69596e-05
-9.46824e-05
-3.49144e-05
-9.62914e-05
-4.45049e-05
-9.67498e-05
-5.47917e-05
-9.75907e-05
-6.64495e-05
-9.9314e-05
-7.25161e-05
-8.98892e-05
-6.89357e-05
-7.98805e-05
-6.65168e-05
-7.60041e-05
-6.9993e-05
-7.56168e-05
-7.81518e-05
-7.76502e-05
-8.98897e-05
-7.93403e-05
-0.000108506
-7.23913e-05
-0.000129266
-4.56228e-05
-0.000137299
-7.44787e-06
-0.000132801
8.75992e-06
1.56553e-05
-0.000125916
-2.93172e-06
-8.15721e-05
-5.67473e-06
-8.31747e-05
-8.52085e-06
-8.37132e-05
-1.15748e-05
-8.45197e-05
-1.49969e-05
-8.55877e-05
-1.91191e-05
-8.68103e-05
-2.39582e-05
-8.79787e-05
-2.96648e-05
-8.89757e-05
-3.6365e-05
-8.95912e-05
-4.35004e-05
-8.96144e-05
-5.11806e-05
-8.99106e-05
-6.10556e-05
-8.94389e-05
-6.84555e-05
-8.24893e-05
-7.30601e-05
-7.52758e-05
-7.80771e-05
-7.09872e-05
-8.47351e-05
-6.89588e-05
-9.42572e-05
-6.81281e-05
-0.000107766
-6.58318e-05
-0.000123042
-5.71146e-05
-0.000131688
-3.69768e-05
-0.000128609
-1.05272e-05
-0.00012261
2.7607e-06
8.53725e-06
-0.000115492
-2.4122e-06
-7.91599e-05
-4.95333e-06
-8.06335e-05
-7.71885e-06
-8.09477e-05
-1.07958e-05
-8.14428e-05
-1.43512e-05
-8.20323e-05
-1.85163e-05
-8.26452e-05
-2.33517e-05
-8.31433e-05
-2.89283e-05
-8.33991e-05
-3.52605e-05
-8.3259e-05
-4.21846e-05
-8.26904e-05
-5.02326e-05
-8.18626e-05
-5.96765e-05
-7.9995e-05
-6.64136e-05
-7.57522e-05
-7.06704e-05
-7.10191e-05
-7.49314e-05
-6.67262e-05
-8.08544e-05
-6.30358e-05
-8.98056e-05
-5.91768e-05
-0.00010183
-5.38079e-05
-0.000113158
-4.57859e-05
-0.000117752
-3.23828e-05
-0.000114314
-1.39658e-05
-0.00010886
-2.6932e-06
3.71433e-06
-0.000104037
-2.74931e-06
-7.64106e-05
-5.59683e-06
-7.7786e-05
-8.62306e-06
-7.79215e-05
-1.19162e-05
-7.81496e-05
-1.55782e-05
-7.83704e-05
-1.96862e-05
-7.85372e-05
-2.42821e-05
-7.85473e-05
-2.93724e-05
-7.83088e-05
-3.48875e-05
-7.7744e-05
-4.07731e-05
-7.68048e-05
-4.72472e-05
-7.53885e-05
-5.41354e-05
-7.31069e-05
-6.00081e-05
-6.98794e-05
-6.51427e-05
-6.58846e-05
-7.00428e-05
-6.1826e-05
-7.54425e-05
-5.76362e-05
-8.19326e-05
-5.26867e-05
-8.94892e-05
-4.62513e-05
-9.70179e-05
-3.82573e-05
-0.000101458
-2.79428e-05
-9.98964e-05
-1.55272e-05
-9.69271e-05
-5.6625e-06
2.06988e-06
-9.52827e-05
-2.93207e-06
-7.34785e-05
-5.95591e-06
-7.47622e-05
-9.1112e-06
-7.47662e-05
-1.24607e-05
-7.48001e-05
-1.60471e-05
-7.4784e-05
-1.99076e-05
-7.46767e-05
-2.40521e-05
-7.44028e-05
-2.84731e-05
-7.38878e-05
-3.31544e-05
-7.30626e-05
-3.81157e-05
-7.18435e-05
-4.34714e-05
-7.00327e-05
-4.9142e-05
-6.74363e-05
-5.47712e-05
-6.42503e-05
-6.01294e-05
-6.05264e-05
-6.56084e-05
-5.6347e-05
-7.15283e-05
-5.17163e-05
-7.75162e-05
-4.66988e-05
-8.22979e-05
-4.14696e-05
-8.56388e-05
-3.49164e-05
-8.8054e-05
-2.55276e-05
-8.83817e-05
-1.51996e-05
-8.76422e-05
-6.40194e-06
1.08388e-06
-8.66563e-05
-2.94454e-06
-7.0534e-05
-5.98521e-06
-7.17215e-05
-9.12295e-06
-7.16284e-05
-1.24127e-05
-7.15103e-05
-1.58919e-05
-7.13048e-05
-1.95969e-05
-7.09717e-05
-2.35453e-05
-7.04544e-05
-2.77391e-05
-6.96941e-05
-3.21822e-05
-6.86195e-05
-3.69025e-05
-6.71232e-05
-4.18458e-05
-6.50895e-05
-4.67667e-05
-6.25154e-05
-5.15347e-05
-5.94822e-05
-5.60088e-05
-5.60523e-05
-6.01605e-05
-5.21953e-05
-6.40889e-05
-4.7788e-05
-6.80918e-05
-4.26959e-05
-7.26998e-05
-3.68615e-05
-7.76538e-05
-2.99625e-05
-8.07881e-05
-2.23932e-05
-8.12499e-05
-1.47378e-05
-8.02083e-05
-7.44352e-06
8.5887e-08
-7.92103e-05
-2.89074e-06
-6.76432e-05
-5.86135e-06
-6.87509e-05
-8.91231e-06
-6.85775e-05
-1.20846e-05
-6.8338e-05
-1.54155e-05
-6.79739e-05
-1.89371e-05
-6.74501e-05
-2.26699e-05
-6.67216e-05
-2.66235e-05
-6.57404e-05
-3.07864e-05
-6.44566e-05
-3.51011e-05
-6.28085e-05
-3.9448e-05
-6.07427e-05
-4.37203e-05
-5.8243e-05
-4.79146e-05
-5.52879e-05
-5.2126e-05
-5.18409e-05
-5.63622e-05
-4.79591e-05
-6.05477e-05
-4.36025e-05
-6.44362e-05
-3.88074e-05
-6.77721e-05
-3.35257e-05
-7.0131e-05
-2.76036e-05
-7.15202e-05
-2.1004e-05
-7.23151e-05
-1.39429e-05
-7.27878e-05
-6.97085e-06
-3.85059e-07
-7.23169e-05
-2.82961e-06
-6.48136e-05
-5.73912e-06
-6.58414e-05
-8.70972e-06
-6.56069e-05
-1.17737e-05
-6.5274e-05
-1.49528e-05
-6.47949e-05
-1.82622e-05
-6.41407e-05
-2.1707e-05
-6.32767e-05
-2.52847e-05
-6.21628e-05
-2.89889e-05
-6.07523e-05
-3.27995e-05
-5.89979e-05
-3.66726e-05
-5.68697e-05
-4.05556e-05
-5.436e-05
-4.43779e-05
-5.14657e-05
-4.80433e-05
-4.81755e-05
-5.1546e-05
-4.44564e-05
-5.48405e-05
-4.0308e-05
-5.79338e-05
-3.57141e-05
-6.08217e-05
-3.06377e-05
-6.33715e-05
-2.50539e-05
-6.52623e-05
-1.91132e-05
-6.61761e-05
-1.30291e-05
-6.62395e-05
-6.90743e-06
-8.15321e-07
-6.58093e-05
-2.73021e-06
-6.20834e-05
-5.52355e-06
-6.3048e-05
-8.36501e-06
-6.27654e-05
-1.12775e-05
-6.23615e-05
-1.42796e-05
-6.17928e-05
-1.73834e-05
-6.10369e-05
-2.05942e-05
-6.0066e-05
-2.39079e-05
-5.88491e-05
-2.73069e-05
-5.73534e-05
-3.0756e-05
-5.55488e-05
-3.42123e-05
-5.34134e-05
-3.76426e-05
-5.09296e-05
-4.10261e-05
-4.80823e-05
-4.43359e-05
-4.48658e-05
-4.75138e-05
-4.12785e-05
-5.0509e-05
-3.73128e-05
-5.32529e-05
-3.29702e-05
-5.56459e-05
-2.82447e-05
-5.75464e-05
-2.31534e-05
-5.89016e-05
-1.77579e-05
-5.97488e-05
-1.21818e-05
-6.00666e-05
-6.5897e-06
-1.03776e-06
-5.98441e-05
-2.60076e-06
-5.94826e-05
-5.26011e-06
-6.03887e-05
-7.95434e-06
-6.00712e-05
-1.07018e-05
-5.9614e-05
-1.35147e-05
-5.89799e-05
-1.64002e-05
-5.81514e-05
-1.93595e-05
-5.71067e-05
-2.23867e-05
-5.58219e-05
-2.54673e-05
-5.42728e-05
-2.85781e-05
-5.24379e-05
-3.16909e-05
-5.03006e-05
-3.47726e-05
-4.78479e-05
-3.77848e-05
-4.50701e-05
-4.06912e-05
-4.19593e-05
-4.34583e-05
-3.85114e-05
-4.60423e-05
-3.47289e-05
-4.8396e-05
-3.06164e-05
-5.04551e-05
-2.61855e-05
-5.2143e-05
-2.14654e-05
-5.33865e-05
-1.65145e-05
-5.41457e-05
-1.14227e-05
-5.44392e-05
-6.29618e-06
-1.17736e-06
-5.42996e-05
-2.45712e-06
-5.70255e-05
-4.96335e-06
-5.78824e-05
-7.49505e-06
-5.75395e-05
-1.00657e-05
-5.70433e-05
-1.26832e-05
-5.63624e-05
-1.53516e-05
-5.5483e-05
-1.80698e-05
-5.43885e-05
-2.08307e-05
-5.30609e-05
-2.36207e-05
-5.14828e-05
-2.64204e-05
-4.96383e-05
-2.92066e-05
-4.75144e-05
-3.19538e-05
-4.51007e-05
-3.46337e-05
-4.23901e-05
-3.72134e-05
-3.93797e-05
-3.96551e-05
-3.60697e-05
-4.19193e-05
-3.24648e-05
-4.39607e-05
-2.85751e-05
-4.57277e-05
-2.44185e-05
-4.71677e-05
-2.00254e-05
-4.82412e-05
-1.54409e-05
-4.89313e-05
-1.07325e-05
-4.92419e-05
-5.98565e-06
-1.24335e-06
-4.91759e-05
-2.2963e-06
-5.47292e-05
-4.63597e-06
-5.55428e-05
-6.99313e-06
-5.51823e-05
-9.37784e-06
-5.46586e-05
-1.17951e-05
-5.39451e-05
-1.42467e-05
-5.30314e-05
-1.67302e-05
-5.1905e-05
-1.92384e-05
-5.05527e-05
-2.17596e-05
-4.89617e-05
-2.42773e-05
-4.71205e-05
-2.6772e-05
-4.50198e-05
-2.92203e-05
-4.26524e-05
-3.15963e-05
-4.00142e-05
-3.38716e-05
-3.71044e-05
-3.60152e-05
-3.3926e-05
-3.79933e-05
-3.04867e-05
-3.97691e-05
-2.67993e-05
-4.13034e-05
-2.28842e-05
-4.25584e-05
-1.87704e-05
-4.35033e-05
-1.4496e-05
-4.41232e-05
-1.01126e-05
-4.44221e-05
-5.6868e-06
-1.26287e-06
-4.44026e-05
-2.12625e-06
-5.2603e-05
-4.28978e-06
-5.33792e-05
-6.46482e-06
-5.30072e-05
-8.65868e-06
-5.24648e-05
-1.08741e-05
-5.17297e-05
-1.3111e-05
-5.07945e-05
-1.53664e-05
-4.96497e-05
-1.76331e-05
-4.82859e-05
-1.99008e-05
-4.6694e-05
-2.21555e-05
-4.48659e-05
-2.43801e-05
-4.27951e-05
-2.6555e-05
-4.04775e-05
-2.86577e-05
-3.79115e-05
-3.06634e-05
-3.50986e-05
-3.25454e-05
-3.20441e-05
-3.4275e-05
-2.87571e-05
-3.58221e-05
-2.52521e-05
-3.7157e-05
-2.15493e-05
-3.82517e-05
-1.76757e-05
-3.90839e-05
-1.36638e-05
-3.96417e-05
-9.55476e-06
-3.99261e-05
-5.40236e-06
-1.24937e-06
-3.99397e-05
-1.94854e-06
-5.06544e-05
-3.92932e-06
-5.13984e-05
-5.91709e-06
-5.10195e-05
-7.91706e-06
-5.04648e-05
-9.93037e-06
-4.97164e-05
-1.1956e-05
-4.87689e-05
-1.39902e-05
-4.76155e-05
-1.60265e-05
-4.62496e-05
-1.80555e-05
-4.4665e-05
-2.00651e-05
-4.28563e-05
-2.20404e-05
-4.08198e-05
-2.39645e-05
-3.85535e-05
-2.58181e-05
-3.6058e-05
-2.75801e-05
-3.33366e-05
-2.92281e-05
-3.03961e-05
-3.07382e-05
-2.72469e-05
-3.20866e-05
-2.39037e-05
-3.32498e-05
-2.03862e-05
-3.42067e-05
-1.67188e-05
-3.49402e-05
-1.29302e-05
-3.54407e-05
-9.0543e-06
-3.57078e-05
-5.1352e-06
-1.21377e-06
-3.57434e-05
-1.76604e-06
-4.88884e-05
-3.55971e-06
-4.96048e-05
-5.35712e-06
-4.92221e-05
-7.16194e-06
-4.866e-05
-8.97415e-06
-4.79042e-05
-1.0792e-05
-4.6951e-05
-1.26116e-05
-4.57959e-05
-1.44268e-05
-4.44344e-05
-1.62294e-05
-4.28624e-05
-1.80087e-05
-4.1077e-05
-1.9752e-05
-3.90765e-05
-2.14447e-05
-3.68608e-05
-2.30704e-05
-3.44322e-05
-2.46115e-05
-3.17955e-05
-2.60491e-05
-2.89585e-05
-2.73639e-05
-2.59321e-05
-2.85366e-05
-2.27311e-05
-2.95487e-05
-1.9374e-05
-3.03843e-05
-1.58832e-05
-3.10301e-05
-1.22844e-05
-3.14779e-05
-8.60646e-06
-3.17268e-05
-4.8863e-06
-1.16148e-06
-3.17791e-05
-1.58033e-06
-4.7308e-05
-3.18419e-06
-4.80009e-05
-4.78962e-06
-4.76166e-05
-6.39916e-06
-4.70504e-05
-8.012e-06
-4.62914e-05
-9.62592e-06
-4.53371e-05
-1.1237e-05
-4.41848e-05
-1.28398e-05
-4.28316e-05
-1.44267e-05
-4.12755e-05
-1.59886e-05
-3.95151e-05
-1.75146e-05
-3.75504e-05
-1.89924e-05
-3.5383e-05
-2.04081e-05
-3.30165e-05
-2.1747e-05
-3.04566e-05
-2.29937e-05
-2.77119e-05
-2.41323e-05
-2.47935e-05
-2.51475e-05
-2.17159e-05
-2.6025e-05
-1.84965e-05
-2.67521e-05
-1.51561e-05
-2.73186e-05
-1.17178e-05
-2.7718e-05
-8.20707e-06
-2.79489e-05
-4.65541e-06
-1.09743e-06
-2.80129e-05
-1.39254e-06
-4.59155e-05
-2.80507e-06
-4.65884e-05
-4.21793e-06
-4.62038e-05
-5.63289e-06
-4.56354e-05
-7.04855e-06
-4.48757e-05
-8.4624e-06
-4.39233e-05
-9.8707e-06
-4.27765e-05
-1.12684e-05
-4.1434e-05
-1.26489e-05
-3.9895e-05
-1.40045e-05
-3.81596e-05
-1.53258e-05
-3.62291e-05
-1.66024e-05
-3.41064e-05
-1.7823e-05
-3.17959e-05
-1.89754e-05
-2.93043e-05
-2.00468e-05
-2.66404e-05
-2.10247e-05
-2.38156e-05
-2.18969e-05
-2.08437e-05
-2.26522e-05
-1.77412e-05
-2.32809e-05
-1.45275e-05
-2.3775e-05
-1.12236e-05
-2.41295e-05
-7.85263e-06
-2.43428e-05
-4.44206e-06
-1.02349e-06
-2.44168e-05
-1.20283e-06
-4.47127e-05
-2.42346e-06
-4.53677e-05
-3.64399e-06
-4.49833e-05
-4.8656e-06
-4.44138e-05
-6.08651e-06
-4.36548e-05
-7.30404e-06
-4.27057e-05
-8.51466e-06
-4.15658e-05
-9.71386e-06
-4.02348e-05
-1.08961e-05
-3.87128e-05
-1.20546e-05
-3.70011e-05
-1.31817e-05
-3.5102e-05
-1.42689e-05
-3.30192e-05
-1.53066e-05
-3.07582e-05
-1.62851e-05
-2.83259e-05
-1.71941e-05
-2.57314e-05
-1.80235e-05
-2.29861e-05
-1.8764e-05
-2.01032e-05
-1.94069e-05
-1.70984e-05
-1.99448e-05
-1.39896e-05
-2.0372e-05
-1.07965e-05
-2.06843e-05
-7.54027e-06
-2.08809e-05
-4.24548e-06
-9.40957e-07
-2.09634e-05
-1.01007e-06
-4.37026e-05
-2.03947e-06
-4.43383e-05
-3.06828e-06
-4.39544e-05
-4.09791e-06
-4.33842e-05
-5.12636e-06
-4.26263e-05
-6.15086e-06
-4.16812e-05
-7.16821e-06
-4.05485e-05
-8.17455e-06
-3.92284e-05
-9.1652e-06
-3.77221e-05
-1.01347e-05
-3.60316e-05
-1.10766e-05
-3.41601e-05
-1.1984e-05
-3.21119e-05
-1.28491e-05
-2.9893e-05
-1.36641e-05
-2.75109e-05
-1.4421e-05
-2.49746e-05
-1.51118e-05
-2.22953e-05
-1.57293e-05
-1.94856e-05
-1.62673e-05
-1.65605e-05
-1.67203e-05
-1.35366e-05
-1.70843e-05
-1.04325e-05
-1.73567e-05
-7.26788e-06
-1.75372e-05
-4.06491e-06
-8.50213e-07
-1.7628e-05
-8.1311e-07
-4.28895e-05
-1.65235e-06
-4.34991e-05
-2.49005e-06
-4.31167e-05
-3.32812e-06
-4.25461e-05
-4.16488e-06
-4.17896e-05
-4.99787e-06
-4.08482e-05
-5.8245e-06
-3.97219e-05
-6.64183e-06
-3.84111e-05
-7.44615e-06
-3.69178e-05
-8.23307e-06
-3.52447e-05
-8.99755e-06
-3.33956e-05
-9.73387e-06
-3.13756e-05
-1.04358e-05
-2.9191e-05
-1.1097e-05
-2.68497e-05
-1.17109e-05
-2.43607e-05
-1.22715e-05
-2.17346e-05
-1.27735e-05
-1.89837e-05
-1.32124e-05
-1.61216e-05
-1.3585e-05
-1.3164e-05
-1.38886e-05
-1.01288e-05
-1.41221e-05
-7.03444e-06
-1.42867e-05
-3.90023e-06
-7.50453e-07
-1.43865e-05
-6.10628e-07
-4.22789e-05
-1.2652e-06
-4.28445e-05
-1.91318e-06
-4.24688e-05
-2.55696e-06
-4.19023e-05
-3.19698e-06
-4.11496e-05
-3.83303e-06
-4.02122e-05
-4.46425e-06
-3.90906e-05
-5.08933e-06
-3.7786e-05
-5.70644e-06
-3.63007e-05
-6.31257e-06
-3.46386e-05
-6.90389e-06
-3.28043e-05
-7.47622e-06
-3.08032e-05
-8.02465e-06
-2.86426e-05
-8.54371e-06
-2.63307e-05
-9.02763e-06
-2.38768e-05
-9.47082e-06
-2.12915e-05
-9.86839e-06
-1.85861e-05
-1.02169e-05
-1.5773e-05
-1.0515e-05
-1.2866e-05
-1.07616e-05
-9.88225e-06
-1.09565e-05
-6.8395e-06
-1.1105e-05
-3.75173e-06
-6.41926e-07
-1.12135e-05
-4.16406e-07
-4.18625e-05
-9.03887e-07
-4.2357e-05
-1.37647e-06
-4.19962e-05
-1.83042e-06
-4.14484e-05
-2.26682e-06
-4.07132e-05
-2.69179e-06
-3.97872e-05
-3.10811e-06
-3.86743e-05
-3.51675e-06
-3.73774e-05
-3.91831e-06
-3.58992e-05
-4.31382e-06
-3.42431e-05
-4.70415e-06
-3.24139e-05
-5.08966e-06
-3.04177e-05
-5.47028e-06
-2.8262e-05
-5.84499e-06
-2.59559e-05
-6.2114e-06
-2.35104e-05
-6.56488e-06
-2.0938e-05
-6.89791e-06
-1.82531e-05
-7.19967e-06
-1.54713e-05
-7.45738e-06
-1.26083e-05
-7.66471e-06
-9.67492e-06
-7.82601e-06
-6.67821e-06
-7.9555e-06
-3.62224e-06
-5.05821e-07
-8.09161e-06
-2.81443e-07
-4.1581e-05
-6.62055e-07
-4.19764e-05
-1.04631e-06
-4.16119e-05
-1.42827e-06
-4.10664e-05
-1.80123e-06
-4.03402e-05
-2.15605e-06
-3.94324e-05
-2.48746e-06
-3.83429e-05
-2.79146e-06
-3.70734e-05
-3.06457e-06
-3.56261e-05
-3.30385e-06
-3.40038e-05
-3.50751e-06
-3.22103e-05
-3.67517e-06
-3.02501e-05
-3.80808e-06
-2.81291e-05
-3.90933e-06
-2.58547e-05
-3.98472e-06
-2.3435e-05
-4.04331e-06
-2.08794e-05
-4.09795e-06
-1.81984e-05
-4.16531e-06
-1.54039e-05
-4.26381e-06
-1.25098e-05
-4.40409e-06
-9.53465e-06
-4.58329e-06
-6.49902e-06
-4.78061e-06
-3.42492e-06
-3.51417e-07
-4.93504e-06
-2.69977e-07
-6.9356e-07
-1.09137e-06
-1.46365e-06
-1.81452e-06
-2.14266e-06
-2.44469e-06
-2.7167e-06
-2.95455e-06
-3.15406e-06
-3.31115e-06
-3.42199e-06
-3.48339e-06
-3.4932e-06
-3.45012e-06
-3.35397e-06
-3.20591e-06
-3.00895e-06
-2.76918e-06
-2.49914e-06
-2.22397e-06
-1.99623e-06
-1.9272e-06
0.000228164
7.67222e-05
0.000180375
4.77887e-05
0.000155592
2.47833e-05
7.30676e-06
0.000148285
0.000294089
5.36951e-05
0.000310902
3.0975e-05
0.000322949
1.27362e-05
-3.92208e-06
0.000334178
0.000278236
2.05133e-05
0.000298663
1.05475e-05
0.000309404
1.99533e-06
-8.90481e-06
0.000314387
0.000239709
-6.57989e-07
0.000255599
-5.34291e-06
0.000268651
-1.10567e-05
-1.79058e-05
0.000277652
0.000218314
-1.53847e-05
0.000230595
-1.76241e-05
0.000241702
-2.21635e-05
-2.71312e-05
0.000250928
0.000199495
-2.54077e-05
0.000209896
-2.80254e-05
0.000221078
-3.33451e-05
-3.65283e-05
0.000230475
0.000183902
-3.47621e-05
0.000195137
-3.92604e-05
0.000204997
-4.32049e-05
-4.5405e-05
0.000213873
0.000171274
-4.53255e-05
0.000181135
-4.91207e-05
0.0001895
-5.15702e-05
-5.4754e-05
0.000198849
0.000157222
-5.48435e-05
0.000165461
-5.73599e-05
0.000174784
-6.08938e-05
-6.53105e-05
0.000185341
0.000140647
-6.25516e-05
0.000149787
-6.64996e-05
0.000159713
-7.082e-05
-7.3404e-05
0.000167806
0.000123328
-7.0989e-05
0.000131776
-7.49477e-05
0.000131044
-7.00875e-05
-6.4688e-05
0.000122328
9.22531e-05
-6.96046e-05
9.71277e-05
-7.98222e-05
7.81894e-05
-5.11493e-05
-4.18092e-06
1.76823e-05
7.07305e-05
-4.48486e-05
3.06511e-05
-3.97427e-05
-4.57055e-05
2.52073e-05
2.21396e-05
-7.2026e-05
-7.39402e-05
3.5716e-07
-0.000124271
1.05883e-05
-0.000131064
3.20001e-05
3.15134e-05
-0.000140438
-0.000124606
-9.33707e-07
-0.000130568
1.65505e-05
-0.000123928
2.53599e-05
2.89916e-05
-0.000121406
-0.00014425
1.83392e-05
-0.000147364
1.96647e-05
-0.000143067
2.10635e-05
2.2534e-05
-0.00013661
-0.000131362
1.64542e-05
-0.000129253
1.75564e-05
-0.000127894
1.97037e-05
2.17678e-05
-0.000127128
-0.000129115
1.3195e-05
-0.00012624
1.46815e-05
-0.000123954
1.74171e-05
1.92905e-05
-0.000121476
-0.000123068
1.0347e-05
-0.000120867
1.24806e-05
-0.000117303
1.38533e-05
1.44114e-05
-0.000112424
-0.000112963
7.818e-06
-0.000109639
9.15712e-06
-0.000105539
9.75253e-06
1.15565e-05
-0.000102684
-0.000101306
5.08757e-06
-9.86403e-05
6.491e-06
-9.7096e-05
8.20827e-06
1.1198e-05
-9.67376e-05
-9.35858e-05
3.39063e-06
-9.20644e-05
4.9696e-06
-9.08954e-05
7.03926e-06
9.91513e-06
-8.96125e-05
-8.605e-05
2.78432e-06
-8.56353e-05
4.55498e-06
-8.49772e-05
6.38115e-06
8.53444e-06
-8.35965e-05
-7.89554e-05
2.52932e-06
-7.84133e-05
4.0129e-06
-7.77952e-05
5.7631e-06
7.30104e-06
-7.65618e-05
-7.18756e-05
2.08802e-06
-7.14362e-05
3.57355e-06
-7.07253e-05
5.0522e-06
6.39328e-06
-6.98175e-05
-6.54848e-05
1.76352e-06
-6.50075e-05
3.09629e-06
-6.43981e-05
4.44277e-06
5.67099e-06
-6.36758e-05
-5.95519e-05
1.47131e-06
-5.91644e-05
2.70871e-06
-5.86581e-05
3.93652e-06
5.08745e-06
-5.80746e-05
-5.4083e-05
1.2547e-06
-5.37699e-05
2.39556e-06
-5.33644e-05
3.53104e-06
4.61182e-06
-5.28887e-05
-4.90091e-05
1.0879e-06
-4.87621e-05
2.14854e-06
-4.84351e-05
3.20408e-06
4.22169e-06
-4.80449e-05
-4.42784e-05
9.63722e-07
-4.4084e-05
1.95413e-06
-4.38202e-05
2.94034e-06
3.89987e-06
-4.34984e-05
-3.98473e-05
8.71397e-07
-3.96944e-05
1.80116e-06
-3.94813e-05
2.72724e-06
3.63423e-06
-3.92156e-05
-3.56763e-05
8.043e-07
-3.5557e-05
1.68179e-06
-3.53854e-05
2.55573e-06
3.41565e-06
-3.51669e-05
-3.17319e-05
7.5715e-07
-3.16398e-05
1.58965e-06
-3.15029e-05
2.41888e-06
3.23737e-06
-3.13247e-05
-2.79825e-05
7.26742e-07
-2.79138e-05
1.52095e-06
-2.78069e-05
2.31192e-06
3.0943e-06
-2.76638e-05
-2.44007e-05
7.10703e-07
-2.43524e-05
1.47257e-06
-2.42718e-05
2.23133e-06
2.98285e-06
-2.41603e-05
-2.09605e-05
7.07713e-07
-2.09308e-05
1.44291e-06
-2.08744e-05
2.17497e-06
2.90055e-06
-2.07921e-05
-1.76376e-05
7.17273e-07
-1.76257e-05
1.43108e-06
-1.75924e-05
2.14167e-06
2.84613e-06
-1.7538e-05
-1.44087e-05
7.3945e-07
-1.44149e-05
1.43728e-06
-1.44047e-05
2.13147e-06
2.81946e-06
-1.4378e-05
-1.12506e-05
7.76484e-07
-1.12764e-05
1.46313e-06
-1.12907e-05
2.14576e-06
2.82174e-06
-1.1293e-05
-8.14208e-06
8.26946e-07
-8.18877e-06
1.50983e-06
-8.23002e-06
2.18699e-06
2.85509e-06
-8.26338e-06
-5.03185e-06
9.23754e-07
-5.13078e-06
1.60873e-06
-5.22146e-06
2.27765e-06
2.93787e-06
-5.30425e-06
-1.91013e-06
-1.91327e-06
-1.93548e-06
-1.97065e-06
0.000204107
-3.67033e-05
0.000262305
-8.48544e-05
0.000307205
-0.000131952
0.000322914
-0.000165692
0.000321045
-0.000179598
0.000310359
-0.000181611
0.000301978
-0.00018569
0.000295497
-0.000193479
0.000287013
-0.000202118
0.000188108
-7.54995e-05
6.66972e-05
7.86186e-05
-3.92909e-06
0.000140628
-2.89272e-05
0.000188672
-1.58528e-05
0.000219228
7.96545e-06
0.000220928
2.10066e-05
0.000206452
2.06506e-05
0.000188917
1.21555e-05
0.000175096
0.000166942
0.000344835
-4.73603e-05
0.000346996
-8.70156e-05
0.000343918
-0.000128874
0.000337122
-0.000158895
0.000325253
-0.000167729
0.000310342
-0.000166699
0.000302296
-0.000177644
0.000300675
-0.000191858
0.000231078
-0.000132521
9.79216e-05
5.76565e-05
1.8574e-05
0.000157966
-1.85916e-05
0.000177793
-2.64442e-05
0.000196524
-1.46838e-05
0.000207468
-8.86536e-08
0.000206333
8.48886e-06
0.000197875
9.93748e-06
0.000187469
6.22585e-06
0.000178808
0.000173168
0.000322167
-5.51402e-05
0.000326107
-9.09559e-05
0.000324328
-0.000127095
0.000316451
-0.000151019
0.000303999
-0.000155277
0.000296196
-0.000158896
0.000291383
-0.000172832
0.000266778
-0.000167253
0.000136103
-1.84664e-06
3.34821e-05
0.000160277
-3.39431e-06
0.000194843
-1.96715e-05
0.000194071
-2.1069e-05
0.000197921
-1.36195e-05
0.000200019
-4.84309e-06
0.000197556
1.12688e-06
0.000191905
3.33396e-06
0.000185262
2.44487e-06
0.000179697
0.000175613
0.000288841
-6.63293e-05
0.000298377
-0.000100492
0.000301895
-0.000130612
0.000295638
-0.000144762
0.000288019
-0.000147658
0.000286672
-0.000157548
0.000284689
-0.000170849
0.000164807
-4.73704e-05
3.49212e-05
0.000128039
-6.96321e-06
0.000202162
-1.68337e-05
0.000204713
-2.1737e-05
0.000198974
-2.0058e-05
0.000196243
-1.45518e-05
0.000194512
-8.46076e-06
0.000191465
-3.70165e-06
0.000187146
-9.71627e-07
0.000182532
-2.8515e-08
0.000178754
0.000175585
0.000267523
-8.29247e-05
0.00028143
-0.000114399
0.000286287
-0.00013547
0.000282766
-0.000141241
0.000283261
-0.000148153
0.000308662
-0.00018295
0.000211107
-7.32938e-05
6.21655e-05
0.000101571
-1.31713e-05
0.000203376
-2.54799e-05
0.00021447
-2.59326e-05
0.000205166
-2.47096e-05
0.000197751
-2.14737e-05
0.000193007
-1.6649e-05
0.000189688
-1.14789e-05
0.000186295
-7.05717e-06
0.000182724
-3.79638e-06
0.000179271
-1.64542e-06
0.000176603
0.000173939
0.000250617
-0.000103067
0.000264119
-0.000127901
0.000267403
-0.000138753
0.000268236
-0.000142074
0.000288896
-0.000168813
0.00019841
-9.24637e-05
5.16324e-05
7.3484e-05
-3.2817e-05
0.00018602
-4.29679e-05
0.000213527
-3.84209e-05
0.000209923
-3.3432e-05
0.000200177
-2.90052e-05
0.000193324
-2.43204e-05
0.000188322
-1.9195e-05
0.000184562
-1.41663e-05
0.000181266
-9.6278e-06
0.000178186
-5.86687e-06
0.00017551
-2.75753e-06
0.000173493
0.000171182
0.000234926
-0.00012412
0.000246813
-0.000139787
0.000249074
-0.000141014
0.000270036
-0.000163036
0.000194518
-9.32956e-05
4.48073e-05
5.72468e-05
-5.14838e-05
0.000169775
-6.59103e-05
0.000200447
-5.7801e-05
0.000205417
-4.73922e-05
0.000199515
-3.96423e-05
0.000192427
-3.31644e-05
0.000186846
-2.73225e-05
0.00018248
-2.17517e-05
0.000178992
-1.64508e-05
0.000175966
-1.16669e-05
0.000173402
-7.39816e-06
0.000171241
-3.59011e-06
0.000169685
0.000167592
0.000219258
-0.000144529
0.000225249
-0.000145778
0.00024274
-0.000158504
0.000169834
-9.01309e-05
2.99149e-05
4.66237e-05
-6.85317e-05
0.000155693
-8.40359e-05
0.000185279
-7.74672e-05
0.000193878
-6.46371e-05
0.000192587
-5.33137e-05
0.000188191
-4.4346e-05
0.000183459
-3.68385e-05
0.000179339
-3.01848e-05
0.000175826
-2.40653e-05
0.000172872
-1.8465e-05
0.000170365
-1.33039e-05
0.000168241
-8.59493e-06
0.000166532
-4.23193e-06
0.000165322
0.00016336
0.00019791
-0.000157099
0.000214736
-0.000162603
0.00013771
-8.14785e-05
6.50539e-06
4.10735e-05
-8.74545e-05
0.000140584
-0.000100446
0.000168685
-9.40966e-05
0.00017893
-8.11407e-05
0.000180922
-6.81764e-05
0.000179623
-5.70673e-05
0.000177082
-4.7701e-05
0.000174093
-3.96693e-05
0.000171307
-3.25292e-05
0.000168686
-2.60495e-05
0.000166392
-2.01169e-05
0.000164433
-1.46298e-05
0.000162753
-9.53744e-06
0.00016144
-4.71632e-06
0.000160501
0.000158643
0.000177268
-0.000166561
9.07934e-05
-7.61279e-05
-3.26211e-05
4.19361e-05
-0.000108912
0.000117364
-0.000116352
0.000148024
-0.000108836
0.000161168
-9.56434e-05
0.000165738
-8.22376e-05
0.000167516
-7.00302e-05
0.000167415
-5.92859e-05
0.000166338
-4.99644e-05
0.000164771
-4.16957e-05
0.000163038
-3.43134e-05
0.000161304
-2.76091e-05
0.000159688
-2.14213e-05
0.000158245
-1.56767e-05
0.000157009
-1.02583e-05
0.000156021
-5.09027e-06
0.000155333
0.000153553
4.18155e-05
-8.60484e-05
-7.07087e-05
3.63963e-05
-0.000123623
9.48506e-05
-0.000128893
0.000122633
-0.000121404
0.000140536
-0.000108022
0.000147786
-9.47326e-05
0.000152448
-8.20982e-05
0.000154882
-7.06683e-05
0.000155986
-6.0446e-05
0.000156116
-5.12745e-05
0.0001556
-4.30401e-05
0.000154804
-3.55721e-05
0.000153836
-2.87338e-05
0.00015285
-2.23744e-05
0.000151886
-1.64297e-05
0.000151064
-1.07902e-05
0.000150382
-5.35355e-06
0.000149897
0.0001482
-9.93665e-05
3.10003e-05
-0.000128596
6.56262e-05
-0.000134482
0.000100736
-0.000128998
0.000117149
-0.000117752
0.00012929
-0.000104823
0.000134858
-9.26132e-05
0.000140238
-8.10776e-05
0.000143346
-7.04526e-05
0.000145361
-6.07149e-05
0.000146378
-5.18777e-05
0.000146763
-4.37811e-05
0.000146707
-3.63448e-05
0.0001464
-2.94531e-05
0.000145958
-2.30272e-05
0.00014546
-1.69557e-05
0.000144993
-1.11606e-05
0.000144587
-5.551e-06
0.000144287
0.000142649
-9.47132e-05
5.36875e-05
-0.00012598
9.68934e-05
-0.000128984
0.00010374
-0.000122789
0.000110954
-0.000111448
0.000117949
-0.000100832
0.000124241
-8.97994e-05
0.000129206
-7.9337e-05
0.000132884
-6.94807e-05
0.000135504
-6.03174e-05
0.000137215
-5.18283e-05
0.000138274
-4.39689e-05
0.000138848
-3.66554e-05
0.000139086
-2.98186e-05
0.000139121
-2.33799e-05
0.000139021
-1.72576e-05
0.00013887
-1.13797e-05
0.000138709
-5.64742e-06
0.000138555
0.000137001
-0.000148025
6.12745e-05
-0.000134548
8.3416e-05
-0.000124481
9.36729e-05
-0.000115997
0.00010247
-0.000106003
0.000107955
-9.644e-05
0.000114678
-8.65842e-05
0.00011935
-7.70777e-05
0.000123377
-6.7971e-05
0.000126398
-5.9372e-05
0.000128616
-5.12924e-05
0.000130194
-4.37071e-05
0.000131263
-3.65883e-05
0.000131967
-2.9858e-05
0.000132391
-2.34764e-05
0.00013264
-1.7365e-05
0.000132759
-1.14652e-05
0.000132809
-5.71092e-06
0.0001328
0.00013129
-0.000131593
7.14614e-05
-0.000127326
7.91489e-05
-0.000118204
8.45512e-05
-0.000109755
9.40213e-05
-0.000100876
9.9076e-05
-9.2032e-05
0.000105834
-8.31621e-05
0.00011048
-7.4483e-05
0.000114698
-6.60681e-05
0.000117983
-5.8017e-05
0.000120565
-5.03577e-05
0.000122535
-4.30938e-05
0.000123999
-3.61946e-05
0.000125068
-2.96337e-05
0.00012583
-2.33532e-05
0.000126359
-1.73078e-05
0.000126713
-1.14409e-05
0.000126942
-5.68211e-06
0.000127042
0.000125608
-0.000128396
6.3248e-05
-0.000119787
7.05399e-05
-0.00011128
7.60438e-05
-0.000103936
8.66773e-05
-9.58325e-05
9.09727e-05
-8.77407e-05
9.77425e-05
-7.96511e-05
0.00010239
-7.1669e-05
0.000106716
-6.38804e-05
0.000110194
-5.63517e-05
0.000113036
-4.91137e-05
0.000115297
-4.21799e-05
0.000117065
-3.55423e-05
0.00011843
-2.91727e-05
0.000119461
-2.30424e-05
0.000120229
-1.71075e-05
0.000120778
-1.1326e-05
0.000121161
-5.64764e-06
0.000121363
0.000119961
-0.000121469
5.75899e-05
-0.000112745
6.18157e-05
-0.000105684
6.89827e-05
-9.83974e-05
7.93905e-05
-9.09541e-05
8.35294e-05
-8.35408e-05
9.03292e-05
-7.60903e-05
9.49397e-05
-6.87219e-05
9.93478e-05
-6.14867e-05
0.000102959
-5.44427e-05
0.000105992
-4.76183e-05
0.000108472
-4.10296e-05
0.000110476
-3.46704e-05
0.000112071
-2.85281e-05
0.000113318
-2.25754e-05
0.000114276
-1.67826e-05
0.000114986
-1.11093e-05
0.000115487
-5.5129e-06
0.000115767
0.000114448
-0.000113194
4.93075e-05
-0.000105911
5.45329e-05
-0.000100596
6.36681e-05
-9.28162e-05
7.16104e-05
-8.63541e-05
7.70672e-05
-7.93619e-05
8.3337e-05
-7.25193e-05
8.80971e-05
-6.56912e-05
9.25197e-05
-5.89641e-05
9.62319e-05
-5.2373e-05
9.94007e-05
-4.59448e-05
0.000102044
-3.96951e-05
0.000104226
-3.36244e-05
0.000106001
-2.77251e-05
0.000107419
-2.19775e-05
0.000108529
-1.63611e-05
0.000109369
-1.08442e-05
0.000109971
-5.40734e-06
0.00011033
0.00010904
-0.000104429
4.13132e-05
-9.95301e-05
4.96335e-05
-9.48566e-05
5.89946e-05
-8.75167e-05
6.42705e-05
-8.17661e-05
7.13166e-05
-7.52357e-05
7.68067e-05
-6.89335e-05
8.1795e-05
-6.26003e-05
8.61866e-05
-5.63435e-05
8.99751e-05
-5.01795e-05
9.32367e-05
-4.41345e-05
9.5999e-05
-3.8222e-05
9.83139e-05
-3.24461e-05
0.000100225
-2.68027e-05
0.000101776
-2.12799e-05
0.000103006
-1.58612e-05
0.000103951
-1.05273e-05
0.000104637
-5.23635e-06
0.000105039
0.000103804
-9.85562e-05
3.71857e-05
-9.43672e-05
4.54445e-05
-8.8234e-05
5.28614e-05
-8.26758e-05
5.87123e-05
-7.70731e-05
6.5714e-05
-7.11522e-05
7.08858e-05
-6.53327e-05
7.59754e-05
-5.94684e-05
8.03224e-05
-5.36528e-05
8.41595e-05
-4.78954e-05
8.74792e-05
-4.22208e-05
9.03245e-05
-3.66414e-05
9.27345e-05
-3.1163e-05
9.47462e-05
-2.57841e-05
9.63968e-05
-2.04969e-05
9.77185e-05
-1.52867e-05
9.87405e-05
-1.01347e-05
9.94847e-05
-5.0108e-06
9.99152e-05
9.87931e-05
-9.39823e-05
3.44304e-05
-8.85194e-05
3.99816e-05
-8.22217e-05
4.65637e-05
-7.79191e-05
5.44097e-05
-7.23788e-05
6.01737e-05
-6.71186e-05
6.56256e-05
-6.17237e-05
7.05806e-05
-5.63152e-05
7.49138e-05
-5.09161e-05
7.87604e-05
-4.55484e-05
8.21114e-05
-4.02324e-05
8.50086e-05
-3.49807e-05
8.74828e-05
-2.98003e-05
8.95658e-05
-2.46921e-05
9.12885e-05
-1.96517e-05
9.26781e-05
-1.46694e-05
9.37582e-05
-9.73256e-06
9.45478e-05
-4.84005e-06
9.50226e-05
9.39531e-05
-8.64375e-05
3.12555e-05
-8.17908e-05
3.53348e-05
-7.72516e-05
4.20246e-05
-7.28864e-05
5.00444e-05
-6.78959e-05
5.51832e-05
-6.31024e-05
6.08321e-05
-5.81367e-05
6.56149e-05
-5.31569e-05
6.99341e-05
-4.81554e-05
7.3759e-05
-4.31619e-05
7.71179e-05
-3.81937e-05
8.00403e-05
-3.32638e-05
8.25529e-05
-2.83804e-05
8.46825e-05
-2.35468e-05
8.64548e-05
-1.87618e-05
8.78931e-05
-1.40215e-05
8.90179e-05
-9.31892e-06
8.98452e-05
-4.64752e-06
9.03513e-05
8.93056e-05
-7.92387e-05
2.68976e-05
-7.54709e-05
3.1567e-05
-7.21517e-05
3.87053e-05
-6.78156e-05
4.57083e-05
-6.3543e-05
5.09106e-05
-5.91213e-05
5.64104e-05
-5.45907e-05
6.10844e-05
-5.00107e-05
6.5354e-05
-4.53904e-05
6.91387e-05
-4.07562e-05
7.24838e-05
-3.6125e-05
7.54091e-05
-3.15102e-05
7.79382e-05
-2.69211e-05
8.00934e-05
-2.23627e-05
8.18964e-05
-1.78362e-05
8.33666e-05
-1.33399e-05
8.45216e-05
-8.86895e-06
8.53743e-05
-4.41404e-06
8.58964e-05
8.48915e-05
-7.27036e-05
2.30394e-05
-6.98539e-05
2.87173e-05
-6.68153e-05
3.56667e-05
-6.29609e-05
4.18539e-05
-5.92244e-05
4.71741e-05
-5.52046e-05
5.23906e-05
-5.1092e-05
5.69718e-05
-4.6893e-05
6.1155e-05
-4.26377e-05
6.48834e-05
-3.83487e-05
6.81948e-05
-3.40437e-05
7.11041e-05
-2.97366e-05
7.36311e-05
-2.54375e-05
7.57944e-05
-2.11528e-05
7.76117e-05
-1.68854e-05
7.90992e-05
-1.26353e-05
8.02715e-05
-8.39985e-06
8.11389e-05
-4.17524e-06
8.16718e-05
8.07163e-05
-6.69534e-05
2.01753e-05
-6.45295e-05
2.62935e-05
-6.16658e-05
3.2803e-05
-5.83484e-05
3.85364e-05
-5.49935e-05
4.38193e-05
-5.13798e-05
4.8777e-05
-4.76538e-05
5.32458e-05
-4.38194e-05
5.73207e-05
-3.99124e-05
6.09764e-05
-3.59546e-05
6.4237e-05
-3.19647e-05
6.71141e-05
-2.79571e-05
6.96235e-05
-2.39428e-05
7.17801e-05
-1.99293e-05
7.35981e-05
-1.5921e-05
7.5091e-05
-1.192e-05
7.62705e-05
-7.926e-06
7.71449e-05
-3.9392e-06
7.7685e-05
7.67771e-05
-6.15429e-05
1.80424e-05
-5.93941e-05
2.41447e-05
-5.68097e-05
3.02187e-05
-5.39382e-05
3.56649e-05
-5.0911e-05
4.07921e-05
-4.76699e-05
4.5536e-05
-4.42966e-05
4.98726e-05
-4.08054e-05
5.38294e-05
-3.72283e-05
5.73994e-05
-3.35871e-05
6.05958e-05
-2.99006e-05
6.34277e-05
-2.61837e-05
6.59067e-05
-2.2448e-05
6.80444e-05
-1.8702e-05
6.98521e-05
-1.49515e-05
7.13405e-05
-1.12001e-05
7.2519e-05
-7.44948e-06
7.33943e-05
-3.70216e-06
7.39376e-05
7.30749e-05
-5.63952e-05
1.6363e-05
-5.44928e-05
2.22423e-05
-5.22176e-05
2.79434e-05
-4.97059e-05
3.31533e-05
-4.69903e-05
3.80765e-05
-4.40847e-05
4.26303e-05
-4.10352e-05
4.68231e-05
-3.78635e-05
5.06577e-05
-3.45972e-05
5.41331e-05
-3.12572e-05
5.72558e-05
-2.7862e-05
6.00324e-05
-2.44263e-05
6.2471e-05
-2.09622e-05
6.45803e-05
-1.74788e-05
6.63688e-05
-1.39831e-05
6.78448e-05
-1.04798e-05
6.90158e-05
-6.97221e-06
6.98867e-05
-3.46458e-06
7.043e-05
6.96104e-05
-5.15119e-05
1.49861e-05
-4.98484e-05
2.05788e-05
-4.78617e-05
2.59568e-05
-4.56511e-05
3.09426e-05
-4.32284e-05
3.56538e-05
-4.06263e-05
4.00282e-05
-3.78761e-05
4.40729e-05
-3.50019e-05
4.77836e-05
-3.20278e-05
5.11589e-05
-2.89737e-05
5.42018e-05
-2.58572e-05
5.69159e-05
-2.26928e-05
5.93067e-05
-1.94926e-05
6.13801e-05
-1.62662e-05
6.31424e-05
-1.30212e-05
6.45998e-05
-9.76336e-06
6.57579e-05
-6.49713e-06
6.66205e-05
-3.22819e-06
6.71611e-05
6.63822e-05
-4.68943e-05
1.38355e-05
-4.54517e-05
1.91363e-05
-4.37218e-05
2.42269e-05
-4.17738e-05
2.89946e-05
-3.96205e-05
3.35005e-05
-3.72946e-05
3.77023e-05
-3.48216e-05
4.15999e-05
-3.22247e-05
4.51867e-05
-2.95254e-05
4.84597e-05
-2.67425e-05
5.14189e-05
-2.38925e-05
5.40659e-05
-2.09894e-05
5.64035e-05
-1.8045e-05
5.84357e-05
-1.50693e-05
6.01667e-05
-1.20702e-05
6.16007e-05
-9.05414e-06
6.27419e-05
-6.02656e-06
6.35929e-05
-2.99416e-06
6.41287e-05
6.3388e-05
-4.25299e-05
1.2867e-05
-4.12855e-05
1.78918e-05
-3.97817e-05
2.27231e-05
-3.80682e-05
2.72811e-05
-3.61608e-05
3.15931e-05
-3.40878e-05
3.56294e-05
-3.18718e-05
3.93839e-05
-2.95338e-05
4.28487e-05
-2.70933e-05
4.60192e-05
-2.45677e-05
4.88933e-05
-2.19722e-05
5.14705e-05
-1.93204e-05
5.37517e-05
-1.66237e-05
5.5739e-05
-1.38919e-05
5.74349e-05
-1.11333e-05
5.88421e-05
-8.35475e-06
5.99634e-05
-5.56229e-06
6.08004e-05
-2.76329e-06
6.13297e-05
6.06247e-05
-3.83994e-05
1.20508e-05
-3.73303e-05
1.68228e-05
-3.60265e-05
2.14193e-05
-3.45247e-05
2.57793e-05
-3.28419e-05
2.99103e-05
-3.10019e-05
3.37894e-05
-2.90245e-05
3.74066e-05
-2.69289e-05
4.07531e-05
-2.47326e-05
4.38228e-05
-2.24512e-05
4.6612e-05
-2.00991e-05
4.91184e-05
-1.76889e-05
5.13415e-05
-1.52317e-05
5.32818e-05
-1.27369e-05
5.49401e-05
-1.0213e-05
5.63182e-05
-7.66711e-06
5.74175e-05
-5.10557e-06
5.82389e-05
-2.53627e-06
5.87604e-05
5.80885e-05
-3.4481e-05
1.13649e-05
-3.35674e-05
1.59092e-05
-3.2442e-05
2.02938e-05
-3.11326e-05
2.447e-05
-2.96558e-05
2.84335e-05
-2.80312e-05
3.21648e-05
-2.62765e-05
3.56519e-05
-2.44085e-05
3.88851e-05
-2.24428e-05
4.18572e-05
-2.03938e-05
4.4563e-05
-1.82745e-05
4.69991e-05
-1.60967e-05
4.91638e-05
-1.38709e-05
5.10559e-05
-1.16063e-05
5.26755e-05
-9.31109e-06
5.4023e-05
-6.9926e-06
5.5099e-05
-4.65737e-06
5.59037e-05
-2.31353e-06
5.64165e-05
5.57749e-05
-3.07528e-05
1.07931e-05
-2.99781e-05
1.51345e-05
-2.90135e-05
1.93292e-05
-2.78804e-05
2.3337e-05
-2.65936e-05
2.71467e-05
-2.51694e-05
3.07406e-05
-2.36232e-05
3.41057e-05
-2.19697e-05
3.72316e-05
-2.02227e-05
4.01102e-05
-1.8395e-05
4.27354e-05
-1.64987e-05
4.51028e-05
-1.45445e-05
4.72096e-05
-1.25423e-05
4.90537e-05
-1.0501e-05
5.06342e-05
-8.42854e-06
5.19505e-05
-6.33209e-06
5.30026e-05
-4.21829e-06
5.37899e-05
-2.09538e-06
5.42936e-05
5.36796e-05
-2.71934e-05
1.03227e-05
-2.65443e-05
1.44855e-05
-2.57265e-05
1.85113e-05
-2.47563e-05
2.23667e-05
-2.36461e-05
2.60365e-05
-2.24094e-05
2.9504e-05
-2.10594e-05
3.27557e-05
-1.96087e-05
3.5781e-05
-1.80695e-05
3.8571e-05
-1.64534e-05
4.11192e-05
-1.47709e-05
4.34204e-05
-1.30322e-05
4.54709e-05
-1.12463e-05
4.72679e-05
-9.42166e-06
4.88096e-05
-7.5659e-06
5.00948e-05
-5.68606e-06
5.11227e-05
-3.78871e-06
5.18925e-05
-1.88196e-06
5.23869e-05
5.17976e-05
-2.37824e-05
9.94476e-06
-2.32488e-05
1.39519e-05
-2.25668e-05
1.78293e-05
-2.17483e-05
2.15483e-05
-2.08036e-05
2.50918e-05
-1.97436e-05
2.8444e-05
-1.85792e-05
3.15913e-05
-1.73213e-05
3.4523e-05
-1.59804e-05
3.72301e-05
-1.45667e-05
3.97055e-05
-1.30899e-05
4.19436e-05
-1.1559e-05
4.39399e-05
-9.98242e-06
4.56913e-05
-8.36809e-06
4.71952e-05
-6.72325e-06
4.84499e-05
-5.05464e-06
4.94541e-05
-3.36869e-06
5.02066e-05
-1.67333e-06
5.06915e-05
5.01243e-05
-2.05002e-05
9.65284e-06
-2.00748e-05
1.35264e-05
-1.95203e-05
1.72748e-05
-1.8845e-05
2.0873e-05
-1.80568e-05
2.43036e-05
-1.71643e-05
2.75515e-05
-1.61766e-05
3.06036e-05
-1.51026e-05
3.34491e-05
-1.39516e-05
3.60791e-05
-1.27324e-05
3.84863e-05
-1.14537e-05
4.06648e-05
-1.01236e-05
4.26098e-05
-8.74983e-06
4.43176e-05
-7.33979e-06
4.57852e-05
-5.90026e-06
4.70104e-05
-4.43766e-06
4.79915e-05
-2.95817e-06
4.87271e-05
-1.46941e-06
4.92028e-05
4.86549e-05
-1.73286e-05
9.44343e-06
-1.70065e-05
1.32044e-05
-1.65736e-05
1.68418e-05
-1.6035e-05
2.03344e-05
-1.53962e-05
2.36649e-05
-1.46639e-05
2.68192e-05
-1.38453e-05
2.97849e-05
-1.29478e-05
3.25517e-05
-1.19793e-05
3.51106e-05
-1.09475e-05
3.74546e-05
-9.86012e-06
3.95774e-05
-8.7244e-06
4.14741e-05
-7.54747e-06
4.31407e-05
-6.33605e-06
4.45738e-05
-5.0965e-06
4.57709e-05
-3.83489e-06
4.67299e-05
-2.55699e-06
4.74492e-05
-1.27024e-06
4.7916e-05
4.73847e-05
-1.42501e-05
9.31549e-06
-1.4029e-05
1.29833e-05
-1.3714e-05
1.65268e-05
-1.33074e-05
1.99277e-05
-1.28126e-05
2.31702e-05
-1.22344e-05
2.62411e-05
-1.15784e-05
2.91289e-05
-1.08508e-05
3.1824e-05
-1.00582e-05
3.4318e-05
-9.20732e-06
3.66037e-05
-8.30494e-06
3.8675e-05
-7.35768e-06
4.05269e-05
-6.37198e-06
4.2155e-05
-5.354e-06
4.35558e-05
-4.30962e-06
4.47265e-05
-3.24446e-06
4.56648e-05
-2.16397e-06
4.63687e-05
-1.07495e-06
4.6827e-05
4.63097e-05
-1.12486e-05
9.27108e-06
-1.11291e-05
1.28637e-05
-1.09312e-05
1.63289e-05
-1.06548e-05
1.96513e-05
-1.03015e-05
2.28169e-05
-9.87432e-06
2.58139e-05
-9.37749e-06
2.86321e-05
-8.8159e-06
3.12624e-05
-8.19502e-06
3.36971e-05
-7.52059e-06
3.59293e-05
-6.79849e-06
3.79529e-05
-6.03458e-06
3.9763e-05
-5.23465e-06
4.13551e-05
-4.40433e-06
4.27255e-05
-3.54905e-06
4.38712e-05
-2.67403e-06
4.47898e-05
-1.78441e-06
4.54791e-05
-8.86535e-07
4.59292e-05
4.54232e-05
-8.30443e-06
9.31211e-06
-8.28425e-06
1.28435e-05
-8.19744e-06
1.62421e-05
-8.04209e-06
1.9496e-05
-7.81886e-06
2.25936e-05
-7.53017e-06
2.55252e-05
-7.17976e-06
2.82817e-05
-6.77219e-06
3.08549e-05
-6.31254e-06
3.32375e-05
-5.80612e-06
3.54228e-05
-5.25833e-06
3.74051e-05
-4.67446e-06
3.91791e-05
-4.05968e-06
4.07403e-05
-3.41895e-06
4.20847e-05
-2.75697e-06
4.32093e-05
-2.07846e-06
4.41113e-05
-1.38761e-06
4.47883e-05
-6.88689e-07
4.52303e-05
4.47345e-05
-5.47042e-06
9.47827e-06
-5.59232e-06
1.29654e-05
-5.66077e-06
1.63105e-05
-5.66946e-06
1.95047e-05
-5.61544e-06
2.25396e-05
-5.4983e-06
2.5408e-05
-5.31956e-06
2.81029e-05
-5.08222e-06
3.06175e-05
-4.79028e-06
3.29455e-05
-4.44848e-06
3.5081e-05
-4.06196e-06
3.70186e-05
-3.63607e-06
3.87532e-05
-3.17617e-06
4.02804e-05
-2.68754e-06
4.15961e-05
-2.17523e-06
4.26969e-05
-1.64404e-06
4.35801e-05
-1.1004e-06
4.42446e-05
-5.46699e-07
4.46766e-05
4.41878e-05
-2.07865e-06
-2.18218e-06
-2.2666e-06
-2.32465e-06
-2.35245e-06
-2.34799e-06
-2.31066e-06
-2.24092e-06
-2.14009e-06
-2.01015e-06
-1.85356e-06
-1.67309e-06
-1.4717e-06
-1.25245e-06
-1.01837e-06
-7.72358e-07
-5.18131e-07
-2.57928e-07
)
;

boundaryField
{
    leftWall
    {
        type            calculated;
        value           uniform 0;
    }
    rightWall
    {
        type            calculated;
        value           uniform 0;
    }
    lowerWall
    {
        type            calculated;
        value           nonuniform List<scalar> 
62
(
-2.31005e-29
-9.08047e-30
-2.24143e-29
-9.69034e-29
-3.99498e-28
-1.97026e-27
-1.05885e-22
-1.37913e-26
-2.35716e-24
1.11199e-23
2.85658e-23
-1.20551e-22
-1.18389e-23
2.36203e-23
-1.28045e-22
-5.83421e-23
3.70939e-23
4.77697e-23
6.47269e-23
-8.27181e-23
6.61744e-24
-2.64698e-23
1.58819e-22
0
0
0
0
0
0
0
0
1.38232e-23
3.20218e-23
-5.8656e-23
2.64698e-23
0
0
0
0
0
0
0
0
6.33908e-23
5.21221e-23
4.5251e-23
8.42432e-23
0
-3.97047e-23
-1.05879e-22
5.29396e-23
-5.29396e-23
0
-2.64698e-23
0
-2.64698e-23
-6.61744e-24
-3.06057e-23
-2.79173e-23
-5.36084e-23
5.2549e-24
-1.11576e-22
)
;
    }
    atmosphere
    {
        type            calculated;
        value           nonuniform List<scalar> 
46
(
-4.1311e-05
-4.15528e-05
-4.12141e-05
-4.06942e-05
-3.99893e-05
-3.91043e-05
-3.80409e-05
-3.68014e-05
-3.53882e-05
-3.38043e-05
-3.20532e-05
-3.01392e-05
-2.80677e-05
-2.58449e-05
-2.34781e-05
-2.09756e-05
-1.83465e-05
-1.56009e-05
-1.27496e-05
-9.80469e-06
-6.77419e-06
-3.65267e-06
-4.20446e-07
9.06662e-07
1.61185e-06
2.29985e-06
2.97304e-06
9.58625e-06
1.3069e-05
1.6395e-05
1.95627e-05
2.25674e-05
2.54036e-05
2.80656e-05
3.05478e-05
3.28447e-05
3.49511e-05
3.6862e-05
3.85727e-05
4.0079e-05
4.13768e-05
4.24629e-05
4.3334e-05
4.39904e-05
4.44163e-05
4.39299e-05
)
;
    }
    defaultFaces
    {
        type            empty;
        value           nonuniform 0();
    }
}


// ************************************************************************* //
