/*--------------------------------*- C++ -*----------------------------------*\
| =========                 |                                                 |
| \\      /  F ield         | OpenFOAM: The Open Source CFD Toolbox           |
|  \\    /   O peration     | Version:  2.4.0                                 |
|   \\  /    A nd           | Web:      www.OpenFOAM.org                      |
|    \\/     M anipulation  |                                                 |
\*---------------------------------------------------------------------------*/
FoamFile
{
    version     2.0;
    format      ascii;
    class       volVectorField;
    location    "0.15";
    object      U;
}
// * * * * * * * * * * * * * * * * * * * * * * * * * * * * * * * * * * * * * //

dimensions      [0 1 -1 0 0 0 0];

internalField   nonuniform List<vector> 
2268
(
(0.0152584 -0.00721457 0)
(0.046035 -0.00733797 0)
(0.0776682 -0.00758539 0)
(0.110357 -0.00796793 0)
(0.14607 -0.00846452 0)
(0.180722 -0.00919065 0)
(0.227845 -0.0101109 0)
(0.261983 -0.0111895 0)
(0.326552 -0.0117839 0)
(0.367342 -0.0179199 0)
(0.450042 -0.0143329 0)
(0.527084 -0.0159104 0)
(0.585143 -0.02246 0)
(0.677334 -0.0291186 0)
(0.811871 -0.0337762 0)
(0.961488 -0.0343129 0)
(1.10675 -0.0284072 0)
(1.2273 -0.0145239 0)
(1.31331 -0.00466462 0)
(1.33784 -0.00981234 0)
(1.31013 -0.00796263 0)
(1.10154 -0.0110307 0)
(0.989369 0.0722307 0)
(0.0152064 -0.0216247 0)
(0.0458825 -0.0220005 0)
(0.0774096 -0.0227425 0)
(0.109997 -0.0238888 0)
(0.145554 -0.0253551 0)
(0.18006 -0.0276713 0)
(0.227138 -0.0296501 0)
(0.260335 -0.0356794 0)
(0.325363 -0.0312307 0)
(0.368012 -0.0553321 0)
(0.447568 -0.0476808 0)
(0.518806 -0.0462275 0)
(0.582623 -0.0628009 0)
(0.693617 -0.081997 0)
(0.837703 -0.0955804 0)
(0.978685 -0.101016 0)
(1.10115 -0.0947442 0)
(1.19674 -0.0825243 0)
(1.27702 -0.0529166 0)
(1.32364 -0.000410666 0)
(1.35082 0.077041 0)
(1.19039 0.246258 0)
(1.05135 0.738961 0)
(0.0150895 -0.0359512 0)
(0.0455319 -0.0365761 0)
(0.0768163 -0.0378104 0)
(0.109174 -0.0397076 0)
(0.144366 -0.0421297 0)
(0.178649 -0.045948 0)
(0.225252 -0.0496139 0)
(0.257298 -0.0571203 0)
(0.323446 -0.0572964 0)
(0.36572 -0.0866578 0)
(0.443262 -0.0750324 0)
(0.509215 -0.0787011 0)
(0.57859 -0.117092 0)
(0.702968 -0.151497 0)
(0.850982 -0.162106 0)
(0.982281 -0.154235 0)
(1.08795 -0.13142 0)
(1.16597 -0.0894788 0)
(1.22018 -0.0606244 0)
(1.23551 -0.0501912 0)
(1.26239 -0.00831309 0)
(1.04205 0.331115 0)
(1.07487 1.04048 0)
(0.014915 -0.0501384 0)
(0.045009 -0.0510124 0)
(0.0759352 -0.0527377 0)
(0.107958 -0.0553615 0)
(0.142581 -0.0587134 0)
(0.176689 -0.0640257 0)
(0.221954 -0.0689294 0)
(0.253791 -0.0796274 0)
(0.319647 -0.0806409 0)
(0.359843 -0.11709 0)
(0.435857 -0.10878 0)
(0.498589 -0.110645 0)
(0.577692 -0.165739 0)
(0.709892 -0.212799 0)
(0.853712 -0.223834 0)
(0.96214 -0.206489 0)
(1.03646 -0.177611 0)
(1.08348 -0.157075 0)
(1.11272 -0.112788 0)
(1.13707 -0.0127764 0)
(1.15074 0.235639 0)
(0.544464 0.652736 0)
(1.0655 1.65141 0)
(0.0146821 -0.064149 0)
(0.0443117 -0.0652721 0)
(0.0747692 -0.0674886 0)
(0.10635 -0.0708046 0)
(0.140248 -0.0750594 0)
(0.174055 -0.0817012 0)
(0.21767 -0.088165 0)
(0.249348 -0.100835 0)
(0.314019 -0.105676 0)
(0.352656 -0.145964 0)
(0.422232 -0.133896 0)
(0.490432 -0.149425 0)
(0.575591 -0.227556 0)
(0.704834 -0.283998 0)
(0.828354 -0.278626 0)
(0.916053 -0.248527 0)
(0.954566 -0.207057 0)
(0.982154 -0.107209 0)
(0.987383 0.0638645 0)
(0.886255 0.0530759 0)
(0.825207 0.131073 0)
(0.231977 0.489506 0)
(0.786297 2.08985 0)
(0.014388 -0.0778925 0)
(0.0434313 -0.0792656 0)
(0.0733121 -0.0819788 0)
(0.104341 -0.0859579 0)
(0.137374 -0.0910962 0)
(0.170716 -0.099046 0)
(0.212459 -0.106927 0)
(0.243857 -0.12228 0)
(0.307287 -0.129967 0)
(0.340076 -0.170014 0)
(0.411269 -0.166278 0)
(0.482321 -0.187628 0)
(0.567549 -0.279487 0)
(0.682834 -0.333244 0)
(0.77782 -0.331115 0)
(0.83834 -0.25497 0)
(0.9428 -0.0799741 0)
(0.97537 -0.0707145 0)
(0.930029 -0.134201 0)
(0.84594 -0.0190599 0)
(0.636264 0.29473 0)
(0.045003 0.646599 0)
(0.40185 2.03375 0)
(0.0140211 -0.0911666 0)
(0.0423319 -0.0928099 0)
(0.0715108 -0.0960615 0)
(0.101843 -0.100706 0)
(0.133879 -0.10671 0)
(0.16657 -0.115886 0)
(0.206319 -0.124996 0)
(0.237482 -0.142547 0)
(0.298467 -0.152214 0)
(0.327395 -0.191917 0)
(0.401634 -0.191617 0)
(0.470692 -0.227466 0)
(0.560526 -0.332163 0)
(0.640791 -0.383588 0)
(0.729282 -0.315476 0)
(0.932779 -0.183654 0)
(0.954468 -0.261982 0)
(0.962787 -0.204152 0)
(0.867622 0.010021 0)
(0.614075 0.194779 0)
(0.459654 0.467106 0)
(0.0600384 0.70046 0)
(0.123394 2.0116 0)
(0.0135582 -0.104358 0)
(0.0409497 -0.106284 0)
(0.0692921 -0.110067 0)
(0.0987916 -0.115237 0)
(0.129794 -0.121684 0)
(0.161726 -0.131548 0)
(0.199572 -0.141234 0)
(0.230615 -0.160764 0)
(0.289307 -0.172885 0)
(0.313707 -0.215994 0)
(0.393916 -0.226008 0)
(0.453342 -0.289104 0)
(0.559357 -0.358504 0)
(0.603449 -0.381114 0)
(0.802958 -0.340417 0)
(0.833275 -0.388242 0)
(0.780883 -0.289661 0)
(0.677312 -0.0725598 0)
(0.545678 0.10008 0)
(0.443506 0.251157 0)
(0.39972 0.53529 0)
(0.179132 0.841415 0)
(0.0683336 2.09268 0)
(-0.234012 0.141686 0)
(-0.878552 0.30934 0)
(-2.2986 0.533626 0)
(-4.76969 0.226722 0)
(-5.55148 -0.182037 0)
(-1.94407 -0.727918 0)
(-0.813572 -0.759968 0)
(0.291706 -0.653527 0)
(1.60092 -0.557544 0)
(2.59013 -0.566505 0)
(3.7055 -0.358297 0)
(3.51185 -0.445993 0)
(3.51101 -0.861597 0)
(3.9163 -0.693655 0)
(3.51567 -0.121813 0)
(1.8362 0.265972 0)
(0.996077 0.186183 0)
(0.507059 0.0921364 0)
(0.154349 0.0687024 0)
(-0.2185 0.350078 0)
(-0.686673 0.559359 0)
(-1.39163 0.719161 0)
(-1.62634 0.359756 0)
(-0.2519 -0.567217 0)
(0.529186 -0.778636 0)
(0.84711 -0.804002 0)
(1.04989 -0.714951 0)
(1.37485 -0.659382 0)
(1.71691 -0.574908 0)
(2.02205 -0.55823 0)
(2.35142 -0.239803 0)
(3.13649 0.581194 0)
(3.05183 0.672755 0)
(2.64849 0.720528 0)
(1.53063 0.645027 0)
(0.922291 0.419781 0)
(0.489189 0.268961 0)
(0.151395 0.206536 0)
(-0.116666 0.559977 0)
(-0.396915 0.741896 0)
(-0.392924 0.840429 0)
(0.616033 -0.0479562 0)
(0.841443 -0.791009 0)
(0.994577 -0.862154 0)
(1.07948 -0.852799 0)
(1.2237 -0.771424 0)
(1.46938 -0.685428 0)
(1.68879 -0.688477 0)
(2.09003 -0.431573 0)
(2.68131 0.247714 0)
(2.61527 -0.300551 0)
(2.55533 -0.0976755 0)
(1.82953 0.722607 0)
(1.05944 0.958602 0)
(0.733007 0.649393 0)
(0.421353 0.421989 0)
(0.135649 0.333975 0)
(-0.0724726 0.606279 0)
(-0.119563 0.757357 0)
(0.0211533 0.39684 0)
(1.49064 -0.292486 0)
(1.11428 -0.734651 0)
(1.22254 -0.877419 0)
(1.3048 -0.89415 0)
(1.44555 -0.840386 0)
(1.59052 -0.79505 0)
(1.85248 -0.749597 0)
(2.28386 -0.367702 0)
(2.38215 -0.429291 0)
(2.38236 0.0221277 0)
(1.87607 0.563712 0)
(1.0523 1.07842 0)
(0.73253 1.09586 0)
(0.57657 0.761597 0)
(0.353632 0.538987 0)
(0.117068 0.445719 0)
(-0.0294782 0.688238 0)
(-0.0651541 0.617314 0)
(1.13966 0.250419 0)
(1.30117 -0.492946 0)
(1.28319 -0.743852 0)
(1.42842 -0.918864 0)
(1.4785 -0.937663 0)
(1.55544 -0.891551 0)
(1.6325 -0.885641 0)
(2.00463 -0.895597 0)
(2.01328 -0.698234 0)
(2.00187 -0.332935 0)
(1.79194 0.202468 0)
(1.1252 0.777448 0)
(0.605446 1.20682 0)
(0.52674 1.14849 0)
(0.451123 0.830983 0)
(0.290719 0.628802 0)
(0.0982306 0.538939 0)
(-0.0458734 0.626179 0)
(0.0843997 0.411207 0)
(1.40986 -0.136722 0)
(1.2762 -0.531536 0)
(1.45682 -0.786558 0)
(1.54822 -0.944662 0)
(1.56234 -0.946051 0)
(1.59196 -0.928596 0)
(1.6499 -0.94227 0)
(1.89113 -0.978733 0)
(1.69293 -0.717438 0)
(1.4329 -0.130614 0)
(1.06699 0.427575 0)
(0.552938 0.981557 0)
(0.32967 1.28046 0)
(0.364345 1.15167 0)
(0.349524 0.876514 0)
(0.234426 0.701332 0)
(0.0806453 0.618624 0)
(-0.0567653 0.807819 0)
(0.966881 0.0821137 0)
(1.18061 -0.294105 0)
(1.38566 -0.576367 0)
(1.59131 -0.828304 0)
(1.62125 -0.939492 0)
(1.61285 -0.939935 0)
(1.60652 -0.943958 0)
(1.66978 -0.97759 0)
(1.81975 -0.971725 0)
(1.3693 -0.548027 0)
(0.890795 0.0240267 0)
(0.52491 0.631086 0)
(0.180638 1.11248 0)
(0.146466 1.26989 0)
(0.251265 1.11704 0)
(0.268553 0.894941 0)
(0.185887 0.749204 0)
(0.0649828 0.676973 0)
(0.865355 0.22151 0)
(1.10463 -0.121936 0)
(1.23304 -0.361264 0)
(1.56484 -0.680025 0)
(1.68692 -0.868109 0)
(1.67557 -0.929011 0)
(1.63813 -0.931854 0)
(1.61909 -0.953332 0)
(1.70432 -0.981372 0)
(1.72549 -0.883076 0)
(0.981433 -0.336018 0)
(0.411074 0.27214 0)
(0.0822124 0.782252 0)
(-0.0685664 1.14956 0)
(0.0383334 1.22223 0)
(0.176108 1.08634 0)
(0.202374 0.914776 0)
(0.145078 0.795221 0)
(0.0514393 0.732449 0)
(0.0127537 -0.124707 0)
(0.0385782 -0.126882 0)
(0.0656439 -0.131151 0)
(0.0939649 -0.136657 0)
(0.123651 -0.143662 0)
(0.154059 -0.155588 0)
(0.189064 -0.16717 0)
(0.220403 -0.192886 0)
(0.27231 -0.216084 0)
(0.299438 -0.269927 0)
(0.375821 -0.317501 0)
(0.444081 -0.343096 0)
(0.506995 -0.343946 0)
(0.575568 -0.398425 0)
(0.664218 -0.455205 0)
(0.677021 -0.346248 0)
(0.558848 -0.12439 0)
(0.474582 -0.0129442 0)
(0.409085 0.129831 0)
(0.452324 0.252891 0)
(0.41989 0.543627 0)
(0.703352 0.733533 0)
(1.06719 1.8673 0)
(0.0120686 -0.136509 0)
(0.0365355 -0.140414 0)
(0.0627099 -0.148138 0)
(0.0895573 -0.158313 0)
(0.118099 -0.172518 0)
(0.146504 -0.197109 0)
(0.179131 -0.219732 0)
(0.212094 -0.253752 0)
(0.238804 -0.276213 0)
(0.287906 -0.304653 0)
(0.328779 -0.317239 0)
(0.421522 -0.263064 0)
(0.496943 -0.408767 0)
(0.583266 -0.546592 0)
(0.632792 -0.495028 0)
(0.60577 -0.278999 0)
(0.488763 -0.0805644 0)
(0.480714 0.000581846 0)
(0.443359 0.149413 0)
(0.523193 0.196991 0)
(0.570517 0.423345 0)
(0.762006 0.437847 0)
(1.20533 0.869696 0)
(0.0109642 -0.208849 0)
(0.0329834 -0.212103 0)
(0.0566921 -0.217518 0)
(0.0792254 -0.221408 0)
(0.106171 -0.222583 0)
(0.12909 -0.227496 0)
(0.159895 -0.223747 0)
(0.202289 -0.224606 0)
(0.253784 -0.22105 0)
(0.332325 -0.250514 0)
(0.405464 -0.315641 0)
(0.486728 -0.493354 0)
(0.564201 -0.580338 0)
(0.601138 -0.580185 0)
(0.622026 -0.499497 0)
(0.595027 -0.232116 0)
(0.527875 -0.0360146 0)
(0.521962 0.0123557 0)
(0.530837 0.109962 0)
(0.599132 0.118358 0)
(0.695018 0.261666 0)
(0.838763 0.222913 0)
(1.09841 0.41752 0)
(0.0161633 -0.109934 0)
(0.0481048 -0.11538 0)
(0.081999 -0.117784 0)
(0.118848 -0.125416 0)
(0.164223 -0.129353 0)
(0.213456 -0.162551 0)
(0.270439 -0.205822 0)
(0.335108 -0.278162 0)
(0.402247 -0.364153 0)
(0.459606 -0.456437 0)
(0.514784 -0.489236 0)
(0.551206 -0.540231 0)
(0.577603 -0.581295 0)
(0.592469 -0.577019 0)
(0.604716 -0.483885 0)
(0.572659 -0.212201 0)
(0.533305 -0.0246296 0)
(0.543554 0.00605448 0)
(0.576104 0.0647982 0)
(0.629689 0.0543759 0)
(0.737275 0.120043 0)
(0.858254 0.0889162 0)
(1.05591 0.183104 0)
(0.0267117 -0.288069 0)
(0.0770248 -0.294217 0)
(0.127228 -0.302996 0)
(0.170739 -0.325098 0)
(0.223986 -0.341458 0)
(0.272933 -0.367205 0)
(0.323902 -0.389584 0)
(0.371208 -0.41522 0)
(0.409457 -0.435718 0)
(0.451817 -0.472457 0)
(0.471731 -0.498793 0)
(0.49114 -0.563867 0)
(0.526377 -0.591686 0)
(0.547345 -0.574754 0)
(0.556707 -0.45514 0)
(0.511028 -0.183975 0)
(0.503467 -0.0307007 0)
(0.524646 -0.0196344 0)
(0.572187 0.00970045 0)
(0.635632 -0.0108634 0)
(0.752581 -0.0101896 0)
(0.842747 -0.0220286 0)
(1.00705 -0.0280757 0)
(0.0201611 -0.280188 0)
(0.0615812 -0.282147 0)
(0.104025 -0.289961 0)
(0.147902 -0.301109 0)
(0.189824 -0.316213 0)
(0.233005 -0.338655 0)
(0.271107 -0.366671 0)
(0.308571 -0.400905 0)
(0.336797 -0.439893 0)
(0.373398 -0.488471 0)
(0.399922 -0.515831 0)
(0.431564 -0.58572 0)
(0.471283 -0.611939 0)
(0.494438 -0.583751 0)
(0.496493 -0.422456 0)
(0.445467 -0.166872 0)
(0.456821 -0.0591158 0)
(0.492046 -0.0592899 0)
(0.551957 -0.0543777 0)
(0.626463 -0.0936816 0)
(0.728211 -0.117212 0)
(0.811409 -0.139546 0)
(0.95546 -0.188572 0)
(0.0196645 -0.328195 0)
(0.0591107 -0.334335 0)
(0.0972412 -0.343187 0)
(0.136033 -0.357099 0)
(0.171965 -0.374164 0)
(0.207773 -0.396143 0)
(0.241953 -0.42231 0)
(0.278091 -0.452294 0)
(0.309173 -0.485645 0)
(0.346842 -0.525014 0)
(0.373687 -0.551714 0)
(0.409093 -0.623393 0)
(0.44641 -0.637845 0)
(0.464487 -0.59117 0)
(0.442387 -0.393808 0)
(0.389728 -0.166789 0)
(0.411122 -0.097555 0)
(0.456239 -0.108504 0)
(0.519782 -0.125173 0)
(0.598931 -0.175598 0)
(0.687253 -0.209708 0)
(0.766864 -0.248461 0)
(0.896165 -0.30713 0)
(0.0171221 -0.366875 0)
(0.0510991 -0.371026 0)
(0.0851531 -0.379561 0)
(0.118103 -0.391528 0)
(0.151928 -0.409977 0)
(0.184446 -0.430521 0)
(0.216888 -0.456831 0)
(0.248323 -0.485928 0)
(0.276229 -0.517845 0)
(0.311683 -0.558485 0)
(0.326586 -0.588113 0)
(0.361134 -0.652639 0)
(0.396641 -0.652891 0)
(0.409123 -0.574279 0)
(0.362229 -0.339913 0)
(0.330693 -0.168351 0)
(0.360279 -0.137665 0)
(0.417476 -0.163669 0)
(0.481517 -0.19637 0)
(0.558903 -0.254172 0)
(0.636908 -0.294707 0)
(0.715089 -0.344188 0)
(0.82548 -0.406621 0)
(0.0151062 -0.396823 0)
(0.0453522 -0.401544 0)
(0.0751652 -0.40938 0)
(0.104962 -0.421524 0)
(0.133389 -0.436502 0)
(0.161443 -0.456744 0)
(0.188011 -0.479794 0)
(0.214762 -0.507628 0)
(0.238406 -0.540368 0)
(0.267437 -0.575471 0)
(0.286351 -0.605851 0)
(0.324026 -0.677228 0)
(0.35455 -0.667364 0)
(0.351857 -0.550315 0)
(0.28433 -0.303873 0)
(0.280978 -0.190785 0)
(0.312544 -0.185827 0)
(0.378714 -0.225433 0)
(0.438089 -0.265981 0)
(0.511489 -0.326684 0)
(0.578866 -0.372163 0)
(0.654919 -0.431688 0)
(0.752519 -0.506795 0)
(0.0131491 -0.426295 0)
(0.0393428 -0.430565 0)
(0.0653016 -0.438096 0)
(0.0905209 -0.449357 0)
(0.115407 -0.46544 0)
(0.139488 -0.484849 0)
(0.16305 -0.509089 0)
(0.186049 -0.536769 0)
(0.207415 -0.568332 0)
(0.233107 -0.606136 0)
(0.246076 -0.642093 0)
(0.282347 -0.704829 0)
(0.307164 -0.673183 0)
(0.277643 -0.500383 0)
(0.210351 -0.275784 0)
(0.229921 -0.221442 0)
(0.271487 -0.23712 0)
(0.336764 -0.285475 0)
(0.390296 -0.329776 0)
(0.456914 -0.391126 0)
(0.514243 -0.442782 0)
(0.586947 -0.512658 0)
(0.673677 -0.603602 0)
(0.0111556 -0.449604 0)
(0.0334122 -0.4539 0)
(0.0554428 -0.461159 0)
(0.0772349 -0.472161 0)
(0.0981693 -0.486784 0)
(0.118342 -0.5056 0)
(0.137548 -0.527846 0)
(0.155767 -0.554436 0)
(0.172843 -0.585937 0)
(0.191589 -0.620965 0)
(0.203436 -0.660316 0)
(0.234688 -0.724479 0)
(0.253127 -0.661764 0)
(0.186188 -0.442746 0)
(0.150389 -0.270912 0)
(0.180306 -0.260431 0)
(0.235627 -0.294836 0)
(0.29134 -0.340666 0)
(0.339628 -0.387142 0)
(0.397532 -0.447359 0)
(0.444206 -0.503466 0)
(0.508337 -0.583237 0)
(0.58502 -0.680186 0)
(0.00908282 -0.472005 0)
(0.0271643 -0.476181 0)
(0.0452568 -0.48303 0)
(0.0635625 -0.492915 0)
(0.0812067 -0.506877 0)
(0.0977032 -0.52437 0)
(0.113104 -0.54567 0)
(0.127085 -0.57057 0)
(0.139867 -0.599881 0)
(0.150846 -0.634492 0)
(0.160968 -0.67879 0)
(0.180453 -0.738369 0)
(0.186706 -0.632421 0)
(0.0835423 -0.383737 0)
(0.102865 -0.293214 0)
(0.141736 -0.308527 0)
(0.198025 -0.34915 0)
(0.246202 -0.389584 0)
(0.288057 -0.434984 0)
(0.337836 -0.488803 0)
(0.370985 -0.548617 0)
(0.430486 -0.633509 0)
(0.469859 -0.769549 0)
(0.00767473 -0.483901 0)
(0.0229132 -0.487712 0)
(0.0377976 -0.494237 0)
(0.0520307 -0.504047 0)
(0.0662225 -0.516152 0)
(0.0794619 -0.53161 0)
(0.0915126 -0.550486 0)
(0.1017 -0.573156 0)
(0.11 -0.600407 0)
(0.111149 -0.633798 0)
(0.11641 -0.680489 0)
(0.09992 -0.738014 0)
(0.081137 -0.572988 0)
(-0.00417489 -0.353948 0)
(0.0619648 -0.333738 0)
(0.113976 -0.362932 0)
(0.162102 -0.391816 0)
(0.205731 -0.425099 0)
(0.242828 -0.466264 0)
(0.283754 -0.516457 0)
(0.300442 -0.605271 0)
(0.337543 -0.718306 0)
(0.327016 -0.876741 0)
(0.00677435 -0.494968 0)
(0.0201187 -0.498786 0)
(0.0327425 -0.505456 0)
(0.0440676 -0.516087 0)
(0.0545355 -0.530853 0)
(0.0645576 -0.550038 0)
(0.0735512 -0.574407 0)
(0.0805547 -0.603572 0)
(0.0842233 -0.636294 0)
(0.0759733 -0.671711 0)
(0.0676996 -0.711112 0)
(-0.0192051 -0.742338 0)
(-0.0555859 -0.517381 0)
(-0.0471094 -0.374741 0)
(0.045748 -0.389782 0)
(0.091009 -0.405129 0)
(0.13638 -0.428881 0)
(0.174391 -0.469309 0)
(0.204434 -0.529961 0)
(0.21393 -0.600426 0)
(0.205861 -0.67827 0)
(0.252666 -0.720138 0)
(0.277556 -0.37183 0)
(0.00521857 -0.558306 0)
(0.01504 -0.56173 0)
(0.0239678 -0.567263 0)
(0.0311265 -0.574865 0)
(0.0361596 -0.583513 0)
(0.0400378 -0.591969 0)
(0.0454762 -0.60004 0)
(0.0559023 -0.610819 0)
(0.0691084 -0.632587 0)
(0.0650102 -0.657757 0)
(0.00694861 -0.653802 0)
(-0.165968 -0.588498 0)
(-0.112571 -0.553874 0)
(-0.0376163 -0.490379 0)
(0.0389799 -0.503015 0)
(0.0784802 -0.509089 0)
(0.103311 -0.527502 0)
(0.121751 -0.551461 0)
(0.138686 -0.58963 0)
(0.138587 -0.582341 0)
(0.0587366 -0.248175 0)
(-0.152248 0.151012 0)
(-0.609242 -0.530839 0)
(0.00313987 -0.548158 0)
(0.00820028 -0.545206 0)
(0.0140264 -0.536956 0)
(0.0200184 -0.518921 0)
(0.0282673 -0.48179 0)
(0.0397294 -0.411768 0)
(0.0506091 -0.288962 0)
(0.0501014 -0.101774 0)
(-0.0141784 0.106512 0)
(-0.0751614 0.245661 0)
(-0.282779 0.326816 0)
(-0.359311 -0.142134 0)
(-0.146338 -0.607715 0)
(-0.0175132 -0.589473 0)
(0.0204699 -0.565411 0)
(0.0399245 -0.526138 0)
(0.044186 -0.448531 0)
(0.00285011 -0.206332 0)
(-0.114124 0.207886 0)
(-0.272493 0.241057 0)
(-0.410791 -0.301784 0)
(-0.355688 -0.585166 0)
(-0.535585 -0.151528 0)
(-0.0186411 0.0720888 0)
(-0.0581762 0.0678186 0)
(-0.0982896 0.0500673 0)
(-0.140803 0.0121097 0)
(-0.186201 -0.0498128 0)
(-0.232071 -0.164051 0)
(-0.279357 -0.327453 0)
(-0.318055 -0.547413 0)
(-0.310866 -0.75625 0)
(-0.23455 -0.841128 0)
(-0.0466081 -0.871056 0)
(0.177017 -0.806104 0)
(0.109558 -0.346175 0)
(-0.059793 -0.0589807 0)
(-0.213818 0.0435048 0)
(-0.354547 0.0814533 0)
(-0.456296 0.0059701 0)
(-0.500409 -0.283778 0)
(-0.39833 -0.668711 0)
(-0.223895 -0.773991 0)
(-0.144391 -0.630302 0)
(-0.374871 -0.215619 0)
(-0.710674 0.0860706 0)
(-0.0128666 -0.787443 0)
(-0.0361546 -0.793275 0)
(-0.0519137 -0.797023 0)
(-0.0638896 -0.797867 0)
(-0.0699952 -0.796033 0)
(-0.0764451 -0.788004 0)
(-0.0819532 -0.768074 0)
(-0.084075 -0.730364 0)
(-0.100454 -0.678689 0)
(-0.133912 -0.633251 0)
(-0.166299 -0.637358 0)
(-0.251374 -0.744784 0)
(-0.366386 -0.713971 0)
(-0.419523 -0.602251 0)
(-0.400751 -0.607311 0)
(-0.35388 -0.663402 0)
(-0.274584 -0.692555 0)
(-0.202355 -0.673532 0)
(-0.186533 -0.575171 0)
(-0.256273 -0.380744 0)
(-0.473391 -0.0786301 0)
(-0.712118 0.10946 0)
(-0.73793 0.145577 0)
(-0.00186579 -0.330979 0)
(-0.0061452 -0.336299 0)
(-0.0107211 -0.339375 0)
(-0.0221373 -0.347025 0)
(-0.0387844 -0.359909 0)
(-0.0629162 -0.380284 0)
(-0.0923351 -0.403993 0)
(-0.126012 -0.43261 0)
(-0.16385 -0.465826 0)
(-0.207927 -0.490843 0)
(-0.264871 -0.509004 0)
(-0.334402 -0.522083 0)
(-0.379857 -0.439202 0)
(-0.387357 -0.356564 0)
(-0.356401 -0.326194 0)
(-0.361964 -0.321998 0)
(-0.389472 -0.341002 0)
(-0.436213 -0.373791 0)
(-0.525625 -0.371891 0)
(-0.652868 -0.254222 0)
(-0.738786 -0.0552249 0)
(-0.745479 0.0511691 0)
(-0.694423 0.115308 0)
(-0.00772141 -0.438804 0)
(-0.023242 -0.45018 0)
(-0.0376796 -0.458432 0)
(-0.0534652 -0.468399 0)
(-0.0705724 -0.479664 0)
(-0.0905404 -0.490371 0)
(-0.114451 -0.498655 0)
(-0.142668 -0.503869 0)
(-0.175723 -0.505829 0)
(-0.21223 -0.501645 0)
(-0.253765 -0.496683 0)
(-0.304704 -0.490032 0)
(-0.351449 -0.444404 0)
(-0.378652 -0.402544 0)
(-0.402341 -0.389278 0)
(-0.43263 -0.394195 0)
(-0.473024 -0.409649 0)
(-0.530861 -0.415611 0)
(-0.619779 -0.370051 0)
(-0.707306 -0.224805 0)
(-0.721992 -0.0385521 0)
(-0.684906 0.035171 0)
(-0.626583 0.0615332 0)
(-0.00647286 -0.473156 0)
(-0.0196615 -0.480189 0)
(-0.0336966 -0.48023 0)
(-0.0492726 -0.480985 0)
(-0.0669346 -0.482234 0)
(-0.0874419 -0.483934 0)
(-0.111478 -0.485344 0)
(-0.139345 -0.485878 0)
(-0.171141 -0.484535 0)
(-0.206596 -0.481298 0)
(-0.248003 -0.478109 0)
(-0.296974 -0.469861 0)
(-0.340551 -0.44689 0)
(-0.366936 -0.423384 0)
(-0.388672 -0.40047 0)
(-0.414555 -0.380246 0)
(-0.451996 -0.357235 0)
(-0.504215 -0.322138 0)
(-0.582673 -0.270208 0)
(-0.644227 -0.191379 0)
(-0.633673 -0.0771156 0)
(-0.602821 -0.00198769 0)
(-0.569568 0.0280842 0)
(-0.00720123 -0.409807 0)
(-0.0222654 -0.418021 0)
(-0.0379112 -0.419882 0)
(-0.0547668 -0.422537 0)
(-0.0733301 -0.425453 0)
(-0.0941191 -0.428179 0)
(-0.117444 -0.429955 0)
(-0.14344 -0.430198 0)
(-0.171887 -0.428423 0)
(-0.202872 -0.424666 0)
(-0.237177 -0.419764 0)
(-0.272885 -0.411257 0)
(-0.305779 -0.392564 0)
(-0.334515 -0.365586 0)
(-0.361424 -0.34004 0)
(-0.389809 -0.316348 0)
(-0.419812 -0.291538 0)
(-0.454763 -0.260992 0)
(-0.501411 -0.216697 0)
(-0.541274 -0.14711 0)
(-0.554879 -0.0750047 0)
(-0.537225 -0.0299806 0)
(-0.506142 0.0105418 0)
(-0.00770273 -0.405095 0)
(-0.0237971 -0.412452 0)
(-0.0402988 -0.412946 0)
(-0.057718 -0.413876 0)
(-0.0763183 -0.414656 0)
(-0.096305 -0.414923 0)
(-0.117826 -0.414224 0)
(-0.140816 -0.412078 0)
(-0.165317 -0.408232 0)
(-0.191549 -0.402252 0)
(-0.219229 -0.392788 0)
(-0.247878 -0.378346 0)
(-0.277932 -0.359236 0)
(-0.307109 -0.33767 0)
(-0.336134 -0.316384 0)
(-0.366434 -0.293889 0)
(-0.399653 -0.268064 0)
(-0.432023 -0.237702 0)
(-0.455644 -0.206698 0)
(-0.466769 -0.163742 0)
(-0.475665 -0.0974623 0)
(-0.476496 -0.0299209 0)
(-0.470507 0.0104695 0)
(-0.00775341 -0.38711 0)
(-0.0239425 -0.393608 0)
(-0.0404889 -0.393206 0)
(-0.0577253 -0.392691 0)
(-0.0758745 -0.391805 0)
(-0.0951653 -0.390314 0)
(-0.115721 -0.387939 0)
(-0.13761 -0.384338 0)
(-0.160875 -0.379039 0)
(-0.185497 -0.371548 0)
(-0.211228 -0.361391 0)
(-0.237467 -0.348201 0)
(-0.263129 -0.332614 0)
(-0.288595 -0.314797 0)
(-0.311774 -0.292445 0)
(-0.333509 -0.267139 0)
(-0.353408 -0.238744 0)
(-0.376709 -0.206963 0)
(-0.404304 -0.163884 0)
(-0.430726 -0.113403 0)
(-0.438497 -0.0715125 0)
(-0.434236 -0.0415847 0)
(-0.428415 0.00118412 0)
(-0.00767585 -0.37437 0)
(-0.0234782 -0.380676 0)
(-0.0396166 -0.380063 0)
(-0.0563061 -0.379271 0)
(-0.0737498 -0.377924 0)
(-0.0921351 -0.375807 0)
(-0.111602 -0.372622 0)
(-0.13225 -0.368063 0)
(-0.154096 -0.361821 0)
(-0.176881 -0.353481 0)
(-0.200034 -0.342567 0)
(-0.222995 -0.328733 0)
(-0.24568 -0.31153 0)
(-0.267953 -0.291383 0)
(-0.290825 -0.270321 0)
(-0.31343 -0.246948 0)
(-0.335845 -0.221159 0)
(-0.356213 -0.192622 0)
(-0.371768 -0.162071 0)
(-0.380137 -0.126451 0)
(-0.385439 -0.0831862 0)
(-0.391143 -0.0380792 0)
(-0.392174 -0.00037794 0)
(-0.00747272 -0.355901 0)
(-0.0230106 -0.36157 0)
(-0.0387513 -0.36041 0)
(-0.054949 -0.358774 0)
(-0.0717071 -0.356386 0)
(-0.0891268 -0.353083 0)
(-0.107266 -0.348673 0)
(-0.126128 -0.342925 0)
(-0.145661 -0.335591 0)
(-0.165766 -0.326413 0)
(-0.186304 -0.315193 0)
(-0.207094 -0.301927 0)
(-0.227795 -0.286735 0)
(-0.248001 -0.269248 0)
(-0.267216 -0.248672 0)
(-0.285514 -0.225521 0)
(-0.302639 -0.199687 0)
(-0.318814 -0.171018 0)
(-0.333713 -0.138619 0)
(-0.346045 -0.104213 0)
(-0.353205 -0.0709356 0)
(-0.35583 -0.0386518 0)
(-0.355835 -0.00389728 0)
(-0.00724262 -0.342968 0)
(-0.0221615 -0.348389 0)
(-0.0372597 -0.347028 0)
(-0.0526993 -0.345094 0)
(-0.0685705 -0.342338 0)
(-0.0849573 -0.338616 0)
(-0.101906 -0.333749 0)
(-0.119418 -0.327541 0)
(-0.137431 -0.319767 0)
(-0.15579 -0.3102 0)
(-0.174294 -0.298668 0)
(-0.192748 -0.285027 0)
(-0.211016 -0.26919 0)
(-0.228984 -0.251307 0)
(-0.246442 -0.231593 0)
(-0.263058 -0.209814 0)
(-0.278577 -0.185964 0)
(-0.292493 -0.159906 0)
(-0.304113 -0.131666 0)
(-0.312745 -0.101183 0)
(-0.318377 -0.0690172 0)
(-0.321867 -0.0367864 0)
(-0.323222 -0.00520172 0)
(-0.00688914 -0.32755 0)
(-0.0211133 -0.332573 0)
(-0.0354542 -0.330946 0)
(-0.0500576 -0.328611 0)
(-0.064979 -0.325352 0)
(-0.0802717 -0.321062 0)
(-0.0959569 -0.315614 0)
(-0.112019 -0.308861 0)
(-0.1284 -0.300658 0)
(-0.144998 -0.290873 0)
(-0.161686 -0.279399 0)
(-0.178306 -0.26617 0)
(-0.194664 -0.251126 0)
(-0.210555 -0.234158 0)
(-0.225795 -0.215183 0)
(-0.240186 -0.194261 0)
(-0.253474 -0.171403 0)
(-0.265374 -0.146669 0)
(-0.275523 -0.120196 0)
(-0.283424 -0.0924384 0)
(-0.288573 -0.0639878 0)
(-0.291489 -0.03526 0)
(-0.292856 -0.00625288 0)
(-0.0065156 -0.314394 0)
(-0.019931 -0.31916 0)
(-0.0334277 -0.317386 0)
(-0.0471198 -0.314827 0)
(-0.0610414 -0.311297 0)
(-0.0752252 -0.30671 0)
(-0.0896784 -0.30096 0)
(-0.104378 -0.293933 0)
(-0.119266 -0.285511 0)
(-0.134257 -0.275589 0)
(-0.149238 -0.264082 0)
(-0.164081 -0.250923 0)
(-0.178646 -0.236073 0)
(-0.192769 -0.219535 0)
(-0.206258 -0.201317 0)
(-0.218908 -0.181422 0)
(-0.23049 -0.159892 0)
(-0.240746 -0.136799 0)
(-0.249408 -0.112289 0)
(-0.256177 -0.086597 0)
(-0.260755 -0.06014 0)
(-0.263466 -0.0334631 0)
(-0.264912 -0.00672109 0)
(-0.00608902 -0.301406 0)
(-0.0186206 -0.305908 0)
(-0.031203 -0.304012 0)
(-0.043927 -0.301264 0)
(-0.0568115 -0.297506 0)
(-0.0698753 -0.292674 0)
(-0.0831154 -0.28669 0)
(-0.0965058 -0.27947 0)
(-0.109996 -0.270932 0)
(-0.12351 -0.261003 0)
(-0.136956 -0.249622 0)
(-0.150218 -0.236743 0)
(-0.163164 -0.222335 0)
(-0.17565 -0.206383 0)
(-0.187518 -0.188894 0)
(-0.198593 -0.169909 0)
(-0.208685 -0.149492 0)
(-0.217593 -0.127751 0)
(-0.22512 -0.104846 0)
(-0.231053 -0.0810007 0)
(-0.235142 -0.0565179 0)
(-0.237581 -0.0317742 0)
(-0.238969 -0.00692547 0)
(-0.00563987 -0.289544 0)
(-0.0172339 -0.293833 0)
(-0.0288559 -0.291861 0)
(-0.0405784 -0.288989 0)
(-0.0524083 -0.285087 0)
(-0.0643534 -0.280106 0)
(-0.0764046 -0.273986 0)
(-0.0885346 -0.266666 0)
(-0.100697 -0.258086 0)
(-0.112827 -0.248193 0)
(-0.124843 -0.236944 0)
(-0.136646 -0.224309 0)
(-0.148125 -0.210275 0)
(-0.159154 -0.194845 0)
(-0.169593 -0.178045 0)
(-0.179295 -0.159918 0)
(-0.188103 -0.14054 0)
(-0.195855 -0.120018 0)
(-0.202406 -0.098502 0)
(-0.207605 -0.0761767 0)
(-0.211262 -0.0532866 0)
(-0.21347 -0.0301434 0)
(-0.214774 -0.00691207 0)
(-0.00516944 -0.278537 0)
(-0.0157879 -0.282637 0)
(-0.0264179 -0.280613 0)
(-0.0371167 -0.277656 0)
(-0.0478835 -0.273658 0)
(-0.0587185 -0.268583 0)
(-0.0696087 -0.262389 0)
(-0.080527 -0.255031 0)
(-0.0914309 -0.246468 0)
(-0.102263 -0.236664 0)
(-0.112953 -0.225591 0)
(-0.123415 -0.213233 0)
(-0.133552 -0.199588 0)
(-0.143257 -0.184669 0)
(-0.152413 -0.168509 0)
(-0.160896 -0.151162 0)
(-0.168578 -0.132707 0)
(-0.175333 -0.11325 0)
(-0.181046 -0.0929309 0)
(-0.185609 -0.0719108 0)
(-0.188874 -0.0503875 0)
(-0.190873 -0.0286143 0)
(-0.192074 -0.00675915 0)
(-0.00468637 -0.268523 0)
(-0.0143041 -0.272462 0)
(-0.0239222 -0.270409 0)
(-0.0335858 -0.267398 0)
(-0.0432887 -0.263344 0)
(-0.053026 -0.25822 0)
(-0.0627825 -0.251996 0)
(-0.0725317 -0.244643 0)
(-0.0822352 -0.236132 0)
(-0.0918425 -0.226442 0)
(-0.101292 -0.215557 0)
(-0.11051 -0.203472 0)
(-0.119415 -0.190196 0)
(-0.127914 -0.175751 0)
(-0.135912 -0.160176 0)
(-0.143305 -0.143529 0)
(-0.14999 -0.12589 0)
(-0.155865 -0.107361 0)
(-0.160843 -0.0880689 0)
(-0.164842 -0.0681573 0)
(-0.16775 -0.0477932 0)
(-0.169559 -0.0271877 0)
(-0.170661 -0.00650462 0)
(-0.00419461 -0.259493 0)
(-0.0127955 -0.263294 0)
(-0.0213902 -0.261226 0)
(-0.030014 -0.258184 0)
(-0.0386575 -0.2541 0)
(-0.0473123 -0.248957 0)
(-0.0559621 -0.242736 0)
(-0.0645816 -0.235416 0)
(-0.0731362 -0.226982 0)
(-0.0815817 -0.217421 0)
(-0.0898648 -0.206729 0)
(-0.0979233 -0.194911 0)
(-0.105687 -0.181982 0)
(-0.113081 -0.167972 0)
(-0.120023 -0.152923 0)
(-0.126429 -0.136897 0)
(-0.132218 -0.119971 0)
(-0.137308 -0.102244 0)
(-0.141629 -0.0838296 0)
(-0.145122 -0.0648595 0)
(-0.147701 -0.0454783 0)
(-0.149339 -0.0258657 0)
(-0.150346 -0.00617864 0)
(-0.00369706 -0.251472 0)
(-0.0112714 -0.255154 0)
(-0.0188373 -0.253081 0)
(-0.0264218 -0.250022 0)
(-0.0340137 -0.245927 0)
(-0.0416024 -0.240786 0)
(-0.049171 -0.234586 0)
(-0.056696 -0.227317 0)
(-0.0641468 -0.218971 0)
(-0.071485 -0.209545 0)
(-0.078665 -0.199041 0)
(-0.0856345 -0.187473 0)
(-0.0923352 -0.174862 0)
(-0.0987039 -0.161242 0)
(-0.104674 -0.146659 0)
(-0.110179 -0.131174 0)
(-0.115152 -0.114865 0)
(-0.119529 -0.0978215 0)
(-0.123256 -0.0801519 0)
(-0.126287 -0.061975 0)
(-0.128561 -0.0434203 0)
(-0.130042 -0.0246434 0)
(-0.130965 -0.00579426 0)
(-0.00319331 -0.24447 0)
(-0.00973475 -0.248051 0)
(-0.0162721 -0.245977 0)
(-0.022821 -0.242909 0)
(-0.0293715 -0.238813 0)
(-0.0359106 -0.233684 0)
(-0.0424218 -0.227518 0)
(-0.0488838 -0.220307 0)
(-0.0552697 -0.212053 0)
(-0.0615471 -0.202757 0)
(-0.0676775 -0.19243 0)
(-0.0736174 -0.181089 0)
(-0.0793187 -0.168761 0)
(-0.0847299 -0.155484 0)
(-0.0897974 -0.141306 0)
(-0.0944672 -0.126287 0)
(-0.0986869 -0.1105 0)
(-0.102408 -0.094034 0)
(-0.105588 -0.0769873 0)
(-0.108193 -0.0594701 0)
(-0.110181 -0.041601 0)
(-0.111515 -0.0235181 0)
(-0.112368 -0.00536381 0)
(-0.00267952 -0.238496 0)
(-0.00818241 -0.241987 0)
(-0.0136964 -0.239913 0)
(-0.0192148 -0.236838 0)
(-0.0247335 -0.232747 0)
(-0.0302381 -0.227638 0)
(-0.0357125 -0.221508 0)
(-0.0411383 -0.214358 0)
(-0.0464928 -0.206191 0)
(-0.0517488 -0.197016 0)
(-0.0568749 -0.186847 0)
(-0.0618354 -0.175707 0)
(-0.0665911 -0.163625 0)
(-0.0711004 -0.150641 0)
(-0.0753207 -0.136805 0)
(-0.0792095 -0.122177 0)
(-0.0827265 -0.106826 0)
(-0.0858351 -0.0908357 0)
(-0.0885043 -0.0742991 0)
(-0.0907098 -0.0573191 0)
(-0.0924249 -0.0400057 0)
(-0.0936199 -0.0224833 0)
(-0.0944146 -0.00488864 0)
(-0.00215206 -0.233539 0)
(-0.00660707 -0.23692 0)
(-0.0111087 -0.234852 0)
(-0.0155977 -0.231775 0)
(-0.0200868 -0.227694 0)
(-0.0245626 -0.222609 0)
(-0.0290109 -0.216519 0)
(-0.0334175 -0.209427 0)
(-0.0377647 -0.201339 0)
(-0.042031 -0.192269 0)
(-0.0461912 -0.182237 0)
(-0.0502167 -0.171267 0)
(-0.0540755 -0.159394 0)
(-0.057734 -0.146657 0)
(-0.0611578 -0.133105 0)
(-0.0643134 -0.118798 0)
(-0.0671703 -0.103801 0)
(-0.0697022 -0.0881935 0)
(-0.0718885 -0.072062 0)
(-0.0737143 -0.0555052 0)
(-0.0751643 -0.0386262 0)
(-0.076222 -0.0215368 0)
(-0.0769729 -0.0043698 0)
(-0.00160904 -0.229691 0)
(-0.00500907 -0.232893 0)
(-0.00853275 -0.230845 0)
(-0.011987 -0.227775 0)
(-0.0154207 -0.223703 0)
(-0.018838 -0.218636 0)
(-0.0222331 -0.212571 0)
(-0.0255979 -0.205513 0)
(-0.0289256 -0.197474 0)
(-0.0322053 -0.188474 0)
(-0.0354148 -0.178533 0)
(-0.0385354 -0.167684 0)
(-0.0415426 -0.155963 0)
(-0.0444085 -0.143414 0)
(-0.0471032 -0.130087 0)
(-0.049596 -0.116039 0)
(-0.0518583 -0.101332 0)
(-0.0538676 -0.0860368 0)
(-0.0556104 -0.0702303 0)
(-0.0570802 -0.0540063 0)
(-0.0582734 -0.0374596 0)
(-0.0591915 -0.0206773 0)
(-0.0599051 -0.00378102 0)
(-0.00107128 -0.227133 0)
(-0.00349222 -0.230064 0)
(-0.00614451 -0.228059 0)
(-0.00861654 -0.225001 0)
(-0.0109873 -0.220915 0)
(-0.0132896 -0.215823 0)
(-0.015541 -0.209743 0)
(-0.0177492 -0.202685 0)
(-0.019917 -0.194662 0)
(-0.0220471 -0.185688 0)
(-0.0241491 -0.175789 0)
(-0.0262242 -0.164994 0)
(-0.0282743 -0.15334 0)
(-0.0302975 -0.140876 0)
(-0.032286 -0.127656 0)
(-0.0342227 -0.113747 0)
(-0.0360767 -0.0992184 0)
(-0.0378005 -0.084149 0)
(-0.0393314 -0.0686158 0)
(-0.0405772 -0.0526856 0)
(-0.04156 -0.0364356 0)
(-0.0423456 -0.019955 0)
(-0.0430746 -0.00327977 0)
(-0.000635314 -0.224696 0)
(-0.00245465 -0.226841 0)
(-0.00460059 -0.224925 0)
(-0.00662146 -0.222059 0)
(-0.00867093 -0.218227 0)
(-0.0106288 -0.213383 0)
(-0.0124729 -0.207532 0)
(-0.01418 -0.200686 0)
(-0.0157298 -0.192862 0)
(-0.0171044 -0.184079 0)
(-0.018291 -0.174363 0)
(-0.0192833 -0.163743 0)
(-0.0200834 -0.152254 0)
(-0.0207026 -0.139935 0)
(-0.0211643 -0.126835 0)
(-0.0215074 -0.113007 0)
(-0.0217904 -0.0985118 0)
(-0.0220919 -0.0834156 0)
(-0.0225065 -0.0677866 0)
(-0.0231552 -0.0516923 0)
(-0.0240316 -0.035218 0)
(-0.0250632 -0.0185222 0)
(-0.0262303 -0.00189423 0)
(-0.000556202 -0.222889 0)
(-0.002463 -0.224202 0)
(-0.00483726 -0.222374 0)
(-0.00685985 -0.219567 0)
(-0.00880079 -0.215762 0)
(-0.0106232 -0.210985 0)
(-0.0123152 -0.205246 0)
(-0.0138567 -0.198556 0)
(-0.0152261 -0.19093 0)
(-0.0164011 -0.182383 0)
(-0.0173594 -0.172933 0)
(-0.0180796 -0.162605 0)
(-0.0185427 -0.151427 0)
(-0.0187343 -0.139433 0)
(-0.0186451 -0.126662 0)
(-0.0182711 -0.113159 0)
(-0.017615 -0.0989721 0)
(-0.0166876 -0.0841563 0)
(-0.0155128 -0.0687698 0)
(-0.01414 -0.052878 0)
(-0.0126696 -0.0365253 0)
(-0.0112967 -0.0196846 0)
(-0.0102947 -0.00225369 0)
(1.52103 1.41938 0)
(1.26203 0.991261 0)
(0.848808 0.599412 0)
(0.713814 0.346487 0)
(1.47746 0.652155 0)
(1.64014 0.327988 0)
(1.71826 0.0939242 0)
(1.76812 -0.123001 0)
(1.36013 0.373307 0)
(1.52055 0.251333 0)
(1.6244 0.136419 0)
(1.69516 0.00606971 0)
(1.20189 0.0956796 0)
(1.31616 0.0141774 0)
(1.39608 -0.0789389 0)
(1.47222 -0.179208 0)
(1.1297 -0.11668 0)
(1.19988 -0.153855 0)
(1.25701 -0.200643 0)
(1.31635 -0.261096 0)
(1.04487 -0.249083 0)
(1.09038 -0.262134 0)
(1.14928 -0.321665 0)
(1.20591 -0.368459 0)
(0.959066 -0.34557 0)
(1.00925 -0.388037 0)
(1.07316 -0.451242 0)
(1.11354 -0.471487 0)
(0.883791 -0.464117 0)
(0.946882 -0.51608 0)
(0.98731 -0.544739 0)
(1.03105 -0.572002 0)
(0.817038 -0.575377 0)
(0.867378 -0.611421 0)
(0.895703 -0.639063 0)
(0.967645 -0.683793 0)
(0.737141 -0.670272 0)
(0.773312 -0.701523 0)
(0.817363 -0.751014 0)
(0.879847 -0.824747 0)
(0.636117 -0.766464 0)
(0.678885 -0.829707 0)
(0.697032 -0.906862 0)
(0.688717 -0.907898 0)
(0.494045 -0.900688 0)
(0.501924 -0.948784 0)
(0.506925 -0.885009 0)
(0.375599 -0.166379 0)
(0.493274 -0.854157 0)
(0.426683 -0.489042 0)
(0.025621 0.424523 0)
(-0.473187 0.139601 0)
(-0.246716 0.212198 0)
(-0.749665 -0.0340593 0)
(-0.618352 0.34417 0)
(-0.742674 0.425202 0)
(-0.713568 -0.264555 0)
(-0.690076 0.157686 0)
(-0.663497 0.231343 0)
(-0.660504 0.274026 0)
(-0.748769 0.276014 0)
(-0.781149 0.297884 0)
(-0.772872 0.325914 0)
(-0.739994 0.327891 0)
(-0.712999 0.166679 0)
(-0.691269 0.190458 0)
(-0.683694 0.20617 0)
(-0.682661 0.23893 0)
(-0.695067 0.170732 0)
(-0.684075 0.168595 0)
(-0.676199 0.204026 0)
(-0.667917 0.236194 0)
(-0.65801 0.136569 0)
(-0.658739 0.16398 0)
(-0.645035 0.187059 0)
(-0.622174 0.192798 0)
(-0.611022 0.107289 0)
(-0.607386 0.127191 0)
(-0.576494 0.132675 0)
(-0.559945 0.141202 0)
(-0.552382 0.0677465 0)
(-0.541287 0.0852376 0)
(-0.514629 0.0964114 0)
(-0.515642 0.131331 0)
(-0.509821 0.0449365 0)
(-0.501135 0.0574242 0)
(-0.483286 0.0845584 0)
(-0.491675 0.117852 0)
(-0.463485 0.0304406 0)
(-0.461986 0.0537964 0)
(-0.45213 0.0729316 0)
(-0.451302 0.103141 0)
(-0.424115 0.0317141 0)
(-0.424319 0.0471831 0)
(-0.415885 0.0690915 0)
(-0.41288 0.0868137 0)
(-0.38682 0.025 0)
(-0.38531 0.0428346 0)
(-0.379701 0.060333 0)
(-0.375046 0.076222 0)
(-0.352566 0.0216343 0)
(-0.350724 0.0370028 0)
(-0.346205 0.0530288 0)
(-0.341796 0.0672227 0)
(-0.320614 0.0178506 0)
(-0.31889 0.0323635 0)
(-0.315661 0.0468276 0)
(-0.311596 0.0601928 0)
(-0.291084 0.0151275 0)
(-0.289626 0.0284586 0)
(-0.287297 0.0418497 0)
(-0.283728 0.0544457 0)
(-0.263703 0.0130098 0)
(-0.262484 0.0254109 0)
(-0.260832 0.0378373 0)
(-0.257746 0.0497387 0)
(-0.238182 0.0114227 0)
(-0.237172 0.0229977 0)
(-0.236005 0.0345973 0)
(-0.233381 0.045841 0)
(-0.214299 0.0102419 0)
(-0.213457 0.021101 0)
(-0.212633 0.0319764 0)
(-0.210438 0.04261 0)
(-0.191827 0.00937368 0)
(-0.191134 0.0196133 0)
(-0.190555 0.029859 0)
(-0.188746 0.0399373 0)
(-0.170585 0.00875404 0)
(-0.170022 0.0184578 0)
(-0.169618 0.0281591 0)
(-0.168155 0.0377403 0)
(-0.150397 0.0083366 0)
(-0.149956 0.0175807 0)
(-0.149684 0.0268145 0)
(-0.148526 0.0359579 0)
(-0.131115 0.00809182 0)
(-0.130788 0.0169451 0)
(-0.130616 0.0257811 0)
(-0.12973 0.0345449 0)
(-0.112596 0.00800031 0)
(-0.11238 0.0165264 0)
(-0.112292 0.0250293 0)
(-0.111649 0.03347 0)
(-0.0947085 0.00805236 0)
(-0.0946026 0.0163119 0)
(-0.0945904 0.024542 0)
(-0.0941668 0.0327143 0)
(-0.0773264 0.00824722 0)
(-0.0773306 0.0162988 0)
(-0.0773979 0.0243141 0)
(-0.0771766 0.0322706 0)
(-0.0603204 0.008598 0)
(-0.0604433 0.016499 0)
(-0.0606004 0.0243552 0)
(-0.060574 0.0321474 0)
(-0.0435876 0.00907252 0)
(-0.0438233 0.0169113 0)
(-0.0440876 0.0246746 0)
(-0.0442531 0.0323525 0)
(-0.026754 0.0101256 0)
(-0.0272781 0.0178168 0)
(-0.0277937 0.0254602 0)
(-0.0282488 0.0330344 0)
(-0.0102913 0.0103562 0)
(-0.0102556 0.0184013 0)
(-0.0103286 0.0262518 0)
(-0.0104832 0.0339347 0)
(0.858784 0.0318431 0)
(1.2408 -0.261534 0)
(1.58737 -0.571747 0)
(1.73099 -0.789076 0)
(1.75632 -0.88322 0)
(1.71725 -0.909022 0)
(1.65267 -0.915267 0)
(1.63672 -0.944785 0)
(1.74666 -0.979206 0)
(1.45798 -0.670219 0)
(0.555024 0.111357 0)
(0.0956293 0.546882 0)
(-0.13975 0.875965 0)
(-0.14519 1.1013 0)
(-0.00942976 1.12812 0)
(0.0943525 1.03524 0)
(0.120685 0.91999 0)
(0.0919306 0.833348 0)
(0.0332851 0.784648 0)
(1.86195 -0.329846 0)
(1.88309 -0.498995 0)
(1.8672 -0.657374 0)
(1.83814 -0.80588 0)
(1.79307 -0.856729 0)
(1.71559 -0.832607 0)
(1.62698 -0.864857 0)
(1.66389 -0.9144 0)
(1.67444 -0.859119 0)
(0.862085 -0.0255691 0)
(0.206938 0.608646 0)
(-0.038969 0.778793 0)
(-0.152988 0.929946 0)
(-0.116085 1.02701 0)
(-0.0311987 1.03002 0)
(0.031671 0.978128 0)
(0.0553361 0.912292 0)
(0.046566 0.858607 0)
(0.0173162 0.825465 0)
(1.74918 -0.170078 0)
(1.76182 -0.361386 0)
(1.75201 -0.567997 0)
(1.74271 -0.708102 0)
(1.68673 -0.743512 0)
(1.60594 -0.760351 0)
(1.59647 -0.833727 0)
(1.73771 -0.897461 0)
(1.23513 -0.401266 0)
(0.305856 0.578214 0)
(0.0357466 0.880697 0)
(-0.0822675 0.907079 0)
(-0.122906 0.952604 0)
(-0.0945221 0.981332 0)
(-0.0450138 0.975677 0)
(-0.00485153 0.944378 0)
(0.0159018 0.904611 0)
(0.0179026 0.870815 0)
(0.00701206 0.847484 0)
(1.53382 -0.322923 0)
(1.59057 -0.495737 0)
(1.63948 -0.659151 0)
(1.62852 -0.745307 0)
(1.57976 -0.752331 0)
(1.5302 -0.793127 0)
(1.66792 -0.847242 0)
(1.444 -0.582112 0)
(0.398181 0.404835 0)
(-0.00266145 0.938035 0)
(-0.0759686 0.986573 0)
(-0.116786 0.958089 0)
(-0.116257 0.953934 0)
(-0.092825 0.954401 0)
(-0.0591099 0.94254 0)
(-0.0293768 0.919773 0)
(-0.00964331 0.893314 0)
(-0.000760744 0.871061 0)
(0.000202486 0.853653 0)
(1.39775 -0.35841 0)
(1.49084 -0.511746 0)
(1.54521 -0.629936 0)
(1.54575 -0.670814 0)
(1.49937 -0.698218 0)
(1.59034 -0.745711 0)
(1.71109 -0.611521 0)
(0.728064 0.124633 0)
(-0.0285357 0.873607 0)
(-0.130498 1.04007 0)
(-0.144136 1.00282 0)
(-0.141228 0.966168 0)
(-0.124422 0.94551 0)
(-0.102126 0.931405 0)
(-0.0736356 0.916285 0)
(-0.0477012 0.897791 0)
(-0.0273071 0.87871 0)
(-0.0133569 0.86336 0)
(-0.00439173 0.849258 0)
(1.29431 -0.451734 0)
(1.40118 -0.590088 0)
(1.44553 -0.667566 0)
(1.4203 -0.705374 0)
(1.46293 -0.764857 0)
(1.6303 -0.710793 0)
(0.700579 0.0159599 0)
(-0.107268 0.831845 0)
(-0.242234 1.0497 0)
(-0.226496 1.0391 0)
(-0.194906 0.986668 0)
(-0.168893 0.950337 0)
(-0.143095 0.925135 0)
(-0.115876 0.907996 0)
(-0.0879923 0.89197 0)
(-0.0623157 0.876187 0)
(-0.0402449 0.861612 0)
(-0.0221903 0.850468 0)
(-0.0074424 0.838786 0)
(1.21491 -0.556701 0)
(1.31212 -0.651165 0)
(1.31845 -0.698447 0)
(1.3516 -0.731151 0)
(1.52135 -0.617867 0)
(0.764523 -0.0519665 0)
(-0.212665 0.73644 0)
(-0.350764 0.990721 0)
(-0.342498 1.03369 0)
(-0.282717 0.996968 0)
(-0.233537 0.954365 0)
(-0.195613 0.923244 0)
(-0.162044 0.900157 0)
(-0.130781 0.882445 0)
(-0.101403 0.867232 0)
(-0.0744431 0.853692 0)
(-0.0502015 0.842158 0)
(-0.0288298 0.833628 0)
(-0.00966957 0.823292 0)
(1.14985 -0.654884 0)
(1.18879 -0.726973 0)
(1.2118 -0.740201 0)
(1.34597 -0.604683 0)
(0.707099 -0.0509594 0)
(-0.315604 0.653886 0)
(-0.442752 0.907 0)
(-0.446169 0.974333 0)
(-0.382116 0.970368 0)
(-0.315423 0.942679 0)
(-0.26138 0.913406 0)
(-0.217311 0.889395 0)
(-0.179 0.870107 0)
(-0.144698 0.854367 0)
(-0.113287 0.84095 0)
(-0.084473 0.829676 0)
(-0.0581237 0.82039 0)
(-0.0339659 0.813764 0)
(-0.0114358 0.804001 0)
(1.04074 -0.765332 0)
(1.06479 -0.77357 0)
(1.19062 -0.579804 0)
(0.553094 0.00287007 0)
(-0.44719 0.590058 0)
(-0.532356 0.828757 0)
(-0.533245 0.901067 0)
(-0.472936 0.913057 0)
(-0.399921 0.904162 0)
(-0.334925 0.887295 0)
(-0.280321 0.868659 0)
(-0.233771 0.851616 0)
(-0.192812 0.836696 0)
(-0.156427 0.823938 0)
(-0.123193 0.813048 0)
(-0.0926429 0.803907 0)
(-0.0643778 0.796611 0)
(-0.0379244 0.791455 0)
(-0.0127257 0.782313 0)
(0.90039 -0.838564 0)
(1.01959 -0.588123 0)
(0.235535 0.0852029 0)
(-0.531056 0.494186 0)
(-0.629314 0.740849 0)
(-0.612873 0.818754 0)
(-0.551873 0.840135 0)
(-0.477669 0.845904 0)
(-0.407722 0.84245 0)
(-0.346094 0.834011 0)
(-0.292409 0.823025 0)
(-0.245265 0.812086 0)
(-0.203299 0.801435 0)
(-0.165527 0.791923 0)
(-0.13097 0.78371 0)
(-0.0990279 0.776644 0)
(-0.0691942 0.77112 0)
(-0.0409038 0.767192 0)
(-0.0137746 0.758477 0)
(0.708305 -0.616976 0)
(-0.0439177 0.164009 0)
(-0.644626 0.398054 0)
(-0.687876 0.626742 0)
(-0.680045 0.717557 0)
(-0.616342 0.756824 0)
(-0.545122 0.772974 0)
(-0.473928 0.782719 0)
(-0.409365 0.785146 0)
(-0.35114 0.78305 0)
(-0.299143 0.778071 0)
(-0.252521 0.772002 0)
(-0.210451 0.765386 0)
(-0.172008 0.759052 0)
(-0.136665 0.753282 0)
(-0.103776 0.748274 0)
(-0.0727495 0.744267 0)
(-0.0431666 0.741425 0)
(-0.014359 0.733141 0)
(-0.386888 0.146761 0)
(-0.769423 0.215399 0)
(-0.677548 0.503206 0)
(-0.728556 0.589925 0)
(-0.655795 0.664243 0)
(-0.59801 0.686001 0)
(-0.528594 0.710975 0)
(-0.465548 0.724109 0)
(-0.406009 0.731746 0)
(-0.351408 0.734572 0)
(-0.301571 0.734322 0)
(-0.256106 0.732289 0)
(-0.214513 0.729219 0)
(-0.176094 0.725764 0)
(-0.140439 0.722217 0)
(-0.106971 0.71912 0)
(-0.0752115 0.716483 0)
(-0.0446435 0.714595 0)
(-0.0150389 0.706482 0)
(-0.360728 0.13967 0)
(-0.7016 0.429384 0)
(-0.667929 0.50101 0)
(-0.699214 0.55277 0)
(-0.612903 0.598718 0)
(-0.57492 0.628694 0)
(-0.50855 0.654313 0)
(-0.453815 0.670645 0)
(-0.398741 0.682029 0)
(-0.347921 0.688707 0)
(-0.300519 0.692227 0)
(-0.256608 0.693514 0)
(-0.215935 0.693403 0)
(-0.178018 0.692438 0)
(-0.14244 0.690964 0)
(-0.108787 0.689505 0)
(-0.076654 0.688126 0)
(-0.0456134 0.687054 0)
(-0.0150772 0.679496 0)
(-0.76987 0.360076 0)
(-0.77597 0.459263 0)
(-0.681531 0.479287 0)
(-0.662069 0.51571 0)
(-0.584583 0.545678 0)
(-0.548254 0.579675 0)
(-0.488598 0.603164 0)
(-0.439402 0.622153 0)
(-0.388744 0.635931 0)
(-0.34146 0.645535 0)
(-0.296649 0.652003 0)
(-0.254602 0.656005 0)
(-0.215144 0.658316 0)
(-0.178033 0.659473 0)
(-0.142892 0.659833 0)
(-0.109393 0.659774 0)
(-0.0772373 0.65952 0)
(-0.0459547 0.659114 0)
(-0.0154642 0.65153 0)
(-0.69216 0.292053 0)
(-0.704363 0.395836 0)
(-0.646839 0.430204 0)
(-0.623988 0.475282 0)
(-0.558183 0.50099 0)
(-0.521732 0.53475 0)
(-0.468531 0.557632 0)
(-0.423397 0.577942 0)
(-0.376821 0.593356 0)
(-0.332793 0.605086 0)
(-0.290574 0.613762 0)
(-0.250526 0.619942 0)
(-0.212512 0.624261 0)
(-0.176426 0.627159 0)
(-0.141994 0.629079 0)
(-0.108946 0.630226 0)
(-0.077036 0.630921 0)
(-0.0458988 0.631157 0)
(-0.0151606 0.624338 0)
(-0.722983 0.342603 0)
(-0.680369 0.358342 0)
(-0.610326 0.388339 0)
(-0.590707 0.437544 0)
(-0.530931 0.460658 0)
(-0.496157 0.493793 0)
(-0.448291 0.516565 0)
(-0.406461 0.537477 0)
(-0.363547 0.554009 0)
(-0.322502 0.567253 0)
(-0.282805 0.577576 0)
(-0.244785 0.585459 0)
(-0.208369 0.591396 0)
(-0.173487 0.595745 0)
(-0.139971 0.598923 0)
(-0.107619 0.601118 0)
(-0.0761968 0.602608 0)
(-0.0455042 0.603332 0)
(-0.0152043 0.596136 0)
(-0.680416 0.298886 0)
(-0.623961 0.326376 0)
(-0.587341 0.351598 0)
(-0.554598 0.402805 0)
(-0.505738 0.423613 0)
(-0.470969 0.456376 0)
(-0.427926 0.479014 0)
(-0.389 0.500276 0)
(-0.349345 0.517554 0)
(-0.311048 0.53187 0)
(-0.273761 0.54342 0)
(-0.237753 0.552609 0)
(-0.202997 0.559818 0)
(-0.169453 0.565362 0)
(-0.137009 0.569558 0)
(-0.105516 0.572631 0)
(-0.0747841 0.574788 0)
(-0.0445427 0.575974 0)
(-0.0147703 0.56977 0)
(-0.628889 0.268732 0)
(-0.581376 0.284718 0)
(-0.564058 0.319845 0)
(-0.516589 0.369934 0)
(-0.482913 0.389116 0)
(-0.445368 0.421988 0)
(-0.40778 0.444382 0)
(-0.371118 0.465899 0)
(-0.334517 0.483686 0)
(-0.298749 0.498769 0)
(-0.263758 0.511228 0)
(-0.229723 0.521413 0)
(-0.196653 0.529611 0)
(-0.164534 0.5361 0)
(-0.133288 0.541125 0)
(-0.102805 0.544898 0)
(-0.0729544 0.547575 0)
(-0.0435983 0.549105 0)
(-0.0144507 0.542694 0)
(-0.586705 0.214916 0)
(-0.543436 0.249192 0)
(-0.532922 0.303129 0)
(-0.484573 0.329013 0)
(-0.457512 0.361026 0)
(-0.421017 0.388986 0)
(-0.387328 0.412596 0)
(-0.353064 0.433979 0)
(-0.319219 0.452181 0)
(-0.285831 0.467803 0)
(-0.253032 0.480938 0)
(-0.220929 0.49187 0)
(-0.189557 0.500828 0)
(-0.158916 0.508048 0)
(-0.128957 0.513736 0)
(-0.0996069 0.518076 0)
(-0.0707394 0.521202 0)
(-0.0423131 0.523057 0)
(-0.014076 0.516935 0)
(-0.546669 0.188327 0)
(-0.52244 0.232693 0)
(-0.491259 0.273609 0)
(-0.458069 0.297299 0)
(-0.430482 0.333748 0)
(-0.397443 0.358588 0)
(-0.366666 0.383225 0)
(-0.334911 0.404361 0)
(-0.30359 0.422871 0)
(-0.272472 0.438851 0)
(-0.241774 0.452473 0)
(-0.211561 0.463953 0)
(-0.181884 0.473484 0)
(-0.152751 0.481265 0)
(-0.124135 0.487469 0)
(-0.0959831 0.492254 0)
(-0.0681866 0.495742 0)
(-0.0406066 0.497808 0)
(-0.0133823 0.492338 0)
(-0.511872 0.177721 0)
(-0.496228 0.209139 0)
(-0.448798 0.240818 0)
(-0.435612 0.274944 0)
(-0.401665 0.306021 0)
(-0.37505 0.331459 0)
(-0.34574 0.355963 0)
(-0.316797 0.376966 0)
(-0.287746 0.395626 0)
(-0.258824 0.41182 0)
(-0.23014 0.425768 0)
(-0.201774 0.437634 0)
(-0.173778 0.447583 0)
(-0.146172 0.45578 0)
(-0.118945 0.462369 0)
(-0.0920633 0.467479 0)
(-0.0654768 0.471208 0)
(-0.0390598 0.473391 0)
(-0.0128518 0.467942 0)
(-0.477014 0.159893 0)
(-0.451445 0.183664 0)
(-0.422352 0.213694 0)
(-0.406569 0.254952 0)
(-0.375713 0.279799 0)
(-0.352407 0.307173 0)
(-0.325101 0.330708 0)
(-0.298715 0.351717 0)
(-0.271826 0.370344 0)
(-0.245007 0.386639 0)
(-0.218263 0.400775 0)
(-0.191699 0.41289 0)
(-0.165366 0.423125 0)
(-0.139294 0.431617 0)
(-0.113488 0.438488 0)
(-0.087933 0.443842 0)
(-0.0626103 0.447762 0)
(-0.0374855 0.45012 0)
(-0.0123816 0.444825 0)
(-0.442493 0.138987 0)
(-0.409076 0.159487 0)
(-0.398254 0.1958 0)
(-0.375659 0.232595 0)
(-0.351633 0.257394 0)
(-0.32956 0.2847 0)
(-0.304913 0.307583 0)
(-0.280718 0.328466 0)
(-0.255947 0.346948 0)
(-0.231127 0.363236 0)
(-0.206256 0.377443 0)
(-0.181445 0.389693 0)
(-0.156748 0.400104 0)
(-0.132205 0.408791 0)
(-0.107831 0.415858 0)
(-0.0836235 0.421396 0)
(-0.0595666 0.425477 0)
(-0.0356692 0.427983 0)
(-0.0117788 0.423008 0)
(-0.405416 0.117922 0)
(-0.37697 0.144255 0)
(-0.370001 0.179762 0)
(-0.347157 0.21188 0)
(-0.327825 0.237904 0)
(-0.307111 0.264022 0)
(-0.2851 0.286538 0)
(-0.26292 0.307101 0)
(-0.240194 0.325362 0)
(-0.217278 0.341542 0)
(-0.194213 0.355721 0)
(-0.171105 0.368008 0)
(-0.148013 0.378503 0)
(-0.124982 0.3873 0)
(-0.102038 0.394488 0)
(-0.0791879 0.400144 0)
(-0.0564233 0.404327 0)
(-0.0337618 0.406898 0)
(-0.0111281 0.402161 0)
(-0.371014 0.102466 0)
(-0.349395 0.132254 0)
(-0.340766 0.16529 0)
(-0.321183 0.194333 0)
(-0.304285 0.220559 0)
(-0.285396 0.24536 0)
(-0.26568 0.267442 0)
(-0.245431 0.287546 0)
(-0.224642 0.30551 0)
(-0.203544 0.321491 0)
(-0.182216 0.335558 0)
(-0.160756 0.3478 0)
(-0.139232 0.358299 0)
(-0.117693 0.367133 0)
(-0.0961721 0.374377 0)
(-0.0746854 0.380092 0)
(-0.0532374 0.384325 0)
(-0.0318532 0.386931 0)
(-0.0104882 0.382406 0)
(-0.339008 0.0911416 0)
(-0.322652 0.121454 0)
(-0.31297 0.152173 0)
(-0.29672 0.179463 0)
(-0.28147 0.205019 0)
(-0.264493 0.228677 0)
(-0.246757 0.250163 0)
(-0.228341 0.269724 0)
(-0.209366 0.28731 0)
(-0.189997 0.303017 0)
(-0.170332 0.316899 0)
(-0.150466 0.329026 0)
(-0.130469 0.339464 0)
(-0.110395 0.348277 0)
(-0.0902818 0.355522 0)
(-0.0701553 0.361252 0)
(-0.0500298 0.365504 0)
(-0.0299396 0.368135 0)
(-0.00985156 0.363833 0)
(-0.309464 0.0823669 0)
(-0.296541 0.11176 0)
(-0.28697 0.140484 0)
(-0.273309 0.166522 0)
(-0.259555 0.19109 0)
(-0.244382 0.213759 0)
(-0.228409 0.234554 0)
(-0.211709 0.253528 0)
(-0.194426 0.270676 0)
(-0.176696 0.286049 0)
(-0.158619 0.299689 0)
(-0.140288 0.311645 0)
(-0.121773 0.321969 0)
(-0.103131 0.33071 0)
(-0.0844059 0.337915 0)
(-0.0656278 0.343624 0)
(-0.0468189 0.347867 0)
(-0.0280228 0.350508 0)
(-0.00921522 0.346424 0)
(-0.281884 0.0752583 0)
(-0.271458 0.10325 0)
(-0.262564 0.130251 0)
(-0.250886 0.155141 0)
(-0.238564 0.178646 0)
(-0.225035 0.200406 0)
(-0.210669 0.220474 0)
(-0.195568 0.238843 0)
(-0.179866 0.255515 0)
(-0.163685 0.270514 0)
(-0.147122 0.283867 0)
(-0.130265 0.295609 0)
(-0.113185 0.305777 0)
(-0.0959399 0.314408 0)
(-0.0785758 0.321537 0)
(-0.0611278 0.327197 0)
(-0.0436242 0.33141 0)
(-0.0261147 0.334044 0)
(-0.00858257 0.330165 0)
(-0.25606 0.0693342 0)
(-0.247552 0.0958489 0)
(-0.239532 0.12134 0)
(-0.229449 0.145117 0)
(-0.218477 0.167575 0)
(-0.206434 0.188464 0)
(-0.193548 0.207802 0)
(-0.179933 0.225562 0)
(-0.165712 0.241737 0)
(-0.150994 0.256336 0)
(-0.135872 0.269373 0)
(-0.12043 0.280869 0)
(-0.104737 0.29085 0)
(-0.0888495 0.29934 0)
(-0.0728167 0.306368 0)
(-0.0566765 0.311956 0)
(-0.0404609 0.31612 0)
(-0.0242247 0.318736 0)
(-0.00795724 0.315048 0)
(-0.231814 0.0643419 0)
(-0.224831 0.0894426 0)
(-0.217713 0.113584 0)
(-0.208971 0.136292 0)
(-0.199254 0.157758 0)
(-0.18856 0.17781 0)
(-0.177039 0.196432 0)
(-0.164808 0.213587 0)
(-0.151975 0.22926 0)
(-0.138641 0.243446 0)
(-0.124892 0.256148 0)
(-0.110807 0.267377 0)
(-0.0964509 0.277148 0)
(-0.0818819 0.285476 0)
(-0.0671479 0.292382 0)
(-0.0522892 0.29788 0)
(-0.0373408 0.301982 0)
(-0.0223599 0.30457 0)
(-0.00734087 0.301062 0)
(-0.208982 0.0601204 0)
(-0.203234 0.0839195 0)
(-0.196987 0.106845 0)
(-0.189406 0.128542 0)
(-0.180845 0.149081 0)
(-0.171383 0.168337 0)
(-0.161127 0.186267 0)
(-0.150187 0.202833 0)
(-0.13866 0.218007 0)
(-0.126635 0.231777 0)
(-0.114195 0.244135 0)
(-0.10141 0.255085 0)
(-0.0883438 0.264631 0)
(-0.0750525 0.272783 0)
(-0.0615835 0.279551 0)
(-0.047978 0.284948 0)
(-0.0342723 0.288978 0)
(-0.0205254 0.291531 0)
(-0.00673556 0.28819 0)
(-0.187411 0.0565573 0)
(-0.182679 0.07918 0)
(-0.17725 0.101009 0)
(-0.170694 0.121764 0)
(-0.163198 0.141446 0)
(-0.154868 0.15995 0)
(-0.145788 0.177224 0)
(-0.136057 0.193221 0)
(-0.125759 0.207909 0)
(-0.114977 0.221267 0)
(-0.103784 0.233281 0)
(-0.092247 0.243945 0)
(-0.0804251 0.253259 0)
(-0.0683715 0.261225 0)
(-0.0561331 0.267848 0)
(-0.0437508 0.273134 0)
(-0.0312618 0.277085 0)
(-0.018725 0.279599 0)
(-0.00614207 0.276412 0)
(-0.166953 0.0535675 0)
(-0.163072 0.0751392 0)
(-0.158405 0.0959845 0)
(-0.152769 0.115874 0)
(-0.146257 0.134767 0)
(-0.138975 0.152572 0)
(-0.130994 0.169227 0)
(-0.122398 0.184684 0)
(-0.113263 0.198904 0)
(-0.103662 0.21186 0)
(-0.0936607 0.223534 0)
(-0.0833215 0.233915 0)
(-0.0726995 0.242994 0)
(-0.0618448 0.25077 0)
(-0.0508024 0.257242 0)
(-0.0396129 0.262413 0)
(-0.028313 0.266281 0)
(-0.0169609 0.268752 0)
(-0.00556174 0.265706 0)
(-0.147472 0.0510861 0)
(-0.144319 0.0717284 0)
(-0.140362 0.0916971 0)
(-0.135565 0.110801 0)
(-0.129966 0.128974 0)
(-0.123662 0.146133 0)
(-0.116711 0.162212 0)
(-0.109186 0.177159 0)
(-0.101154 0.190934 0)
(-0.0926781 0.203505 0)
(-0.0838186 0.21485 0)
(-0.0746313 0.224951 0)
(-0.0651675 0.233799 0)
(-0.0554741 0.241385 0)
(-0.0455942 0.247705 0)
(-0.035567 0.252759 0)
(-0.0254286 0.256542 0)
(-0.0152346 0.258967 0)
(-0.00499453 0.256048 0)
(-0.128841 0.0490644 0)
(-0.126324 0.0688935 0)
(-0.123033 0.0880878 0)
(-0.119012 0.106486 0)
(-0.114268 0.124008 0)
(-0.108882 0.140575 0)
(-0.102904 0.156122 0)
(-0.0963952 0.170595 0)
(-0.0894128 0.18395 0)
(-0.0820128 0.196156 0)
(-0.0742486 0.207184 0)
(-0.0661706 0.217016 0)
(-0.057826 0.225637 0)
(-0.0492584 0.233036 0)
(-0.0405084 0.239206 0)
(-0.0316135 0.244143 0)
(-0.0226088 0.247841 0)
(-0.0135464 0.250221 0)
(-0.00444068 0.247415 0)
(-0.110941 0.047468 0)
(-0.108995 0.0665942 0)
(-0.106337 0.0851116 0)
(-0.103042 0.102882 0)
(-0.0991054 0.11982 0)
(-0.0945896 0.135851 0)
(-0.0895363 0.15091 0)
(-0.083996 0.164944 0)
(-0.0780173 0.17791 0)
(-0.0716491 0.189771 0)
(-0.0649386 0.2005 0)
(-0.057931 0.210075 0)
(-0.0506693 0.218479 0)
(-0.0431939 0.225698 0)
(-0.0355427 0.231722 0)
(-0.0277511 0.236545 0)
(-0.019853 0.24016 0)
(-0.0118964 0.242494 0)
(-0.00389949 0.239789 0)
(-0.0936614 0.0462745 0)
(-0.0922428 0.0648025 0)
(-0.0901927 0.0827352 0)
(-0.0875907 0.0999532 0)
(-0.0844243 0.116372 0)
(-0.08074 0.13192 0)
(-0.0765711 0.146536 0)
(-0.0719588 0.160166 0)
(-0.066944 0.17277 0)
(-0.0615689 0.184309 0)
(-0.0558749 0.194757 0)
(-0.0499024 0.204088 0)
(-0.0436905 0.212283 0)
(-0.037276 0.219328 0)
(-0.0306942 0.225211 0)
(-0.0239782 0.229924 0)
(-0.0171603 0.233457 0)
(-0.0102842 0.235746 0)
(-0.00337089 0.233128 0)
(-0.0768963 0.0454738 0)
(-0.0759825 0.0635021 0)
(-0.0745263 0.0809361 0)
(-0.0725941 0.0976738 0)
(-0.0701704 0.113635 0)
(-0.0672866 0.128752 0)
(-0.0639686 0.142968 0)
(-0.060249 0.156234 0)
(-0.0561625 0.168508 0)
(-0.051745 0.179754 0)
(-0.0470332 0.189942 0)
(-0.0420632 0.199049 0)
(-0.0368702 0.207053 0)
(-0.0314879 0.213938 0)
(-0.0259486 0.219691 0)
(-0.0202833 0.2243 0)
(-0.0145224 0.227757 0)
(-0.00870408 0.230006 0)
(-0.00285172 0.227462 0)
(-0.060549 0.0450715 0)
(-0.0601366 0.0626919 0)
(-0.0592739 0.0797065 0)
(-0.0580044 0.0960286 0)
(-0.0563114 0.111585 0)
(-0.0542132 0.126316 0)
(-0.0517285 0.140169 0)
(-0.0488823 0.153097 0)
(-0.0457028 0.165061 0)
(-0.0422202 0.176028 0)
(-0.0384661 0.185968 0)
(-0.0344721 0.194856 0)
(-0.0302696 0.202671 0)
(-0.0258893 0.209397 0)
(-0.021361 0.215019 0)
(-0.0167135 0.219525 0)
(-0.0119733 0.222907 0)
(-0.00717944 0.225111 0)
(-0.00235194 0.222629 0)
(-0.0445129 0.0450661 0)
(-0.0445959 0.0623563 0)
(-0.0443035 0.0790196 0)
(-0.0436555 0.0949863 0)
(-0.0426367 0.110194 0)
(-0.0412588 0.124591 0)
(-0.0395384 0.13813 0)
(-0.0374982 0.150768 0)
(-0.0351646 0.162469 0)
(-0.0325655 0.173199 0)
(-0.0297301 0.182931 0)
(-0.0266872 0.191638 0)
(-0.023465 0.199299 0)
(-0.0200906 0.205896 0)
(-0.0165902 0.211412 0)
(-0.0129881 0.215836 0)
(-0.00931082 0.219153 0)
(-0.00558064 0.221326 0)
(-0.00182673 0.218894 0)
(-0.0289566 0.0455815 0)
(-0.0297548 0.0626063 0)
(-0.030269 0.078966 0)
(-0.030481 0.094609 0)
(-0.0303604 0.109488 0)
(-0.0298998 0.12356 0)
(-0.0291025 0.136786 0)
(-0.0279811 0.149131 0)
(-0.0265549 0.160561 0)
(-0.0248478 0.171045 0)
(-0.0228865 0.180555 0)
(-0.0206997 0.189067 0)
(-0.0183161 0.196559 0)
(-0.0157644 0.203013 0)
(-0.0130725 0.208411 0)
(-0.0102688 0.212741 0)
(-0.00736901 0.215998 0)
(-0.00443935 0.218113 0)
(-0.00144366 0.215725 0)
(-0.0108814 0.0465428 0)
(-0.0114626 0.0634536 0)
(-0.0119727 0.0796041 0)
(-0.01236 0.0949864 0)
(-0.0125931 0.109577 0)
(-0.0126569 0.12335 0)
(-0.0125445 0.136276 0)
(-0.0122556 0.14833 0)
(-0.0117954 0.159484 0)
(-0.0111729 0.169713 0)
(-0.0104003 0.178993 0)
(-0.00949182 0.1873 0)
(-0.00846312 0.194615 0)
(-0.00733039 0.200918 0)
(-0.00610987 0.206192 0)
(-0.00481936 0.210422 0)
(-0.00346691 0.21361 0)
(-0.00209414 0.215678 0)
(-0.000679288 0.213316 0)
)
;

boundaryField
{
    leftWall
    {
        type            calculated;
        value           uniform (0 0 0);
    }
    rightWall
    {
        type            calculated;
        value           uniform (0 0 0);
    }
    lowerWall
    {
        type            calculated;
        value           uniform (0 0 0);
    }
    atmosphere
    {
        type            calculated;
        value           nonuniform List<vector> 
46
(
(-0.000556202 -0.222873 0)
(-0.002463 -0.224178 0)
(-0.00483726 -0.222351 0)
(-0.00685985 -0.219545 0)
(-0.00880079 -0.215743 0)
(-0.0106232 -0.210968 0)
(-0.0123152 -0.205231 0)
(-0.0138567 -0.198544 0)
(-0.0152261 -0.19092 0)
(-0.0164011 -0.182374 0)
(-0.0173594 -0.172927 0)
(-0.0180796 -0.162601 0)
(-0.0185427 -0.151425 0)
(-0.0187343 -0.139433 0)
(-0.0186451 -0.126664 0)
(-0.0182712 -0.113163 0)
(-0.017615 -0.0989795 0)
(-0.0166876 -0.0841669 0)
(-0.0155128 -0.0687841 0)
(-0.01414 -0.0528964 0)
(-0.0126696 -0.0365468 0)
(-0.0112967 -0.0197062 0)
(-0.0102947 -0.00226831 0)
(-0.0102913 0.0103502 0)
(-0.0102556 0.0184005 0)
(-0.0103286 0.0262545 0)
(-0.0104832 0.0339395 0)
(-0.0108814 0.0465494 0)
(-0.0114626 0.0634609 0)
(-0.0119727 0.0796114 0)
(-0.01236 0.0949935 0)
(-0.0125931 0.109584 0)
(-0.0126569 0.123356 0)
(-0.0125445 0.136282 0)
(-0.0122556 0.148335 0)
(-0.0117954 0.159489 0)
(-0.0111729 0.169717 0)
(-0.0104003 0.178996 0)
(-0.00949182 0.187303 0)
(-0.00846312 0.194617 0)
(-0.00733039 0.20092 0)
(-0.00610987 0.206193 0)
(-0.00481936 0.210423 0)
(-0.00346691 0.213611 0)
(-0.00209414 0.215679 0)
(-0.000679288 0.213317 0)
)
;
    }
    defaultFaces
    {
        type            empty;
    }
}


// ************************************************************************* //
