/*--------------------------------*- C++ -*----------------------------------*\
| =========                 |                                                 |
| \\      /  F ield         | OpenFOAM: The Open Source CFD Toolbox           |
|  \\    /   O peration     | Version:  2.4.0                                 |
|   \\  /    A nd           | Web:      www.OpenFOAM.org                      |
|    \\/     M anipulation  |                                                 |
\*---------------------------------------------------------------------------*/
FoamFile
{
    version     2.0;
    format      ascii;
    class       volVectorField;
    location    "0.35";
    object      U;
}
// * * * * * * * * * * * * * * * * * * * * * * * * * * * * * * * * * * * * * //

dimensions      [0 1 -1 0 0 0 0];

internalField   nonuniform List<vector> 
2268
(
(0.0198054 -0.00925069 0)
(0.0581024 -0.00930688 0)
(0.0996207 -0.00910139 0)
(0.134496 -0.00996779 0)
(0.181284 -0.00786919 0)
(0.208714 -0.0115016 0)
(0.266553 -0.0086585 0)
(0.294546 -0.00812218 0)
(0.326764 -0.010264 0)
(0.378192 -0.0120738 0)
(0.433328 -0.00858977 0)
(0.45941 -0.00774074 0)
(0.483659 -0.00610485 0)
(0.5125 -0.00560687 0)
(0.533079 -0.00646775 0)
(0.573608 -0.00727198 0)
(0.580649 0.0028878 0)
(0.567117 0.00713414 0)
(0.529145 0.0155816 0)
(0.4502 0.020888 0)
(0.322781 0.0245121 0)
(0.171305 0.0369745 0)
(0.0282695 0.0136153 0)
(0.0198087 -0.0277604 0)
(0.0581326 -0.0279837 0)
(0.0997848 -0.0271361 0)
(0.134157 -0.0305957 0)
(0.181811 -0.0223505 0)
(0.210804 -0.0359083 0)
(0.263377 -0.0256421 0)
(0.295612 -0.0231881 0)
(0.329187 -0.031831 0)
(0.380711 -0.0354081 0)
(0.431877 -0.0300726 0)
(0.456569 -0.0198951 0)
(0.483519 -0.0170469 0)
(0.516774 -0.019844 0)
(0.545653 -0.0226455 0)
(0.578883 -0.0170438 0)
(0.592229 0.0035693 0)
(0.577827 0.0227289 0)
(0.529129 0.045391 0)
(0.450727 0.0830681 0)
(0.305919 0.10202 0)
(0.221271 0.100402 0)
(0.0361571 0.0804765 0)
(0.0197803 -0.0462505 0)
(0.0581656 -0.0465959 0)
(0.0996224 -0.0453407 0)
(0.134021 -0.0501485 0)
(0.181994 -0.0398969 0)
(0.212161 -0.0561819 0)
(0.259563 -0.0433875 0)
(0.297277 -0.0415388 0)
(0.334123 -0.0534892 0)
(0.382366 -0.0566775 0)
(0.42478 -0.0464201 0)
(0.448343 -0.0337505 0)
(0.494946 -0.0358694 0)
(0.528916 -0.0349344 0)
(0.560233 -0.0396412 0)
(0.587971 -0.0290109 0)
(0.594421 0.00179782 0)
(0.58463 0.0378728 0)
(0.533531 0.0767281 0)
(0.454982 0.118915 0)
(0.330143 0.139485 0)
(0.190205 0.148294 0)
(0.0847985 0.143436 0)
(0.0197423 -0.0649541 0)
(0.0582429 -0.0653492 0)
(0.0992323 -0.0637597 0)
(0.134401 -0.0701988 0)
(0.181447 -0.0569105 0)
(0.213222 -0.0770069 0)
(0.258089 -0.061713 0)
(0.296647 -0.0608282 0)
(0.338296 -0.0741301 0)
(0.385875 -0.07461 0)
(0.408324 -0.062322 0)
(0.454333 -0.0550749 0)
(0.50253 -0.0527814 0)
(0.540931 -0.0536384 0)
(0.580109 -0.0505025 0)
(0.591764 -0.0317647 0)
(0.594822 0.00989726 0)
(0.583448 0.0554531 0)
(0.544148 0.129804 0)
(0.475055 0.185032 0)
(0.332965 0.223305 0)
(0.174674 0.206518 0)
(0.0435094 0.208067 0)
(0.0197288 -0.0830834 0)
(0.0582973 -0.0833836 0)
(0.0990302 -0.0817333 0)
(0.134566 -0.0884375 0)
(0.181424 -0.0749713 0)
(0.212429 -0.0940307 0)
(0.258707 -0.0789452 0)
(0.296515 -0.079858 0)
(0.342958 -0.0937428 0)
(0.380749 -0.0835926 0)
(0.4077 -0.0799461 0)
(0.46301 -0.0719525 0)
(0.506432 -0.0744102 0)
(0.547954 -0.0610795 0)
(0.589021 -0.0623338 0)
(0.606313 -0.039432 0)
(0.607522 0.00368449 0)
(0.605563 0.0556805 0)
(0.590188 0.143364 0)
(0.535057 0.232939 0)
(0.426741 0.292695 0)
(0.228421 0.282095 0)
(0.0803966 0.257181 0)
(0.0198079 -0.0991441 0)
(0.0585045 -0.0993615 0)
(0.099295 -0.097707 0)
(0.135572 -0.105202 0)
(0.180208 -0.0901099 0)
(0.214655 -0.110595 0)
(0.255612 -0.0979478 0)
(0.304999 -0.0989373 0)
(0.342194 -0.112442 0)
(0.375801 -0.109578 0)
(0.421169 -0.113174 0)
(0.469465 -0.116715 0)
(0.503638 -0.121034 0)
(0.549119 -0.121131 0)
(0.579256 -0.110327 0)
(0.599319 -0.0696087 0)
(0.624416 -0.0127542 0)
(0.603368 0.0454084 0)
(0.586323 0.136969 0)
(0.526336 0.233107 0)
(0.457646 0.350982 0)
(0.269323 0.356223 0)
(0.0575895 0.350287 0)
(0.0200231 -0.132743 0)
(0.058957 -0.133448 0)
(0.100376 -0.13314 0)
(0.137367 -0.141126 0)
(0.177677 -0.130166 0)
(0.223064 -0.147571 0)
(0.248959 -0.141135 0)
(0.311213 -0.1419 0)
(0.337304 -0.147487 0)
(0.376504 -0.143103 0)
(0.410323 -0.136038 0)
(0.436629 -0.111713 0)
(0.439335 -0.0857343 0)
(0.433991 -0.0276469 0)
(0.388103 0.0398646 0)
(0.353741 0.076966 0)
(0.314623 0.149266 0)
(0.283033 0.219743 0)
(0.390283 0.323376 0)
(0.423127 0.312145 0)
(0.422215 0.396566 0)
(0.31979 0.42561 0)
(0.127622 0.414424 0)
(0.0199996 -0.141736 0)
(0.0588251 -0.141185 0)
(0.100224 -0.139368 0)
(0.137726 -0.138922 0)
(0.173014 -0.133731 0)
(0.22707 -0.133004 0)
(0.241422 -0.13124 0)
(0.276427 -0.117157 0)
(0.300618 -0.102647 0)
(0.304443 -0.0798852 0)
(0.283506 -0.0486492 0)
(0.247854 -0.0277456 0)
(0.215633 -0.0486898 0)
(0.170974 -0.0846335 0)
(0.159224 -0.126717 0)
(0.170428 -0.117179 0)
(0.196021 -0.113929 0)
(0.207974 -0.0815867 0)
(0.315107 0.0414333 0)
(0.157971 0.357948 0)
(0.317281 0.43235 0)
(0.287007 0.490328 0)
(0.113526 0.558641 0)
(-0.280087 0.120223 0)
(-0.761049 0.125326 0)
(-1.04867 0.0256741 0)
(-1.20055 0.0302078 0)
(-1.24996 0.0105878 0)
(-1.20247 -0.0151069 0)
(-1.12556 -0.03638 0)
(-0.978701 -0.0636454 0)
(-0.641067 -0.109107 0)
(-0.290578 -0.2043 0)
(0.244904 -0.253001 0)
(0.644186 -0.185423 0)
(0.979374 -0.134157 0)
(1.0248 -0.0850298 0)
(0.973282 -0.0969365 0)
(0.754526 -0.0916819 0)
(0.412084 -0.0555778 0)
(0.0545349 -0.0338727 0)
(0.0193113 -0.0406054 0)
(-0.236748 0.292291 0)
(-0.692506 0.217846 0)
(-1.02114 0.167573 0)
(-1.154 0.0658327 0)
(-1.17928 0.00851539 0)
(-1.08079 -0.0478432 0)
(-1.01303 -0.0575663 0)
(-0.844517 -0.147494 0)
(-0.443857 -0.214519 0)
(-0.134722 -0.222877 0)
(0.394868 -0.25138 0)
(0.811559 -0.192829 0)
(1.0705 -0.0360619 0)
(1.11896 0.0638896 0)
(1.01254 0.172433 0)
(0.687889 0.269734 0)
(0.39406 0.275623 0)
(0.0512929 0.179771 0)
(0.0238938 0.0637037 0)
(-0.271577 0.459406 0)
(-0.678814 0.424501 0)
(-0.975577 0.260127 0)
(-1.07618 0.0993063 0)
(-1.07135 -0.015408 0)
(-0.972143 -0.0803566 0)
(-0.933691 -0.128324 0)
(-0.57593 -0.285237 0)
(-0.259387 -0.403522 0)
(0.143507 -0.460922 0)
(0.593976 -0.53835 0)
(0.943018 -0.406077 0)
(1.17645 -0.190738 0)
(1.17653 0.0335569 0)
(0.985055 0.213227 0)
(0.664043 0.287063 0)
(0.484089 0.301349 0)
(0.166494 0.191445 0)
(0.0744515 0.0198846 0)
(-0.195877 0.664602 0)
(-0.572429 0.563313 0)
(-0.875544 0.330633 0)
(-0.901237 0.0883759 0)
(-0.865229 -0.00983045 0)
(-0.734188 -0.125998 0)
(-0.718451 -0.238996 0)
(-0.342454 -0.452784 0)
(-0.109775 -0.533659 0)
(0.361094 -0.622312 0)
(0.761786 -0.670795 0)
(1.04305 -0.46029 0)
(1.25885 -0.199892 0)
(1.15615 0.127634 0)
(0.97951 0.310537 0)
(0.659245 0.37605 0)
(0.474237 0.382595 0)
(0.203681 0.302193 0)
(0.121007 0.132163 0)
(-0.134674 0.747163 0)
(-0.494456 0.657463 0)
(-0.714872 0.431853 0)
(-0.490347 0.120372 0)
(-0.478445 -0.114664 0)
(-0.379794 -0.176734 0)
(-0.413573 -0.28068 0)
(-0.175345 -0.571855 0)
(0.0767538 -0.740843 0)
(0.50774 -0.829432 0)
(0.829446 -0.868046 0)
(1.04073 -0.649789 0)
(1.20243 -0.120282 0)
(1.14716 0.241862 0)
(0.923991 0.436768 0)
(0.646819 0.493461 0)
(0.496482 0.479337 0)
(0.26751 0.394976 0)
(0.143519 0.203022 0)
(-0.0854988 0.892983 0)
(-0.392946 0.846806 0)
(-0.444803 0.41951 0)
(-0.111216 -0.0904649 0)
(-0.130939 -0.1703 0)
(0.0138181 -0.231631 0)
(0.00492149 -0.338335 0)
(0.0833906 -0.602917 0)
(0.234384 -0.842163 0)
(0.596414 -0.97143 0)
(0.853331 -1.01946 0)
(1.08621 -0.741968 0)
(0.998635 -0.375011 0)
(0.94857 0.246782 0)
(0.84561 0.51665 0)
(0.601336 0.586394 0)
(0.499423 0.55322 0)
(0.247096 0.474838 0)
(0.0800862 0.268064 0)
(-0.0182591 0.941871 0)
(-0.23821 0.851002 0)
(-0.107217 0.219319 0)
(0.391022 -0.0128829 0)
(-0.159229 0.307433 0)
(-0.546551 0.307575 0)
(0.00448687 -0.298602 0)
(0.321844 -0.760218 0)
(0.398568 -0.915961 0)
(0.628506 -1.08438 0)
(0.874368 -1.14903 0)
(1.35407 -0.604495 0)
(1.0784 0.801259 0)
(0.722758 0.247563 0)
(0.732137 0.575357 0)
(0.544057 0.61335 0)
(0.431239 0.621808 0)
(0.20986 0.548191 0)
(0.0753126 0.33267 0)
(0.0750573 0.995708 0)
(-0.0648069 0.90902 0)
(0.218869 0.170281 0)
(-0.384196 0.0269673 0)
(-0.563797 -0.14972 0)
(0.146917 -0.602243 0)
(-1.16999 -0.289478 0)
(0.375251 -0.805373 0)
(0.547758 -1.03521 0)
(0.682453 -1.15917 0)
(0.864545 -1.22852 0)
(1.12549 -0.849998 0)
(1.09068 0.226263 0)
(0.133587 0.336906 0)
(0.63138 0.55813 0)
(0.497295 0.678816 0)
(0.425895 0.674632 0)
(0.243418 0.624484 0)
(0.102777 0.407242 0)
(0.0151593 -0.0759179 0)
(0.0446818 -0.0746224 0)
(0.0729472 -0.0725024 0)
(0.0991963 -0.0682681 0)
(0.111391 -0.0705473 0)
(0.139398 -0.0697701 0)
(0.141771 -0.0697422 0)
(0.14802 -0.088046 0)
(0.168527 -0.112277 0)
(0.175222 -0.135784 0)
(0.188405 -0.169247 0)
(0.224315 -0.185101 0)
(0.284821 -0.168039 0)
(0.325704 -0.107672 0)
(0.358226 -0.0122121 0)
(0.359281 0.0658036 0)
(0.305776 0.212603 0)
(0.237514 0.231478 0)
(0.171546 0.269249 0)
(0.154484 0.308822 0)
(0.147757 0.419329 0)
(0.286591 0.490745 0)
(0.263049 0.595143 0)
(0.00779791 -0.211943 0)
(0.0238914 -0.214236 0)
(0.0415301 -0.213895 0)
(0.0620446 -0.213785 0)
(0.0822221 -0.21733 0)
(0.109117 -0.218696 0)
(0.135276 -0.206729 0)
(0.165253 -0.215027 0)
(0.204249 -0.197338 0)
(0.232576 -0.17229 0)
(0.271164 -0.152896 0)
(0.304811 -0.141457 0)
(0.319288 -0.117252 0)
(0.331265 -0.103818 0)
(0.315876 -0.0924164 0)
(0.32593 -0.0858663 0)
(0.34193 -0.0552504 0)
(0.409455 0.0224755 0)
(0.353971 0.114059 0)
(0.419328 0.245434 0)
(0.254396 0.426981 0)
(0.288876 0.442572 0)
(0.293759 0.511035 0)
(0.0135185 -0.214848 0)
(0.0399984 -0.215018 0)
(0.0670224 -0.210947 0)
(0.0946203 -0.206662 0)
(0.120841 -0.20089 0)
(0.146605 -0.198267 0)
(0.174182 -0.182089 0)
(0.19771 -0.195688 0)
(0.232571 -0.185069 0)
(0.253532 -0.180584 0)
(0.297918 -0.185248 0)
(0.330175 -0.182235 0)
(0.361731 -0.167292 0)
(0.400549 -0.138419 0)
(0.427484 -0.0590029 0)
(0.472501 -0.0143503 0)
(0.480872 0.0813254 0)
(0.499788 0.133851 0)
(0.507714 0.231193 0)
(0.522121 0.307947 0)
(0.560066 0.506959 0)
(0.478446 0.494896 0)
(0.415706 0.444183 0)
(0.0142886 -0.220372 0)
(0.0427218 -0.221568 0)
(0.0708663 -0.220637 0)
(0.0985813 -0.219325 0)
(0.125249 -0.21802 0)
(0.149002 -0.22162 0)
(0.176602 -0.212522 0)
(0.19802 -0.233612 0)
(0.228575 -0.219542 0)
(0.253748 -0.230235 0)
(0.306993 -0.232157 0)
(0.343291 -0.22067 0)
(0.38259 -0.19057 0)
(0.408528 -0.166506 0)
(0.449583 -0.113247 0)
(0.494514 -0.0994721 0)
(0.536124 -0.0320867 0)
(0.574975 0.0425564 0)
(0.623026 0.138916 0)
(0.67412 0.26663 0)
(0.701539 0.383011 0)
(0.803829 0.59184 0)
(0.72878 0.56421 0)
(0.014571 -0.274554 0)
(0.0444435 -0.275115 0)
(0.0731726 -0.272665 0)
(0.100821 -0.268776 0)
(0.1285 -0.264153 0)
(0.150106 -0.260331 0)
(0.177502 -0.254505 0)
(0.192564 -0.264139 0)
(0.223974 -0.262283 0)
(0.252485 -0.29003 0)
(0.310656 -0.289734 0)
(0.351819 -0.259801 0)
(0.397777 -0.247868 0)
(0.433886 -0.227426 0)
(0.495916 -0.176751 0)
(0.534505 -0.133275 0)
(0.566293 -0.0471809 0)
(0.620659 0.0361189 0)
(0.648023 0.0970391 0)
(0.742448 0.21271 0)
(0.761695 0.305414 0)
(0.871424 0.454147 0)
(0.991544 0.549902 0)
(0.0157584 -0.288025 0)
(0.0465224 -0.2884 0)
(0.0768523 -0.284715 0)
(0.105001 -0.279903 0)
(0.132597 -0.273317 0)
(0.153845 -0.266841 0)
(0.176949 -0.261817 0)
(0.185241 -0.269845 0)
(0.214654 -0.286541 0)
(0.245239 -0.334257 0)
(0.300123 -0.332395 0)
(0.339297 -0.315548 0)
(0.366608 -0.308805 0)
(0.369104 -0.274511 0)
(0.37939 -0.224055 0)
(0.372954 -0.165695 0)
(0.397379 -0.0968802 0)
(0.473629 -0.0405222 0)
(0.507108 0.0445708 0)
(0.650055 0.161153 0)
(0.700132 0.292491 0)
(0.799789 0.310158 0)
(0.974673 0.437849 0)
(0.0173373 -0.33327 0)
(0.0504119 -0.334135 0)
(0.0827043 -0.330617 0)
(0.112988 -0.325045 0)
(0.140358 -0.315752 0)
(0.159231 -0.302736 0)
(0.169256 -0.284842 0)
(0.163698 -0.271789 0)
(0.168862 -0.287869 0)
(0.183842 -0.354043 0)
(0.21157 -0.366499 0)
(0.195132 -0.328856 0)
(0.106923 -0.26573 0)
(0.0121429 -0.206327 0)
(-0.0307158 -0.16763 0)
(-0.0330941 -0.155222 0)
(-0.000426443 -0.118418 0)
(0.0382377 -0.081879 0)
(0.128567 -0.0279608 0)
(0.265673 0.0457932 0)
(0.453558 0.184487 0)
(0.588666 0.164377 0)
(0.785757 0.24673 0)
(0.018542 -0.428758 0)
(0.0533625 -0.428714 0)
(0.0863961 -0.426113 0)
(0.11872 -0.420777 0)
(0.149311 -0.410694 0)
(0.175342 -0.392884 0)
(0.188413 -0.364962 0)
(0.153037 -0.349147 0)
(0.0901023 -0.381248 0)
(0.00338319 -0.444856 0)
(-0.068178 -0.355067 0)
(-0.174881 -0.215944 0)
(-0.242347 -0.154439 0)
(-0.227555 -0.148659 0)
(-0.206806 -0.154936 0)
(-0.168365 -0.155339 0)
(-0.119064 -0.147607 0)
(-0.0674001 -0.173028 0)
(-0.00376348 -0.151513 0)
(0.0475008 -0.152206 0)
(0.187732 -0.0449931 0)
(0.303531 -0.0415996 0)
(0.477147 -0.0120229 0)
(0.00632206 0.351154 0)
(0.0131964 0.373273 0)
(0.0249597 0.39552 0)
(0.0356603 0.428155 0)
(0.058055 0.463918 0)
(0.0930493 0.525056 0)
(0.168573 0.632392 0)
(0.1361 0.641032 0)
(-0.00597535 -0.0405331 0)
(-0.335842 -0.296035 0)
(-0.505785 -0.209256 0)
(-0.479144 -0.191163 0)
(-0.384019 -0.309566 0)
(-0.288992 -0.339284 0)
(-0.235553 -0.349484 0)
(-0.18615 -0.339531 0)
(-0.12855 -0.296906 0)
(-0.0772448 -0.259299 0)
(-0.038804 -0.187376 0)
(0.0283368 -0.178101 0)
(0.109222 -0.0983203 0)
(0.210481 -0.143147 0)
(0.281823 -0.160084 0)
(-0.0365283 -0.720782 0)
(-0.102326 -0.738841 0)
(-0.149087 -0.762442 0)
(-0.176544 -0.793552 0)
(-0.177249 -0.837925 0)
(-0.136999 -0.898259 0)
(-0.0701129 -0.912805 0)
(0.135403 -0.63861 0)
(0.416336 0.285852 0)
(0.0461416 0.763144 0)
(-0.275837 0.513018 0)
(-0.122453 0.360019 0)
(-0.0538788 0.417099 0)
(0.00459564 0.47119 0)
(-0.0137018 0.442344 0)
(0.0102295 0.146625 0)
(-0.00138471 -0.202079 0)
(0.0305159 -0.359452 0)
(0.0166198 -0.352111 0)
(0.0681055 -0.353057 0)
(0.106997 -0.26105 0)
(0.181635 -0.224067 0)
(0.225775 -0.191252 0)
(-0.0279968 -0.211712 0)
(-0.0760534 -0.215078 0)
(-0.110327 -0.217779 0)
(-0.137162 -0.225876 0)
(-0.15306 -0.242797 0)
(-0.167603 -0.261194 0)
(-0.216526 -0.28261 0)
(-0.294973 -0.312385 0)
(-0.197505 -0.335175 0)
(-0.142712 -0.0863534 0)
(0.0184606 -0.640828 0)
(0.182473 -0.851308 0)
(0.268091 -0.876674 0)
(0.397434 -0.82758 0)
(0.557813 -0.716625 0)
(0.696713 -0.490552 0)
(0.759887 -0.0965974 0)
(0.702287 0.398532 0)
(0.508155 0.560659 0)
(0.349782 0.46788 0)
(0.317495 -0.0733177 0)
(0.295789 -0.339636 0)
(0.349922 -0.383247 0)
(-0.0219562 -0.152021 0)
(-0.0561944 -0.187751 0)
(-0.0775836 -0.22794 0)
(-0.090448 -0.276714 0)
(-0.0956184 -0.328458 0)
(-0.096315 -0.359103 0)
(-0.0966284 -0.342967 0)
(-0.0843916 -0.215464 0)
(-0.0835141 0.263464 0)
(-0.0472505 0.416957 0)
(0.136817 0.022424 0)
(0.0867343 -0.213999 0)
(0.123121 -0.232431 0)
(0.128917 -0.250202 0)
(0.141643 -0.312453 0)
(0.146907 -0.403538 0)
(0.181135 -0.50623 0)
(0.283519 -0.59675 0)
(0.530334 -0.60823 0)
(0.735043 -0.589678 0)
(0.905061 -0.261347 0)
(0.943963 0.171925 0)
(0.831149 0.350673 0)
(-0.000598387 -0.334832 0)
(-0.000672708 -0.361562 0)
(-0.00506517 -0.384732 0)
(-0.0166098 -0.410577 0)
(-0.0388861 -0.435189 0)
(-0.0754031 -0.454516 0)
(-0.130106 -0.457294 0)
(-0.189115 -0.438775 0)
(-0.144359 -0.365633 0)
(0.109463 -0.248022 0)
(0.270689 -0.490019 0)
(0.23819 -0.567287 0)
(0.206603 -0.568405 0)
(0.206551 -0.501908 0)
(0.213363 -0.414288 0)
(0.223435 -0.306289 0)
(0.225742 -0.181513 0)
(0.172209 -0.113703 0)
(0.14336 -0.131599 0)
(0.035015 -0.26294 0)
(-0.038518 -0.454191 0)
(-0.0210475 -0.555292 0)
(0.0836456 -0.558083 0)
(0.000739805 -0.166431 0)
(0.00469033 -0.201584 0)
(0.00667772 -0.230957 0)
(0.00169393 -0.26239 0)
(-0.00920767 -0.288739 0)
(-0.0266224 -0.300769 0)
(-0.0486492 -0.289681 0)
(-0.0598168 -0.243402 0)
(-0.0722128 -0.152938 0)
(0.0308144 -0.124903 0)
(0.0794565 -0.284307 0)
(0.0664518 -0.365538 0)
(0.0430328 -0.433184 0)
(0.0477621 -0.477756 0)
(0.0637766 -0.488087 0)
(0.083183 -0.452482 0)
(0.11301 -0.380951 0)
(0.140451 -0.326156 0)
(0.157055 -0.255033 0)
(0.148282 -0.173534 0)
(0.0481535 -0.06267 0)
(-0.100322 -0.0301538 0)
(-0.203657 0.117099 0)
(0.00570859 -0.260976 0)
(0.0151722 -0.287559 0)
(0.0184483 -0.302174 0)
(0.0139446 -0.318399 0)
(0.00231694 -0.332648 0)
(-0.0170495 -0.340838 0)
(-0.0396747 -0.3402 0)
(-0.0566839 -0.330349 0)
(-0.0545968 -0.320457 0)
(-0.00257355 -0.302277 0)
(0.0161085 -0.368653 0)
(-0.0137061 -0.402512 0)
(-0.0308949 -0.431148 0)
(-0.0674136 -0.446177 0)
(-0.0938073 -0.436992 0)
(-0.12715 -0.390058 0)
(-0.150795 -0.328857 0)
(-0.168427 -0.291989 0)
(-0.198897 -0.272507 0)
(-0.230195 -0.235613 0)
(-0.226407 -0.21437 0)
(-0.255454 -0.229263 0)
(-0.222861 -0.245207 0)
(0.00511109 -0.252531 0)
(0.0130003 -0.278226 0)
(0.0154739 -0.290059 0)
(0.01169 -0.302026 0)
(0.000757588 -0.309985 0)
(-0.0168387 -0.310492 0)
(-0.0346906 -0.305663 0)
(-0.0489995 -0.29827 0)
(-0.0536966 -0.291625 0)
(-0.0351099 -0.292333 0)
(-0.0312877 -0.351129 0)
(-0.0595617 -0.385286 0)
(-0.0937551 -0.409453 0)
(-0.140249 -0.410768 0)
(-0.18663 -0.393688 0)
(-0.222177 -0.3427 0)
(-0.241787 -0.278264 0)
(-0.254041 -0.225474 0)
(-0.276284 -0.168865 0)
(-0.275625 -0.126962 0)
(-0.26821 -0.107909 0)
(-0.26128 -0.110235 0)
(-0.255918 -0.0611992 0)
(0.00231339 -0.255277 0)
(0.00434738 -0.276045 0)
(0.00347292 -0.282522 0)
(-0.00402221 -0.287293 0)
(-0.0148931 -0.288799 0)
(-0.0270844 -0.289185 0)
(-0.0383392 -0.288354 0)
(-0.048432 -0.28693 0)
(-0.0540419 -0.288958 0)
(-0.0515702 -0.294175 0)
(-0.063793 -0.317174 0)
(-0.0946323 -0.336328 0)
(-0.13459 -0.350302 0)
(-0.17836 -0.369497 0)
(-0.220904 -0.368244 0)
(-0.259922 -0.333097 0)
(-0.283192 -0.286801 0)
(-0.294591 -0.254016 0)
(-0.294962 -0.224779 0)
(-0.277121 -0.194005 0)
(-0.268111 -0.176097 0)
(-0.274548 -0.164897 0)
(-0.26892 -0.152438 0)
(0.000308483 -0.257374 0)
(-0.00259974 -0.276135 0)
(-0.00761692 -0.277689 0)
(-0.0155761 -0.28028 0)
(-0.0229448 -0.282257 0)
(-0.0308132 -0.283549 0)
(-0.0383201 -0.283762 0)
(-0.0431596 -0.283598 0)
(-0.0467946 -0.285892 0)
(-0.0541718 -0.289933 0)
(-0.0661884 -0.294465 0)
(-0.0949581 -0.302644 0)
(-0.125591 -0.316273 0)
(-0.163108 -0.330371 0)
(-0.209522 -0.329472 0)
(-0.248353 -0.305041 0)
(-0.256893 -0.269956 0)
(-0.253862 -0.249017 0)
(-0.248909 -0.22663 0)
(-0.235238 -0.193105 0)
(-0.228656 -0.174508 0)
(-0.225203 -0.169741 0)
(-0.221217 -0.147298 0)
(-0.00149812 -0.254364 0)
(-0.00583045 -0.269991 0)
(-0.0113133 -0.270442 0)
(-0.0158912 -0.272478 0)
(-0.0218771 -0.275469 0)
(-0.0272265 -0.277004 0)
(-0.0323259 -0.278319 0)
(-0.0375197 -0.280019 0)
(-0.0422671 -0.280154 0)
(-0.049423 -0.279208 0)
(-0.0630541 -0.282753 0)
(-0.0773732 -0.283633 0)
(-0.0921316 -0.287958 0)
(-0.117008 -0.28477 0)
(-0.149133 -0.277623 0)
(-0.170765 -0.270885 0)
(-0.186435 -0.251989 0)
(-0.199201 -0.230099 0)
(-0.205268 -0.211711 0)
(-0.209073 -0.18218 0)
(-0.208649 -0.1522 0)
(-0.216288 -0.136655 0)
(-0.225565 -0.121607 0)
(-0.00196649 -0.248252 0)
(-0.00676634 -0.264394 0)
(-0.0104993 -0.265673 0)
(-0.0155269 -0.268338 0)
(-0.0213906 -0.26992 0)
(-0.0281188 -0.271451 0)
(-0.0349552 -0.272009 0)
(-0.041856 -0.272629 0)
(-0.0492144 -0.273503 0)
(-0.0567306 -0.273795 0)
(-0.0659841 -0.271932 0)
(-0.0713448 -0.274964 0)
(-0.0846646 -0.275393 0)
(-0.100676 -0.273989 0)
(-0.120138 -0.272662 0)
(-0.137576 -0.263319 0)
(-0.161059 -0.255536 0)
(-0.178289 -0.239546 0)
(-0.185647 -0.223357 0)
(-0.189205 -0.205864 0)
(-0.190108 -0.182223 0)
(-0.191071 -0.159825 0)
(-0.19709 -0.142932 0)
(-0.00163874 -0.245281 0)
(-0.00596715 -0.260675 0)
(-0.0116568 -0.260778 0)
(-0.0177024 -0.261173 0)
(-0.0240873 -0.262192 0)
(-0.0311363 -0.263413 0)
(-0.0385041 -0.264724 0)
(-0.0461317 -0.264974 0)
(-0.0543362 -0.264064 0)
(-0.0638908 -0.263144 0)
(-0.0705269 -0.2634 0)
(-0.0813209 -0.260286 0)
(-0.0926219 -0.258952 0)
(-0.102829 -0.256839 0)
(-0.115965 -0.249978 0)
(-0.128815 -0.237513 0)
(-0.14347 -0.223584 0)
(-0.15623 -0.211639 0)
(-0.165786 -0.199451 0)
(-0.173584 -0.181923 0)
(-0.180844 -0.15474 0)
(-0.186586 -0.133708 0)
(-0.188541 -0.126066 0)
(-0.00225198 -0.240259 0)
(-0.00760057 -0.254564 0)
(-0.0131058 -0.25435 0)
(-0.0185968 -0.255007 0)
(-0.0244826 -0.255309 0)
(-0.0307532 -0.255014 0)
(-0.0377439 -0.254681 0)
(-0.0455355 -0.254357 0)
(-0.0543565 -0.254499 0)
(-0.0631954 -0.254999 0)
(-0.0742 -0.253568 0)
(-0.08392 -0.25236 0)
(-0.0937589 -0.248379 0)
(-0.107879 -0.244718 0)
(-0.119562 -0.237417 0)
(-0.129327 -0.228123 0)
(-0.137481 -0.217979 0)
(-0.14395 -0.210266 0)
(-0.154739 -0.202188 0)
(-0.164672 -0.185961 0)
(-0.16517 -0.161865 0)
(-0.168234 -0.145749 0)
(-0.165248 -0.139037 0)
(-0.00191184 -0.237232 0)
(-0.00647366 -0.251041 0)
(-0.0114749 -0.250619 0)
(-0.0168715 -0.250737 0)
(-0.0226854 -0.250648 0)
(-0.028814 -0.250511 0)
(-0.035104 -0.250043 0)
(-0.0418227 -0.249322 0)
(-0.0492331 -0.248352 0)
(-0.0582889 -0.247118 0)
(-0.0668407 -0.246273 0)
(-0.0739152 -0.244419 0)
(-0.0831295 -0.23993 0)
(-0.0933428 -0.234422 0)
(-0.104135 -0.229067 0)
(-0.115264 -0.222274 0)
(-0.124023 -0.212705 0)
(-0.133269 -0.199053 0)
(-0.142544 -0.18396 0)
(-0.146613 -0.172145 0)
(-0.153799 -0.156129 0)
(-0.152256 -0.140574 0)
(-0.150014 -0.135492 0)
(-0.00241669 -0.230544 0)
(-0.00795453 -0.243851 0)
(-0.0134493 -0.243341 0)
(-0.0190073 -0.243295 0)
(-0.0247516 -0.243003 0)
(-0.0307092 -0.242501 0)
(-0.0369498 -0.241769 0)
(-0.0434553 -0.240686 0)
(-0.0501467 -0.23909 0)
(-0.0563603 -0.236794 0)
(-0.0633245 -0.234894 0)
(-0.0738021 -0.231469 0)
(-0.0837419 -0.227202 0)
(-0.0908397 -0.222398 0)
(-0.0985353 -0.215657 0)
(-0.108713 -0.207792 0)
(-0.116637 -0.199006 0)
(-0.123947 -0.190837 0)
(-0.129075 -0.186271 0)
(-0.132817 -0.173241 0)
(-0.137968 -0.155051 0)
(-0.138428 -0.143436 0)
(-0.136649 -0.137476 0)
(-0.0021932 -0.227607 0)
(-0.0071314 -0.240544 0)
(-0.0123258 -0.239987 0)
(-0.0175161 -0.239771 0)
(-0.0228164 -0.239302 0)
(-0.028156 -0.238602 0)
(-0.0336312 -0.237593 0)
(-0.0394085 -0.23628 0)
(-0.045707 -0.234676 0)
(-0.0528224 -0.232469 0)
(-0.0609979 -0.228968 0)
(-0.0687183 -0.225485 0)
(-0.076254 -0.222684 0)
(-0.0853065 -0.216619 0)
(-0.0932936 -0.211021 0)
(-0.0981365 -0.20614 0)
(-0.104756 -0.198258 0)
(-0.111653 -0.188512 0)
(-0.11789 -0.175065 0)
(-0.125315 -0.161935 0)
(-0.127112 -0.153487 0)
(-0.126442 -0.146333 0)
(-0.126814 -0.135697 0)
(-0.00214203 -0.221377 0)
(-0.00696343 -0.23374 0)
(-0.012036 -0.233015 0)
(-0.0172469 -0.232522 0)
(-0.022767 -0.231755 0)
(-0.0286532 -0.230792 0)
(-0.0348919 -0.229661 0)
(-0.0413874 -0.228297 0)
(-0.0479012 -0.22641 0)
(-0.0541731 -0.223693 0)
(-0.0595198 -0.2201 0)
(-0.0646794 -0.217114 0)
(-0.0709618 -0.212336 0)
(-0.0771711 -0.208043 0)
(-0.0842131 -0.202249 0)
(-0.0928978 -0.193668 0)
(-0.101859 -0.186013 0)
(-0.10683 -0.177717 0)
(-0.110379 -0.170999 0)
(-0.111937 -0.166239 0)
(-0.113647 -0.153398 0)
(-0.117621 -0.14184 0)
(-0.11828 -0.135543 0)
(-0.00210787 -0.218638 0)
(-0.0067376 -0.230707 0)
(-0.0115012 -0.229961 0)
(-0.0162108 -0.22939 0)
(-0.0209911 -0.228524 0)
(-0.0258297 -0.227367 0)
(-0.0308291 -0.225891 0)
(-0.0361036 -0.224078 0)
(-0.0417722 -0.221944 0)
(-0.0478665 -0.219491 0)
(-0.0546815 -0.216538 0)
(-0.0620911 -0.212091 0)
(-0.0690871 -0.20762 0)
(-0.0758387 -0.202228 0)
(-0.081869 -0.19658 0)
(-0.0863415 -0.191922 0)
(-0.0894122 -0.186698 0)
(-0.0944069 -0.179025 0)
(-0.098375 -0.168002 0)
(-0.103821 -0.156664 0)
(-0.107447 -0.150082 0)
(-0.108404 -0.142912 0)
(-0.109418 -0.134123 0)
(-0.00204802 -0.212478 0)
(-0.00660565 -0.224147 0)
(-0.0113188 -0.223371 0)
(-0.0160441 -0.222672 0)
(-0.020897 -0.221667 0)
(-0.0258546 -0.220368 0)
(-0.0308981 -0.218728 0)
(-0.0360068 -0.216686 0)
(-0.0411586 -0.21417 0)
(-0.0463514 -0.211124 0)
(-0.0514423 -0.207625 0)
(-0.0562865 -0.204372 0)
(-0.0612568 -0.200427 0)
(-0.066368 -0.195678 0)
(-0.0716066 -0.190237 0)
(-0.0773556 -0.183472 0)
(-0.0839145 -0.175981 0)
(-0.0895423 -0.168951 0)
(-0.0934365 -0.16334 0)
(-0.0954074 -0.15721 0)
(-0.0975418 -0.148631 0)
(-0.100518 -0.14031 0)
(-0.101932 -0.133074 0)
(-0.00191047 -0.210245 0)
(-0.00598371 -0.221667 0)
(-0.0102737 -0.220901 0)
(-0.014508 -0.220159 0)
(-0.018885 -0.219105 0)
(-0.0234087 -0.21775 0)
(-0.0281176 -0.216073 0)
(-0.0330069 -0.214047 0)
(-0.0380314 -0.211642 0)
(-0.0431134 -0.208786 0)
(-0.0481974 -0.2052 0)
(-0.0534065 -0.200721 0)
(-0.0587683 -0.196182 0)
(-0.0640265 -0.19152 0)
(-0.0689991 -0.186332 0)
(-0.0733888 -0.180873 0)
(-0.0771179 -0.175158 0)
(-0.0805812 -0.168322 0)
(-0.0843201 -0.160409 0)
(-0.0879148 -0.152596 0)
(-0.0907857 -0.145852 0)
(-0.0931008 -0.138926 0)
(-0.0947397 -0.131703 0)
(-0.00180164 -0.204638 0)
(-0.00573403 -0.215634 0)
(-0.00980894 -0.214836 0)
(-0.0138469 -0.213936 0)
(-0.0179705 -0.212698 0)
(-0.0221506 -0.211125 0)
(-0.0263899 -0.209204 0)
(-0.0306978 -0.206927 0)
(-0.0351032 -0.204293 0)
(-0.0396431 -0.201341 0)
(-0.0442937 -0.198204 0)
(-0.0488262 -0.194773 0)
(-0.0531828 -0.190636 0)
(-0.0575519 -0.185841 0)
(-0.0619525 -0.180689 0)
(-0.0663466 -0.175099 0)
(-0.070694 -0.169035 0)
(-0.0747959 -0.162922 0)
(-0.078238 -0.15676 0)
(-0.0810112 -0.150302 0)
(-0.0835655 -0.143522 0)
(-0.0862013 -0.136792 0)
(-0.088172 -0.130149 0)
(-0.00169619 -0.202398 0)
(-0.00523802 -0.21328 0)
(-0.00898879 -0.212532 0)
(-0.0126725 -0.211644 0)
(-0.0164606 -0.210424 0)
(-0.0203299 -0.208869 0)
(-0.0242885 -0.206958 0)
(-0.0283243 -0.204666 0)
(-0.0324085 -0.201956 0)
(-0.0365062 -0.198789 0)
(-0.04063 -0.195141 0)
(-0.0448371 -0.191075 0)
(-0.0490857 -0.186768 0)
(-0.053238 -0.182193 0)
(-0.0572412 -0.177201 0)
(-0.0610842 -0.171831 0)
(-0.0647202 -0.166154 0)
(-0.0681603 -0.160062 0)
(-0.071441 -0.153664 0)
(-0.0744211 -0.147207 0)
(-0.0770903 -0.1409 0)
(-0.0797131 -0.134621 0)
(-0.0819458 -0.128295 0)
(-0.00152796 -0.198223 0)
(-0.00475041 -0.208717 0)
(-0.00816799 -0.207947 0)
(-0.0115144 -0.206935 0)
(-0.0149571 -0.205573 0)
(-0.0184669 -0.203873 0)
(-0.0220545 -0.201839 0)
(-0.0257209 -0.199476 0)
(-0.0294599 -0.19679 0)
(-0.0332513 -0.193778 0)
(-0.0370548 -0.190428 0)
(-0.040823 -0.1867 0)
(-0.0445476 -0.182538 0)
(-0.0482531 -0.17796 0)
(-0.0519164 -0.173044 0)
(-0.0554863 -0.167808 0)
(-0.0589376 -0.162268 0)
(-0.0622343 -0.156505 0)
(-0.0653226 -0.150545 0)
(-0.0681561 -0.144434 0)
(-0.0708002 -0.138293 0)
(-0.0734952 -0.132214 0)
(-0.0759837 -0.126144 0)
(-0.00139911 -0.195744 0)
(-0.00426147 -0.206109 0)
(-0.00734077 -0.205374 0)
(-0.01034 -0.204333 0)
(-0.0134386 -0.202945 0)
(-0.0165976 -0.201205 0)
(-0.0198281 -0.199108 0)
(-0.0231257 -0.196653 0)
(-0.0264791 -0.193837 0)
(-0.0298748 -0.190658 0)
(-0.0333005 -0.187124 0)
(-0.0367437 -0.18325 0)
(-0.0401785 -0.179058 0)
(-0.0435684 -0.174551 0)
(-0.0468927 -0.169715 0)
(-0.0501398 -0.16457 0)
(-0.0532899 -0.159149 0)
(-0.0563351 -0.153478 0)
(-0.059272 -0.14761 0)
(-0.0620619 -0.141622 0)
(-0.064717 -0.135619 0)
(-0.0674428 -0.129664 0)
(-0.0701291 -0.123715 0)
(-0.00121114 -0.192854 0)
(-0.003698 -0.202961 0)
(-0.0064265 -0.202224 0)
(-0.00905996 -0.201102 0)
(-0.0118022 -0.19963 0)
(-0.0146057 -0.197804 0)
(-0.0174876 -0.195627 0)
(-0.0204483 -0.19312 0)
(-0.0234749 -0.190293 0)
(-0.0265473 -0.187148 0)
(-0.0296415 -0.183679 0)
(-0.032736 -0.179876 0)
(-0.0358174 -0.175734 0)
(-0.0388771 -0.171264 0)
(-0.0418999 -0.166485 0)
(-0.0448693 -0.16142 0)
(-0.0477751 -0.156091 0)
(-0.0506119 -0.150536 0)
(-0.0533826 -0.144787 0)
(-0.0560782 -0.138893 0)
(-0.0587117 -0.132935 0)
(-0.0614497 -0.126996 0)
(-0.0642782 -0.121058 0)
(-0.0010112 -0.190714 0)
(-0.00311511 -0.200625 0)
(-0.0055002 -0.199896 0)
(-0.00776284 -0.198714 0)
(-0.0101372 -0.197182 0)
(-0.0125621 -0.195283 0)
(-0.0150612 -0.193023 0)
(-0.0176482 -0.190433 0)
(-0.0203174 -0.187528 0)
(-0.023055 -0.184314 0)
(-0.0258373 -0.180791 0)
(-0.0286377 -0.176957 0)
(-0.0314351 -0.172814 0)
(-0.0342111 -0.168368 0)
(-0.0369538 -0.163625 0)
(-0.0396582 -0.158603 0)
(-0.0423207 -0.153325 0)
(-0.0449445 -0.147818 0)
(-0.0475436 -0.142109 0)
(-0.0501265 -0.136238 0)
(-0.0527087 -0.130264 0)
(-0.0554222 -0.124262 0)
(-0.0583215 -0.118234 0)
(-0.000761958 -0.188797 0)
(-0.00250043 -0.198414 0)
(-0.00458977 -0.197686 0)
(-0.00649396 -0.196449 0)
(-0.00850273 -0.194872 0)
(-0.0105392 -0.192935 0)
(-0.012585 -0.190613 0)
(-0.0146709 -0.187936 0)
(-0.0168525 -0.184937 0)
(-0.019185 -0.181653 0)
(-0.021678 -0.178112 0)
(-0.0242597 -0.174296 0)
(-0.0268401 -0.170171 0)
(-0.0294125 -0.165746 0)
(-0.0319471 -0.161026 0)
(-0.0344364 -0.15603 0)
(-0.0368863 -0.150783 0)
(-0.0393041 -0.145298 0)
(-0.0417163 -0.139593 0)
(-0.0441515 -0.133698 0)
(-0.0466379 -0.127654 0)
(-0.0492822 -0.121522 0)
(-0.0521792 -0.115319 0)
(-0.000470548 -0.187328 0)
(-0.00193894 -0.19652 0)
(-0.00388176 -0.195804 0)
(-0.00551946 -0.194555 0)
(-0.00724509 -0.192971 0)
(-0.00893364 -0.191026 0)
(-0.010515 -0.188674 0)
(-0.0120427 -0.185925 0)
(-0.0135501 -0.182772 0)
(-0.0151264 -0.179267 0)
(-0.0168719 -0.175465 0)
(-0.0189163 -0.171467 0)
(-0.0212746 -0.167313 0)
(-0.0238345 -0.162981 0)
(-0.0264539 -0.158435 0)
(-0.0289536 -0.153599 0)
(-0.0313083 -0.148445 0)
(-0.0335877 -0.142993 0)
(-0.0358303 -0.137269 0)
(-0.038098 -0.131316 0)
(-0.0404417 -0.125156 0)
(-0.0429617 -0.118843 0)
(-0.0457762 -0.112397 0)
(-0.000186323 -0.186473 0)
(-0.00160223 -0.19492 0)
(-0.00371308 -0.194228 0)
(-0.00531997 -0.193023 0)
(-0.0070068 -0.191492 0)
(-0.00861981 -0.189649 0)
(-0.0101777 -0.187453 0)
(-0.011651 -0.18484 0)
(-0.0130246 -0.18179 0)
(-0.014242 -0.178256 0)
(-0.0153383 -0.174301 0)
(-0.0164032 -0.169999 0)
(-0.0175332 -0.165427 0)
(-0.0188178 -0.160654 0)
(-0.0204349 -0.155759 0)
(-0.0224907 -0.150802 0)
(-0.0249029 -0.145768 0)
(-0.0273982 -0.140561 0)
(-0.0296974 -0.135021 0)
(-0.0318619 -0.129099 0)
(-0.0340544 -0.122824 0)
(-0.0364038 -0.116294 0)
(-0.0390658 -0.109565 0)
(-1.30655e-05 -0.186153 0)
(-0.00177359 -0.193518 0)
(-0.00445208 -0.192874 0)
(-0.00640613 -0.191797 0)
(-0.00839046 -0.190329 0)
(-0.0101525 -0.188449 0)
(-0.0118923 -0.186257 0)
(-0.0134725 -0.183683 0)
(-0.0148616 -0.180736 0)
(-0.0160253 -0.177419 0)
(-0.0168857 -0.173659 0)
(-0.0174716 -0.169474 0)
(-0.0179162 -0.164946 0)
(-0.0183074 -0.160087 0)
(-0.0186862 -0.154923 0)
(-0.0191426 -0.149499 0)
(-0.0197954 -0.143876 0)
(-0.0208975 -0.138164 0)
(-0.0226797 -0.132455 0)
(-0.0249316 -0.126642 0)
(-0.0272629 -0.120494 0)
(-0.0295088 -0.113786 0)
(-0.0320038 -0.106662 0)
(-0.000190512 -0.184981 0)
(-0.00262738 -0.190765 0)
(-0.00605668 -0.190217 0)
(-0.00871063 -0.18935 0)
(-0.0113794 -0.188043 0)
(-0.0137312 -0.186303 0)
(-0.015857 -0.184257 0)
(-0.0177027 -0.181919 0)
(-0.0192415 -0.179264 0)
(-0.0204561 -0.176269 0)
(-0.0213295 -0.172914 0)
(-0.0217609 -0.169084 0)
(-0.0217688 -0.164786 0)
(-0.0214762 -0.160057 0)
(-0.0209802 -0.154947 0)
(-0.020375 -0.14951 0)
(-0.0197369 -0.143761 0)
(-0.0191612 -0.137693 0)
(-0.0187844 -0.131356 0)
(-0.0188226 -0.124829 0)
(-0.0196677 -0.118227 0)
(-0.0215457 -0.111564 0)
(-0.0244031 -0.104435 0)
(-0.000737956 -0.181209 0)
(-0.00376787 -0.184788 0)
(-0.00753606 -0.184388 0)
(-0.0107345 -0.183811 0)
(-0.0139122 -0.182942 0)
(-0.0168025 -0.181829 0)
(-0.0193503 -0.180358 0)
(-0.0215933 -0.178565 0)
(-0.0235171 -0.176448 0)
(-0.0251028 -0.174003 0)
(-0.0263311 -0.171234 0)
(-0.0271785 -0.168151 0)
(-0.0275505 -0.16466 0)
(-0.0274039 -0.160736 0)
(-0.0267193 -0.156318 0)
(-0.0255194 -0.151359 0)
(-0.0239142 -0.145837 0)
(-0.0220351 -0.139744 0)
(-0.0200581 -0.133066 0)
(-0.0182234 -0.12578 0)
(-0.0167762 -0.117895 0)
(-0.0160055 -0.10949 0)
(-0.0164315 -0.10103 0)
(-0.000834165 -0.179203 0)
(-0.00388712 -0.181547 0)
(-0.00761931 -0.181221 0)
(-0.0108184 -0.18076 0)
(-0.0140385 -0.180024 0)
(-0.0170507 -0.179047 0)
(-0.0198464 -0.177811 0)
(-0.0223651 -0.176304 0)
(-0.0245763 -0.174517 0)
(-0.026448 -0.172436 0)
(-0.0279524 -0.170048 0)
(-0.0290687 -0.16733 0)
(-0.0297499 -0.164261 0)
(-0.0299174 -0.160814 0)
(-0.0295501 -0.156955 0)
(-0.0286784 -0.152633 0)
(-0.0273178 -0.147796 0)
(-0.0254925 -0.142385 0)
(-0.0232553 -0.136325 0)
(-0.0207031 -0.129521 0)
(-0.017988 -0.121842 0)
(-0.0153556 -0.113083 0)
(-0.0131244 -0.103096 0)
(0.333611 0.512563 0)
(-0.0126157 0.332405 0)
(-0.187597 -0.446871 0)
(-0.0849945 0.170856 0)
(0.338724 0.457815 0)
(0.367799 0.367549 0)
(0.347353 0.285299 0)
(0.192265 0.0433789 0)
(0.410312 0.371162 0)
(0.419126 0.306171 0)
(0.442316 0.250826 0)
(0.41575 0.126274 0)
(0.663855 0.458294 0)
(0.600447 0.352691 0)
(0.58718 0.284341 0)
(0.550941 0.185378 0)
(1.02098 0.529662 0)
(1.0021 0.495599 0)
(0.94597 0.440704 0)
(0.869711 0.342889 0)
(1.05978 0.47852 0)
(1.10235 0.488853 0)
(1.10871 0.479441 0)
(1.10173 0.45733 0)
(0.957845 0.364047 0)
(1.04479 0.428344 0)
(1.08554 0.470888 0)
(1.11116 0.468544 0)
(0.631987 0.0880674 0)
(0.784038 0.207516 0)
(0.885005 0.323921 0)
(0.9858 0.435983 0)
(0.364817 -0.169729 0)
(0.451187 -0.103982 0)
(0.529953 -0.0447528 0)
(0.65384 0.096276 0)
(0.268659 -0.17458 0)
(0.304061 -0.114672 0)
(0.337094 -0.0989578 0)
(0.401031 -0.0674701 0)
(0.367895 -0.389153 0)
(0.365411 -0.345344 0)
(0.411974 -0.340244 0)
(0.43665 -0.311641 0)
(0.680326 0.472968 0)
(0.582205 0.411743 0)
(0.512804 0.306352 0)
(0.463186 0.306783 0)
(0.132761 -0.484968 0)
(0.172473 -0.45358 0)
(0.20463 -0.476534 0)
(0.225325 -0.476171 0)
(-0.254846 0.14676 0)
(-0.271206 0.0352844 0)
(-0.297014 0.0179166 0)
(-0.33476 -0.0129145 0)
(-0.179033 -0.242855 0)
(-0.18231 -0.218104 0)
(-0.197756 -0.172074 0)
(-0.208663 -0.151764 0)
(-0.264843 -0.0299926 0)
(-0.274529 -0.044612 0)
(-0.278529 -0.0495942 0)
(-0.275167 -0.0593418 0)
(-0.247271 -0.126864 0)
(-0.248587 -0.108578 0)
(-0.244395 -0.0968341 0)
(-0.241506 -0.086153 0)
(-0.22078 -0.119173 0)
(-0.21936 -0.114092 0)
(-0.216524 -0.102943 0)
(-0.213005 -0.0964059 0)
(-0.225814 -0.10582 0)
(-0.222824 -0.100805 0)
(-0.220559 -0.091233 0)
(-0.217777 -0.0777577 0)
(-0.195068 -0.129446 0)
(-0.195098 -0.122526 0)
(-0.19335 -0.110209 0)
(-0.191153 -0.102105 0)
(-0.183881 -0.120179 0)
(-0.182823 -0.112601 0)
(-0.179853 -0.105197 0)
(-0.173736 -0.100239 0)
(-0.162839 -0.133613 0)
(-0.164011 -0.123971 0)
(-0.16005 -0.117262 0)
(-0.157554 -0.111567 0)
(-0.148496 -0.132974 0)
(-0.149128 -0.125592 0)
(-0.148936 -0.118472 0)
(-0.146173 -0.113394 0)
(-0.135792 -0.133356 0)
(-0.137359 -0.125682 0)
(-0.137995 -0.117785 0)
(-0.136735 -0.112178 0)
(-0.127003 -0.131509 0)
(-0.127119 -0.127018 0)
(-0.12818 -0.12033 0)
(-0.126575 -0.115967 0)
(-0.117458 -0.130411 0)
(-0.118117 -0.126069 0)
(-0.118418 -0.121659 0)
(-0.118598 -0.116225 0)
(-0.10974 -0.129312 0)
(-0.109639 -0.126164 0)
(-0.11016 -0.122004 0)
(-0.110661 -0.118181 0)
(-0.10209 -0.128236 0)
(-0.102315 -0.125339 0)
(-0.102531 -0.122167 0)
(-0.103532 -0.11867 0)
(-0.0953202 -0.127012 0)
(-0.0956296 -0.124405 0)
(-0.0958415 -0.121628 0)
(-0.097091 -0.118767 0)
(-0.0890064 -0.125587 0)
(-0.0895764 -0.123036 0)
(-0.0898619 -0.120557 0)
(-0.091254 -0.118053 0)
(-0.0830849 -0.12388 0)
(-0.0838936 -0.121347 0)
(-0.0843458 -0.11897 0)
(-0.0858189 -0.11668 0)
(-0.0774062 -0.121827 0)
(-0.0784508 -0.119274 0)
(-0.0791254 -0.116899 0)
(-0.0806416 -0.114679 0)
(-0.0718039 -0.119431 0)
(-0.0730534 -0.116826 0)
(-0.0739798 -0.114373 0)
(-0.0755363 -0.112103 0)
(-0.0661618 -0.116735 0)
(-0.0675654 -0.11405 0)
(-0.0687284 -0.11147 0)
(-0.0703181 -0.109064 0)
(-0.0603527 -0.113802 0)
(-0.0618565 -0.111008 0)
(-0.0632214 -0.108265 0)
(-0.0648528 -0.105665 0)
(-0.0543025 -0.110713 0)
(-0.0558477 -0.107781 0)
(-0.0573447 -0.104857 0)
(-0.0590041 -0.10203 0)
(-0.0479198 -0.107567 0)
(-0.0494612 -0.104468 0)
(-0.051033 -0.101349 0)
(-0.0527003 -0.0982781 0)
(-0.0411672 -0.104474 0)
(-0.0426651 -0.101198 0)
(-0.0442407 -0.0978791 0)
(-0.0458833 -0.0945684 0)
(-0.0339989 -0.101308 0)
(-0.0354382 -0.0978455 0)
(-0.0369664 -0.0943426 0)
(-0.0385645 -0.0908128 0)
(-0.0264479 -0.0988154 0)
(-0.027819 -0.0952094 0)
(-0.0292678 -0.0915015 0)
(-0.0307442 -0.0877535 0)
(-0.017613 -0.095165 0)
(-0.0188901 -0.0913469 0)
(-0.0203113 -0.0875549 0)
(-0.02194 -0.0837463 0)
(-0.0126391 -0.0955636 0)
(-0.0124508 -0.090669 0)
(-0.0125613 -0.0859782 0)
(-0.0128558 -0.0814338 0)
(0.279289 0.944306 0)
(0.228794 0.857531 0)
(0.499797 0.353587 0)
(0.309644 0.244282 0)
(0.165285 0.472931 0)
(0.731725 0.0420234 0)
(0.209731 -0.878125 0)
(0.611582 -0.821082 0)
(0.70341 -1.10986 0)
(0.744109 -1.25782 0)
(0.82134 -1.29807 0)
(0.827213 -1.12753 0)
(1.34648 0.336304 0)
(-0.121186 1.65278 0)
(0.374939 0.462065 0)
(0.421079 0.684005 0)
(0.369313 0.754111 0)
(0.223995 0.730424 0)
(0.099756 0.506302 0)
(0.308991 0.491263 0)
(0.772821 0.620818 0)
(0.845023 0.449019 0)
(0.97186 0.250862 0)
(1.16747 -0.701929 0)
(1.08219 -0.847771 0)
(0.909374 -0.523216 0)
(0.8526 -0.79831 0)
(0.83756 -1.12478 0)
(0.826109 -1.28685 0)
(0.81829 -1.30147 0)
(0.563143 -1.19817 0)
(0.616972 0.842816 0)
(0.413782 1.06772 0)
(-0.451296 0.63963 0)
(0.335644 0.574335 0)
(0.3049 0.807551 0)
(0.19419 0.820801 0)
(0.117218 0.644661 0)
(0.425055 0.164397 0)
(0.740786 0.319169 0)
(0.932512 0.225402 0)
(1.01015 0.179014 0)
(1.03755 -0.0225406 0)
(0.91467 -0.240807 0)
(0.867114 -0.460312 0)
(0.904246 -0.789253 0)
(0.890432 -1.12267 0)
(0.891124 -1.23315 0)
(0.746766 -1.25226 0)
(0.0685686 -1.02491 0)
(0.103554 1.05257 0)
(0.646301 1.3916 0)
(-0.567567 0.75753 0)
(0.189727 0.248007 0)
(0.261696 0.813303 0)
(0.178413 0.893856 0)
(0.124851 0.784498 0)
(0.518629 0.114498 0)
(0.584212 0.122197 0)
(0.718543 0.141096 0)
(0.868473 0.0914508 0)
(0.908521 -0.118231 0)
(0.905293 -0.309954 0)
(0.928897 -0.506156 0)
(0.963613 -0.824803 0)
(0.982248 -1.09099 0)
(0.956902 -1.15193 0)
(0.768371 -1.16642 0)
(0.255773 -0.44658 0)
(0.0528042 0.60911 0)
(0.57016 1.53315 0)
(0.378765 0.580626 0)
(-0.361721 0.53678 0)
(0.21614 0.76564 0)
(0.129605 0.922602 0)
(0.0772428 0.905979 0)
(0.741785 0.193245 0)
(0.673059 0.1049 0)
(0.69697 0.0540981 0)
(0.765351 -0.0142293 0)
(0.835371 -0.175167 0)
(0.88729 -0.336514 0)
(0.949997 -0.52643 0)
(1.00796 -0.839526 0)
(1.03046 -1.03947 0)
(0.938888 -1.10233 0)
(0.623897 -1.04624 0)
(0.273833 -0.0188699 0)
(0.0538929 0.543833 0)
(0.349794 1.46108 0)
(0.731444 1.05692 0)
(-0.853707 0.401301 0)
(0.220408 0.595027 0)
(0.0808436 0.9824 0)
(0.0598616 1.00174 0)
(1.01852 0.349121 0)
(0.847843 0.176832 0)
(0.809484 0.0619944 0)
(0.831315 -0.038057 0)
(0.875183 -0.206596 0)
(0.938891 -0.359406 0)
(1.01591 -0.604777 0)
(1.05579 -0.877019 0)
(1.05885 -1.00301 0)
(0.90208 -1.07625 0)
(0.366039 -0.552006 0)
(0.0977452 0.301344 0)
(0.0216946 0.565556 0)
(0.000234374 1.18349 0)
(0.733373 1.41757 0)
(-0.389179 0.450891 0)
(0.194156 0.421795 0)
(0.078876 1.01996 0)
(0.0602568 1.07021 0)
(1.10226 0.42612 0)
(1.02425 0.276873 0)
(0.952388 0.101122 0)
(0.936249 -0.0662862 0)
(0.984806 -0.248918 0)
(1.03956 -0.437509 0)
(1.09934 -0.678455 0)
(1.10293 -0.853413 0)
(1.04182 -0.932352 0)
(0.738327 -0.929277 0)
(0.124673 0.0291302 0)
(-0.108042 0.441997 0)
(-0.0411678 0.555162 0)
(0.0249938 0.773101 0)
(0.660587 1.37071 0)
(0.318821 0.751755 0)
(-0.0124423 0.428365 0)
(0.0905855 1.03878 0)
(0.0346423 1.12863 0)
(1.06216 0.434935 0)
(1.05333 0.342921 0)
(1.03691 0.150547 0)
(1.06544 -0.073989 0)
(1.11079 -0.279958 0)
(1.14115 -0.485126 0)
(1.14458 -0.701936 0)
(1.08484 -0.82662 0)
(0.924374 -0.910895 0)
(0.258664 -0.221346 0)
(-0.160415 0.358744 0)
(-0.136677 0.439711 0)
(-0.061655 0.476592 0)
(0.0245046 0.551445 0)
(0.362577 1.26012 0)
(0.487331 0.927286 0)
(-0.222267 0.707904 0)
(0.124671 1.03548 0)
(0.017998 1.17453 0)
(0.885681 0.29711 0)
(0.990897 0.282117 0)
(1.06017 0.110677 0)
(1.1156 -0.153651 0)
(1.15014 -0.324574 0)
(1.17906 -0.515604 0)
(1.13543 -0.659039 0)
(1.00005 -0.741728 0)
(0.333398 -0.327968 0)
(-0.231104 0.257746 0)
(-0.193043 0.355401 0)
(-0.14258 0.390669 0)
(-0.0904189 0.381491 0)
(-0.0236413 0.44454 0)
(0.0291283 1.01917 0)
(0.504847 0.992147 0)
(-0.0687987 0.744552 0)
(0.16651 1.07257 0)
(0.0192061 1.2354 0)
(0.576631 0.12183 0)
(0.762193 0.185742 0)
(0.900264 0.0817018 0)
(0.961678 -0.106987 0)
(1.02735 -0.35618 0)
(1.10643 -0.507269 0)
(0.961933 -0.549773 0)
(0.346409 -0.0708254 0)
(-0.177704 0.191439 0)
(-0.226248 0.270973 0)
(-0.17135 0.299384 0)
(-0.128435 0.343031 0)
(-0.0846002 0.331463 0)
(-0.0126205 0.422552 0)
(-0.0197948 0.768798 0)
(0.494413 0.956975 0)
(0.102396 0.862208 0)
(0.144666 1.13658 0)
(0.0322039 1.30854 0)
(0.535196 -0.145663 0)
(0.707497 -0.0684048 0)
(0.79741 -0.1285 0)
(0.823644 -0.346415 0)
(0.807519 -0.470112 0)
(0.451253 -0.0987827 0)
(-0.200115 0.141535 0)
(-0.273927 0.174069 0)
(-0.251795 0.195911 0)
(-0.218069 0.234294 0)
(-0.137335 0.246049 0)
(-0.111286 0.297862 0)
(-0.0646488 0.272682 0)
(0.0232508 0.382146 0)
(0.0189553 0.565797 0)
(0.467306 0.864081 0)
(0.0540496 1.0152 0)
(0.0965928 1.19027 0)
(0.0426783 1.36519 0)
(0.497669 0.0312406 0)
(0.604727 -0.12788 0)
(0.602486 -0.0445421 0)
(0.53119 0.276117 0)
(-0.0387848 0.229573 0)
(-0.17779 0.0565166 0)
(-0.182575 0.0279194 0)
(-0.201061 0.0864713 0)
(-0.178917 0.15164 0)
(-0.177169 0.196859 0)
(-0.105805 0.207835 0)
(-0.0966517 0.259336 0)
(-0.03621 0.220243 0)
(0.0428522 0.337239 0)
(0.0445203 0.4084 0)
(0.448155 0.82314 0)
(-0.0449984 1.22931 0)
(0.0861015 1.19795 0)
(0.0353035 1.40754 0)
(0.189139 -0.327979 0)
(0.050308 0.0733939 0)
(-0.164468 0.151753 0)
(-0.187062 0.0960299 0)
(-0.144867 0.0865096 0)
(-0.1523 0.104192 0)
(-0.180805 0.109704 0)
(-0.191473 0.119428 0)
(-0.156229 0.143859 0)
(-0.158905 0.166134 0)
(-0.0773298 0.176326 0)
(-0.0924661 0.217966 0)
(-0.00890931 0.167556 0)
(0.0334327 0.286263 0)
(0.064374 0.267723 0)
(0.411525 0.822822 0)
(-0.131989 1.41885 0)
(0.115478 1.16739 0)
(0.0118834 1.4517 0)
(-0.371219 -0.0420034 0)
(-0.311805 -0.0484759 0)
(-0.234337 0.0152661 0)
(-0.218274 0.109033 0)
(-0.198292 0.111173 0)
(-0.176683 0.0812766 0)
(-0.165001 0.0804891 0)
(-0.16652 0.1003 0)
(-0.130903 0.122278 0)
(-0.142556 0.14017 0)
(-0.0569456 0.148956 0)
(-0.0944384 0.179923 0)
(0.0163897 0.12768 0)
(-0.00332233 0.238796 0)
(0.0846124 0.165287 0)
(0.265135 0.895561 0)
(-0.135323 1.49613 0)
(0.132097 1.14537 0)
(-0.00732349 1.50168 0)
(-0.249775 -0.110848 0)
(-0.291376 -0.00789321 0)
(-0.285934 0.0471609 0)
(-0.243829 0.0617421 0)
(-0.204463 0.0755495 0)
(-0.175182 0.0724151 0)
(-0.158187 0.0783455 0)
(-0.152805 0.0875919 0)
(-0.113278 0.104133 0)
(-0.130588 0.115381 0)
(-0.04151 0.124647 0)
(-0.0998736 0.143555 0)
(0.0370569 0.103281 0)
(-0.0497457 0.190149 0)
(0.109364 0.118758 0)
(0.0604465 0.932036 0)
(0.0393077 1.50339 0)
(0.125612 1.14915 0)
(-0.0111031 1.54663 0)
(-0.276738 -0.0680221 0)
(-0.262519 -0.0469227 0)
(-0.241818 -0.000614039 0)
(-0.215556 0.0306205 0)
(-0.190275 0.046311 0)
(-0.16912 0.053457 0)
(-0.149237 0.0621009 0)
(-0.140383 0.0737344 0)
(-0.101243 0.0857779 0)
(-0.120455 0.0935632 0)
(-0.0305505 0.104303 0)
(-0.101332 0.111086 0)
(0.0509524 0.0921394 0)
(-0.0822355 0.140856 0)
(0.140697 0.117596 0)
(-0.0649647 0.866852 0)
(0.333944 1.43896 0)
(0.0948365 1.20498 0)
(-0.00930148 1.59561 0)
(-0.249234 -0.061346 0)
(-0.246502 -0.0308114 0)
(-0.233632 -0.001725 0)
(-0.205306 0.00612774 0)
(-0.182929 0.0242287 0)
(-0.159864 0.0359715 0)
(-0.139494 0.0446927 0)
(-0.129079 0.0574372 0)
(-0.0913301 0.0678536 0)
(-0.111241 0.0730737 0)
(-0.0223092 0.0860573 0)
(-0.0998323 0.0831182 0)
(0.058726 0.0833184 0)
(-0.09591 0.0952329 0)
(0.162252 0.119284 0)
(-0.0992147 0.744211 0)
(0.478733 1.32656 0)
(0.0347326 1.3888 0)
(-0.00335852 1.66889 0)
(-0.217155 -0.079048 0)
(-0.212819 -0.0548509 0)
(-0.198021 -0.0311344 0)
(-0.17957 -0.0138504 0)
(-0.168641 0.00639947 0)
(-0.149457 0.017963 0)
(-0.129097 0.0285146 0)
(-0.118687 0.0419276 0)
(-0.0835777 0.0501888 0)
(-0.102001 0.0545085 0)
(-0.0167831 0.0693065 0)
(-0.0963951 0.0578425 0)
(0.0623833 0.074728 0)
(-0.09986 0.0553592 0)
(0.169259 0.108099 0)
(-0.0987986 0.606765 0)
(0.546175 1.20216 0)
(-0.00659204 1.59642 0)
(0.0103062 1.7783 0)
(-0.209949 -0.066001 0)
(-0.201678 -0.0529352 0)
(-0.181346 -0.042221 0)
(-0.170998 -0.0241111 0)
(-0.154465 -0.00538285 0)
(-0.137508 0.000744964 0)
(-0.121052 0.0128277 0)
(-0.107329 0.027157 0)
(-0.0773728 0.0330335 0)
(-0.0925735 0.0376295 0)
(-0.0136654 0.0538242 0)
(-0.0912652 0.0356039 0)
(0.0608837 0.0670195 0)
(-0.100082 0.0199731 0)
(0.155905 0.0913998 0)
(-0.100833 0.470366 0)
(0.520381 1.06919 0)
(0.0117928 1.79037 0)
(0.0368361 1.90049 0)
(-0.186639 -0.0879182 0)
(-0.173552 -0.0677822 0)
(-0.167296 -0.0533803 0)
(-0.157448 -0.0381332 0)
(-0.142214 -0.0221421 0)
(-0.124517 -0.0135293 0)
(-0.115734 0.000228452 0)
(-0.0944586 0.0103374 0)
(-0.0727528 0.017981 0)
(-0.0821377 0.0218353 0)
(-0.0123834 0.0400142 0)
(-0.0837919 0.0175586 0)
(0.0537535 0.0605096 0)
(-0.100329 -0.00637694 0)
(0.120686 0.0859159 0)
(-0.126041 0.359201 0)
(0.371793 1.00847 0)
(-0.143765 1.94715 0)
(0.0697167 1.96721 0)
(-0.171098 -0.0900453 0)
(-0.160984 -0.0748031 0)
(-0.155635 -0.0602501 0)
(-0.144981 -0.0474681 0)
(-0.129442 -0.0358719 0)
(-0.116472 -0.0258106 0)
(-0.105219 -0.012956 0)
(-0.0854669 -0.00629578 0)
(-0.0668165 0.00448021 0)
(-0.0716696 0.0069248 0)
(-0.0109563 0.0276167 0)
(-0.0728995 0.00520531 0)
(0.0419284 0.055357 0)
(-0.0933294 -0.0140881 0)
(0.0767663 0.0906817 0)
(-0.156817 0.309783 0)
(0.179606 1.02178 0)
(-0.258789 1.94391 0)
(0.099569 1.98786 0)
(-0.155244 -0.0970235 0)
(-0.149518 -0.0797924 0)
(-0.143414 -0.0685464 0)
(-0.131443 -0.0606024 0)
(-0.119262 -0.047589 0)
(-0.111502 -0.0358946 0)
(-0.0916684 -0.0283927 0)
(-0.0800667 -0.019885 0)
(-0.0590577 -0.0102442 0)
(-0.0610732 -0.00683705 0)
(-0.00738205 0.015382 0)
(-0.0582228 -0.0031619 0)
(0.0361617 0.0531117 0)
(-0.0783421 -0.00202699 0)
(0.0418464 0.102368 0)
(-0.162526 0.336618 0)
(0.004591 1.02105 0)
(-0.243684 1.86125 0)
(0.120818 1.99394 0)
(-0.142939 -0.0997808 0)
(-0.141442 -0.0849399 0)
(-0.131622 -0.0766249 0)
(-0.121028 -0.0695661 0)
(-0.111273 -0.0565282 0)
(-0.102054 -0.0485951 0)
(-0.08379 -0.0425095 0)
(-0.0727855 -0.0328521 0)
(-0.0520558 -0.025959 0)
(-0.0492017 -0.0206218 0)
(-0.00161668 0.0017934 0)
(-0.0372375 -0.0132518 0)
(0.042344 0.0547178 0)
(-0.0522293 0.00730802 0)
(0.0497126 0.1273 0)
(-0.144162 0.420282 0)
(-0.0963221 0.99332 0)
(-0.164424 1.73577 0)
(0.139939 2.00195 0)
(-0.132685 -0.103833 0)
(-0.1305 -0.091899 0)
(-0.121302 -0.0847984 0)
(-0.11276 -0.0778403 0)
(-0.106112 -0.0657617 0)
(-0.0920701 -0.0598786 0)
(-0.079509 -0.055588 0)
(-0.0649094 -0.047031 0)
(-0.0461847 -0.042169 0)
(-0.0364103 -0.0359618 0)
(0.00393304 -0.014618 0)
(-0.00795485 -0.027296 0)
(0.0563105 0.047784 0)
(-0.0111136 0.0102182 0)
(0.113062 0.157299 0)
(-0.100196 0.491336 0)
(0.0139965 0.977597 0)
(-0.15441 1.74043 0)
(0.17215 2.0071 0)
(-0.122714 -0.106123 0)
(-0.120786 -0.0969376 0)
(-0.114012 -0.0906606 0)
(-0.105771 -0.0844342 0)
(-0.100262 -0.0756342 0)
(-0.085444 -0.0713698 0)
(-0.075562 -0.0676032 0)
(-0.0590505 -0.0623971 0)
(-0.0411228 -0.0593309 0)
(-0.0240422 -0.0542075 0)
(0.00935442 -0.0379825 0)
(0.0214604 -0.0443251 0)
(0.080625 0.02052 0)
(0.0461771 0.00151074 0)
(0.209245 0.163008 0)
(-0.0193694 0.502677 0)
(0.400422 0.993651 0)
(-0.227992 1.79972 0)
(0.246607 1.99711 0)
(-0.114861 -0.109365 0)
(-0.112227 -0.101557 0)
(-0.108016 -0.0958799 0)
(-0.100081 -0.0903101 0)
(-0.0953196 -0.0841898 0)
(-0.0822392 -0.0817198 0)
(-0.0726286 -0.0795256 0)
(-0.0562406 -0.0780088 0)
(-0.038037 -0.0777435 0)
(-0.0162223 -0.0762382 0)
(0.0153681 -0.0689436 0)
(0.0466669 -0.0694958 0)
(0.104906 -0.0272392 0)
(0.113154 -0.03253 0)
(0.305313 0.130804 0)
(0.0923667 0.43405 0)
(0.756263 1.04191 0)
(-0.374365 1.96082 0)
(0.397999 1.9557 0)
(-0.107666 -0.111538 0)
(-0.105314 -0.10482 0)
(-0.102912 -0.100139 0)
(-0.0960927 -0.0955473 0)
(-0.0919212 -0.0916088 0)
(-0.0812202 -0.090957 0)
(-0.0719152 -0.0909626 0)
(-0.0568567 -0.0931643 0)
(-0.0387869 -0.0969699 0)
(-0.0149045 -0.101461 0)
(0.0178806 -0.104091 0)
(0.061587 -0.108555 0)
(0.123889 -0.0926597 0)
(0.180679 -0.0935232 0)
(0.381773 0.0477974 0)
(0.225475 0.322093 0)
(1.01707 1.15566 0)
(-0.499303 2.34527 0)
(0.560426 1.94277 0)
(-0.101829 -0.113122 0)
(-0.0996518 -0.107195 0)
(-0.0987163 -0.103149 0)
(-0.0934852 -0.0996977 0)
(-0.0900965 -0.0976142 0)
(-0.0821137 -0.0985922 0)
(-0.0740078 -0.101123 0)
(-0.0613063 -0.106944 0)
(-0.0448326 -0.115665 0)
(-0.0214769 -0.127566 0)
(0.0112308 -0.141587 0)
(0.0605698 -0.15949 0)
(0.131054 -0.172437 0)
(0.234298 -0.189724 0)
(0.428235 -0.108162 0)
(0.432779 0.160601 0)
(1.26379 1.17335 0)
(-0.147086 2.6609 0)
(0.734377 2.04373 0)
(-0.0965575 -0.11384 0)
(-0.095086 -0.108529 0)
(-0.0953031 -0.10506 0)
(-0.09197 -0.102552 0)
(-0.0898713 -0.101834 0)
(-0.0847233 -0.104214 0)
(-0.078929 -0.109042 0)
(-0.0696842 -0.118099 0)
(-0.0567877 -0.131773 0)
(-0.0372348 -0.151417 0)
(-0.00885209 -0.178186 0)
(0.0376112 -0.213587 0)
(0.10935 -0.260123 0)
(0.236963 -0.320332 0)
(0.429041 -0.331288 0)
(0.640991 -0.0893223 0)
(1.26708 0.971399 0)
(0.791882 3.24485 0)
(0.954043 2.36267 0)
(-0.0917926 -0.113697 0)
(-0.0912274 -0.108814 0)
(-0.09252 -0.105698 0)
(-0.0911922 -0.10387 0)
(-0.0908425 -0.104012 0)
(-0.0887254 -0.107286 0)
(-0.0861653 -0.113743 0)
(-0.0815464 -0.125172 0)
(-0.0743659 -0.142772 0)
(-0.0623968 -0.169032 0)
(-0.0429491 -0.207352 0)
(-0.00960864 -0.261294 0)
(0.0453622 -0.340803 0)
(0.157587 -0.454669 0)
(0.32709 -0.570469 0)
(0.625604 -0.409858 0)
(1.02257 0.633775 0)
(1.19796 3.67516 0)
(1.29574 3.13675 0)
(-0.0872695 -0.112672 0)
(-0.0877809 -0.108022 0)
(-0.0901418 -0.105001 0)
(-0.0908127 -0.10343 0)
(-0.0924608 -0.103905 0)
(-0.0934974 -0.107429 0)
(-0.0948033 -0.114533 0)
(-0.0956334 -0.126928 0)
(-0.0959144 -0.146411 0)
(-0.0946645 -0.176195 0)
(-0.090335 -0.22111 0)
(-0.07919 -0.288596 0)
(-0.0567601 -0.392343 0)
(-0.00245846 -0.551197 0)
(0.0837362 -0.74542 0)
(0.296254 -0.709634 0)
(0.5223 0.230645 0)
(1.04992 3.73791 0)
(1.74205 4.23335 0)
(-0.0828182 -0.110842 0)
(-0.0844337 -0.106208 0)
(-0.0878018 -0.103007 0)
(-0.0903969 -0.101269 0)
(-0.0941323 -0.101479 0)
(-0.098257 -0.104545 0)
(-0.103561 -0.11113 0)
(-0.110092 -0.122809 0)
(-0.118434 -0.141516 0)
(-0.129057 -0.170479 0)
(-0.142766 -0.21478 0)
(-0.160645 -0.282827 0)
(-0.184389 -0.389836 0)
(-0.210015 -0.556692 0)
(-0.256058 -0.781373 0)
(-0.338701 -0.825247 0)
(-0.330386 0.0284315 0)
(-0.11401 3.55684 0)
(1.71815 4.94023 0)
(-0.0782645 -0.108247 0)
(-0.0809222 -0.103421 0)
(-0.0852263 -0.0997677 0)
(-0.0895182 -0.0974799 0)
(-0.0952074 -0.0968496 0)
(-0.102122 -0.0986883 0)
(-0.111124 -0.103615 0)
(-0.122858 -0.112917 0)
(-0.138608 -0.128268 0)
(-0.160173 -0.15227 0)
(-0.190418 -0.188917 0)
(-0.234261 -0.244675 0)
(-0.300107 -0.330416 0)
(-0.398413 -0.462053 0)
(-0.568383 -0.643842 0)
(-0.898133 -0.712946 0)
(-1.21456 0.00471421 0)
(-1.33701 2.87336 0)
(1.10273 4.82676 0)
(-0.0734368 -0.105035 0)
(-0.0769874 -0.0998126 0)
(-0.0821028 -0.0954651 0)
(-0.0877737 -0.0922372 0)
(-0.0950731 -0.090293 0)
(-0.104267 -0.0902351 0)
(-0.116264 -0.0925373 0)
(-0.132164 -0.0981133 0)
(-0.153674 -0.108112 0)
(-0.183311 -0.124062 0)
(-0.225212 -0.148196 0)
(-0.286286 -0.183679 0)
(-0.377656 -0.234648 0)
(-0.5173 -0.306626 0)
(-0.749499 -0.399619 0)
(-1.17438 -0.411606 0)
(-1.65785 0.141878 0)
(-1.56714 2.30695 0)
(-0.114993 4.39256 0)
(-0.0682085 -0.101341 0)
(-0.0724485 -0.0955453 0)
(-0.0781478 -0.090327 0)
(-0.0848151 -0.0858624 0)
(-0.0932835 -0.0822555 0)
(-0.10405 -0.0798421 0)
(-0.118111 -0.0788988 0)
(-0.13676 -0.0798751 0)
(-0.161801 -0.0832033 0)
(-0.195983 -0.089488 0)
(-0.243562 -0.0992082 0)
(-0.310985 -0.1123 0)
(-0.40874 -0.127149 0)
(-0.553019 -0.139476 0)
(-0.773285 -0.136763 0)
(-1.13916 -0.0573815 0)
(-1.60247 0.358932 0)
(-1.47684 1.72072 0)
(-0.808863 2.99074 0)
(-0.0624557 -0.0973196 0)
(-0.0671529 -0.0908286 0)
(-0.0731903 -0.0846227 0)
(-0.0804274 -0.0787819 0)
(-0.0895377 -0.0733004 0)
(-0.101134 -0.0683081 0)
(-0.116166 -0.0638225 0)
(-0.135882 -0.059832 0)
(-0.162111 -0.0562085 0)
(-0.197398 -0.0526689 0)
(-0.245227 -0.0482705 0)
(-0.310492 -0.0409282 0)
(-0.400313 -0.0263013 0)
(-0.524197 0.00514483 0)
(-0.695547 0.0717603 0)
(-0.933899 0.218254 0)
(-1.2076 0.587109 0)
(-1.06726 1.42461 0)
(-0.66631 1.95383 0)
(-0.0561211 -0.0931374 0)
(-0.0610387 -0.0858875 0)
(-0.0671502 -0.0786103 0)
(-0.0745274 -0.0713554 0)
(-0.0837529 -0.0639519 0)
(-0.095424 -0.0563397 0)
(-0.110391 -0.048262 0)
(-0.129813 -0.0394096 0)
(-0.155242 -0.0292712 0)
(-0.188669 -0.0168612 0)
(-0.232689 -0.000445919 0)
(-0.290614 0.0230221 0)
(-0.365992 0.0587926 0)
(-0.462111 0.116445 0)
(-0.579628 0.212233 0)
(-0.712208 0.376525 0)
(-0.828539 0.673446 0)
(-0.665182 1.20206 0)
(-0.353961 1.41969 0)
(-0.0491754 -0.0889948 0)
(-0.0540412 -0.0810131 0)
(-0.0599625 -0.0727389 0)
(-0.0670802 -0.0641258 0)
(-0.0758243 -0.0549275 0)
(-0.0867469 -0.0448662 0)
(-0.100577 -0.0335243 0)
(-0.118333 -0.0203448 0)
(-0.141234 -0.0045149 0)
(-0.170711 0.0152749 0)
(-0.208373 0.0410229 0)
(-0.255897 0.0759092 0)
(-0.314397 0.124967 0)
(-0.38323 0.19571 0)
(-0.457338 0.299443 0)
(-0.522786 0.451564 0)
(-0.554501 0.673418 0)
(-0.411186 0.991935 0)
(-0.182078 1.10084 0)
(-0.0416812 -0.0848341 0)
(-0.0463699 -0.0761365 0)
(-0.0519274 -0.0669598 0)
(-0.0585671 -0.0571295 0)
(-0.0666062 -0.0463336 0)
(-0.0764659 -0.0341331 0)
(-0.0887339 -0.0200725 0)
(-0.10419 -0.00331266 0)
(-0.123692 0.0171005 0)
(-0.148145 0.0426342 0)
(-0.17844 0.0752676 0)
(-0.215123 0.117756 0)
(-0.257787 0.173975 0)
(-0.304013 0.249008 0)
(-0.347468 0.34901 0)
(-0.375062 0.479624 0)
(-0.369495 0.642459 0)
(-0.261816 0.835962 0)
(-0.104288 0.900257 0)
(-0.0335105 -0.0813673 0)
(-0.0375755 -0.0720669 0)
(-0.0422004 -0.0621257 0)
(-0.04757 -0.0513005 0)
(-0.053929 -0.0391955 0)
(-0.061715 -0.0253607 0)
(-0.0713097 -0.00912801 0)
(-0.0832682 0.0102936 0)
(-0.0982252 0.0341052 0)
(-0.116662 0.0636665 0)
(-0.138995 0.100738 0)
(-0.165156 0.14752 0)
(-0.194135 0.206649 0)
(-0.223244 0.280949 0)
(-0.247013 0.372779 0)
(-0.25588 0.482291 0)
(-0.239093 0.603943 0)
(-0.165599 0.72803 0)
(-0.0625301 0.770418 0)
(-0.02508 -0.0773002 0)
(-0.0297762 -0.0678883 0)
(-0.0347279 -0.0578159 0)
(-0.0397634 -0.0465827 0)
(-0.0452234 -0.0337455 0)
(-0.0513471 -0.0187454 0)
(-0.058453 -0.000850822 0)
(-0.0669222 0.0206765 0)
(-0.0771721 0.0470128 0)
(-0.0896324 0.0794406 0)
(-0.104452 0.119483 0)
(-0.121387 0.168807 0)
(-0.139451 0.229038 0)
(-0.156433 0.301356 0)
(-0.168335 0.385759 0)
(-0.168931 0.479673 0)
(-0.151938 0.575551 0)
(-0.10373 0.662649 0)
(-0.037877 0.692506 0)
(-0.0138461 -0.0739262 0)
(-0.0158713 -0.0636612 0)
(-0.0184236 -0.0529835 0)
(-0.0213985 -0.0413914 0)
(-0.0245467 -0.0282429 0)
(-0.0278759 -0.0128493 0)
(-0.0315215 0.00559464 0)
(-0.0355305 0.0282014 0)
(-0.0399766 0.0558519 0)
(-0.0450094 0.0897998 0)
(-0.0506977 0.131349 0)
(-0.056932 0.181702 0)
(-0.0632872 0.241681 0)
(-0.0688358 0.311262 0)
(-0.0719614 0.388915 0)
(-0.070292 0.47071 0)
(-0.0613848 0.549462 0)
(-0.0418161 0.614605 0)
(-0.0146572 0.636884 0)
)
;

boundaryField
{
    leftWall
    {
        type            calculated;
        value           uniform (0 0 0);
    }
    rightWall
    {
        type            calculated;
        value           uniform (0 0 0);
    }
    lowerWall
    {
        type            calculated;
        value           uniform (0 0 0);
    }
    atmosphere
    {
        type            calculated;
        value           nonuniform List<vector> 
46
(
(-0.000834165 -0.17918 0)
(-0.00388712 -0.181508 0)
(-0.00761931 -0.181183 0)
(-0.0108184 -0.180724 0)
(-0.0140385 -0.179991 0)
(-0.0170507 -0.179017 0)
(-0.0198464 -0.177785 0)
(-0.0223651 -0.176282 0)
(-0.0245763 -0.174499 0)
(-0.026448 -0.172423 0)
(-0.0279524 -0.170038 0)
(-0.0290687 -0.167324 0)
(-0.0297499 -0.164258 0)
(-0.0299174 -0.160815 0)
(-0.0295501 -0.156959 0)
(-0.0286784 -0.15264 0)
(-0.0273178 -0.147807 0)
(-0.0254925 -0.142398 0)
(-0.0232553 -0.136339 0)
(-0.0207031 -0.129536 0)
(-0.017988 -0.121856 0)
(-0.0153556 -0.113096 0)
(-0.0131244 -0.103106 0)
(-0.0126391 -0.0955706 0)
(-0.0124508 -0.0906747 0)
(-0.0125613 -0.0859823 0)
(-0.0128558 -0.0814363 0)
(-0.0138461 -0.073926 0)
(-0.0158713 -0.063659 0)
(-0.0184236 -0.0529796 0)
(-0.0213985 -0.0413855 0)
(-0.0245467 -0.0282336 0)
(-0.0278759 -0.0128303 0)
(-0.0315215 0.00562567 0)
(-0.0355305 0.0282481 0)
(-0.0399766 0.0559217 0)
(-0.0450094 0.0899023 0)
(-0.0506977 0.131494 0)
(-0.056932 0.181901 0)
(-0.0632872 0.241934 0)
(-0.0688358 0.31156 0)
(-0.0719614 0.389222 0)
(-0.070292 0.470961 0)
(-0.0613848 0.549578 0)
(-0.0418161 0.614517 0)
(-0.0146572 0.636689 0)
)
;
    }
    defaultFaces
    {
        type            empty;
    }
}


// ************************************************************************* //
