/*--------------------------------*- C++ -*----------------------------------*\
| =========                 |                                                 |
| \\      /  F ield         | OpenFOAM: The Open Source CFD Toolbox           |
|  \\    /   O peration     | Version:  2.4.0                                 |
|   \\  /    A nd           | Web:      www.OpenFOAM.org                      |
|    \\/     M anipulation  |                                                 |
\*---------------------------------------------------------------------------*/
FoamFile
{
    version     2.0;
    format      ascii;
    class       volVectorField;
    location    "0.5";
    object      U;
}
// * * * * * * * * * * * * * * * * * * * * * * * * * * * * * * * * * * * * * //

dimensions      [0 1 -1 0 0 0 0];

internalField   nonuniform List<vector> 
2268
(
(0.0163665 -0.00734938 0)
(0.0462288 -0.0077323 0)
(0.079779 -0.00593929 0)
(0.103258 -0.00956881 0)
(0.150796 -0.00635267 0)
(0.168165 -0.00632627 0)
(0.196275 -0.00805486 0)
(0.237499 -0.0087101 0)
(0.274911 -0.00702273 0)
(0.296988 -0.00418412 0)
(0.308902 -0.0042778 0)
(0.337237 -0.0057116 0)
(0.356355 -0.00523792 0)
(0.38146 -0.00660041 0)
(0.381693 -0.00965581 0)
(0.369171 -0.00962426 0)
(0.340716 0.0035144 0)
(0.281057 0.00474301 0)
(0.222621 0.014201 0)
(0.155218 0.00344247 0)
(0.126909 0.0149483 0)
(0.0653031 0.0161399 0)
(-0.00345895 0.00696 0)
(0.0165295 -0.022346 0)
(0.0458197 -0.0238689 0)
(0.0809456 -0.0176188 0)
(0.104737 -0.0299506 0)
(0.147904 -0.0187147 0)
(0.168789 -0.0185049 0)
(0.199357 -0.027175 0)
(0.238384 -0.0255077 0)
(0.273057 -0.0234162 0)
(0.292035 -0.0123675 0)
(0.315165 -0.0132832 0)
(0.344168 -0.0168162 0)
(0.36477 -0.0128373 0)
(0.37552 -0.00107379 0)
(0.383372 0.0195247 0)
(0.373023 0.0365966 0)
(0.342814 0.0435026 0)
(0.290201 0.0541179 0)
(0.219412 0.0464769 0)
(0.174837 0.039065 0)
(0.116595 0.0283559 0)
(0.0758197 0.040683 0)
(-0.00362204 0.0214335 0)
(0.0166592 -0.0380149 0)
(0.0455643 -0.040008 0)
(0.0814408 -0.0323801 0)
(0.106658 -0.0467587 0)
(0.143209 -0.0341926 0)
(0.172831 -0.0352123 0)
(0.202036 -0.0440113 0)
(0.239783 -0.0422649 0)
(0.266626 -0.0394513 0)
(0.287719 -0.0289786 0)
(0.325387 -0.0348734 0)
(0.356392 -0.0368143 0)
(0.372807 -0.0328686 0)
(0.386938 -0.0248743 0)
(0.384058 -0.0186546 0)
(0.371895 0.000663149 0)
(0.33846 0.0379693 0)
(0.297716 0.0626339 0)
(0.217946 0.0691309 0)
(0.181454 0.0543904 0)
(0.128864 0.0559011 0)
(0.102351 0.0683315 0)
(0.0406486 0.0496726 0)
(0.0168489 -0.0428681 0)
(0.0449759 -0.0445144 0)
(0.0816079 -0.0360894 0)
(0.108195 -0.0509101 0)
(0.13895 -0.036257 0)
(0.175188 -0.037977 0)
(0.203477 -0.0468443 0)
(0.239083 -0.0390403 0)
(0.257235 -0.0341635 0)
(0.291788 -0.0257972 0)
(0.331318 -0.0302078 0)
(0.352898 -0.0214287 0)
(0.364668 -0.00934723 0)
(0.376208 0.0101326 0)
(0.376591 0.0422913 0)
(0.386125 0.0813512 0)
(0.364839 0.0968895 0)
(0.318114 0.110363 0)
(0.249801 0.0943862 0)
(0.178747 0.0739056 0)
(0.114179 0.0634018 0)
(0.0929278 0.0874941 0)
(0.0277534 0.0818927 0)
(0.0172225 -0.0976063 0)
(0.0436393 -0.100104 0)
(0.0815761 -0.0934278 0)
(0.110401 -0.107239 0)
(0.131625 -0.096626 0)
(0.176528 -0.102262 0)
(0.206299 -0.113958 0)
(0.227057 -0.106787 0)
(0.254241 -0.110785 0)
(0.298133 -0.105934 0)
(0.323776 -0.11235 0)
(0.347195 -0.0986419 0)
(0.369806 -0.0919697 0)
(0.391863 -0.0707488 0)
(0.393957 -0.0553062 0)
(0.385818 -0.0233658 0)
(0.35466 0.0622603 0)
(0.321072 0.137503 0)
(0.255241 0.146885 0)
(0.188366 0.117925 0)
(0.0932931 0.0985939 0)
(0.0672504 0.0964982 0)
(0.0381703 0.105069 0)
(0.0139262 -0.0513053 0)
(0.0364932 -0.0470686 0)
(0.0666091 -0.0498875 0)
(0.096 -0.0327029 0)
(0.106289 -0.0377953 0)
(0.137878 -0.031609 0)
(0.160522 -0.00607476 0)
(0.178875 0.00176897 0)
(0.198812 0.0125341 0)
(0.227395 0.0270949 0)
(0.243633 0.052972 0)
(0.260967 0.0718305 0)
(0.284978 0.0975021 0)
(0.289565 0.125042 0)
(0.284081 0.17901 0)
(0.297203 0.169069 0)
(0.303641 0.103593 0)
(0.302265 0.12391 0)
(0.225708 0.156278 0)
(0.180316 0.145051 0)
(0.0918959 0.120361 0)
(0.038989 0.121812 0)
(0.0214079 0.136805 0)
(0.000523713 -0.0532444 0)
(0.00810712 -0.0585226 0)
(0.00811633 -0.0610782 0)
(0.0188803 -0.0738805 0)
(0.0230141 -0.0755146 0)
(0.0295016 -0.0941144 0)
(0.0460511 -0.111202 0)
(0.0614422 -0.118909 0)
(0.081563 -0.13219 0)
(0.101813 -0.136716 0)
(0.115023 -0.14426 0)
(0.119509 -0.147776 0)
(0.115243 -0.146525 0)
(0.113709 -0.14257 0)
(0.131025 -0.132562 0)
(0.190981 -0.0111348 0)
(0.200418 0.249362 0)
(0.173958 0.209898 0)
(0.16247 0.175146 0)
(0.141892 0.168333 0)
(0.0979087 0.152227 0)
(0.0338976 0.129633 0)
(0.0206265 0.141821 0)
(9.16655e-05 -0.122099 0)
(0.00386236 -0.120726 0)
(0.00469154 -0.12285 0)
(0.0110833 -0.114894 0)
(0.0157145 -0.11667 0)
(0.0303055 -0.120198 0)
(0.0465634 -0.106202 0)
(0.0599395 -0.101137 0)
(0.0907334 -0.0962722 0)
(0.11769 -0.0823363 0)
(0.140204 -0.0559348 0)
(0.15687 -0.0335634 0)
(0.16187 0.000229335 0)
(0.149083 0.0386694 0)
(0.0891068 0.0809648 0)
(-0.00113556 0.0303166 0)
(0.103424 0.020022 0)
(0.0263655 0.259217 0)
(0.0225959 0.177241 0)
(0.0487965 0.165954 0)
(0.0663262 0.175049 0)
(0.047536 0.150034 0)
(0.0272143 0.167085 0)
(-0.0893803 0.058119 0)
(-0.206377 0.0143963 0)
(-0.302057 -0.0334354 0)
(-0.360292 -0.0942149 0)
(-0.383229 -0.149814 0)
(-0.296581 -0.206792 0)
(-0.207536 -0.264195 0)
(-0.107274 -0.318769 0)
(0.0165973 -0.352764 0)
(0.128632 -0.405297 0)
(0.0940775 -0.453364 0)
(0.0554815 -0.421699 0)
(0.084834 -0.524924 0)
(0.120134 -0.508589 0)
(0.175005 -0.476877 0)
(0.252095 -0.337993 0)
(0.356128 -0.0830754 0)
(0.286227 -0.107799 0)
(0.269674 -0.120115 0)
(-0.0647351 0.0807972 0)
(-0.129214 0.0518648 0)
(-0.145363 0.0706844 0)
(-0.163438 0.111533 0)
(-0.197315 0.129333 0)
(-0.147625 0.104697 0)
(-0.0229341 0.14527 0)
(0.0679143 0.194301 0)
(0.178981 0.219288 0)
(0.249786 0.304851 0)
(0.182107 0.488599 0)
(0.116584 0.474904 0)
(0.0632269 0.559378 0)
(0.0909628 0.671078 0)
(0.0172683 0.633061 0)
(0.147132 0.219052 0)
(0.5138 -0.0892383 0)
(0.550617 0.10304 0)
(0.397442 0.213405 0)
(-0.0394179 0.134865 0)
(-0.00689995 0.0555169 0)
(0.0439736 0.0164332 0)
(0.0402185 -0.00561628 0)
(0.134544 -0.105226 0)
(0.299166 -0.19491 0)
(0.383324 -0.250521 0)
(0.485456 -0.276092 0)
(0.654165 -0.297902 0)
(0.842164 -0.281367 0)
(0.905699 -0.246622 0)
(1.16013 -0.23539 0)
(0.490187 -0.531955 0)
(0.237116 -0.682331 0)
(0.00916917 -0.595346 0)
(0.192658 -0.379509 0)
(0.245576 -0.0426051 0)
(0.372857 0.141307 0)
(0.345549 0.363139 0)
(0.0227451 0.130983 0)
(0.132115 0.00986767 0)
(0.312208 0.00635341 0)
(0.36804 0.0126416 0)
(0.527942 -0.0227508 0)
(0.744664 -0.103911 0)
(0.82462 -0.0910369 0)
(0.893766 -0.0775621 0)
(0.953936 -0.110086 0)
(1.06101 -0.118011 0)
(1.44861 -0.0332561 0)
(2.30376 0.280958 0)
(3.48653 1.0362 0)
(0.588664 1.15808 0)
(-0.257645 0.491431 0)
(0.371291 -0.242234 0)
(0.501683 -0.198717 0)
(0.18751 0.204728 0)
(0.311649 0.418372 0)
(0.0548607 0.0897503 0)
(0.20986 -0.0775915 0)
(0.419397 -0.0641439 0)
(0.544999 -0.0598742 0)
(0.741783 -0.15724 0)
(0.855431 -0.220183 0)
(0.894511 -0.208316 0)
(0.926589 -0.204802 0)
(0.934347 -0.243546 0)
(0.898221 -0.355014 0)
(1.06568 -0.448436 0)
(1.20776 -0.299844 0)
(2.44885 0.616641 0)
(0.470925 0.706956 0)
(-1.11238 0.152582 0)
(-0.10284 -0.391956 0)
(0.713418 -0.201396 0)
(0.0336282 0.339816 0)
(0.286388 0.532331 0)
(0.121332 0.0347752 0)
(0.258435 -0.158055 0)
(0.413935 -0.140167 0)
(0.572605 -0.119028 0)
(0.733175 -0.190247 0)
(0.794996 -0.230575 0)
(0.828695 -0.200136 0)
(0.847847 -0.162028 0)
(0.841561 -0.18854 0)
(0.771947 -0.328668 0)
(0.704305 -0.477034 0)
(0.606461 -0.395777 0)
(1.29595 0.680416 0)
(0.524265 1.32491 0)
(0.0044461 0.292291 0)
(0.0986911 -0.495764 0)
(0.780857 -0.278566 0)
(0.0558676 0.410208 0)
(0.27819 0.622559 0)
(0.22289 -0.062326 0)
(0.300555 -0.227587 0)
(0.383306 -0.212643 0)
(0.532144 -0.18989 0)
(0.635448 -0.237914 0)
(0.681006 -0.258514 0)
(0.701218 -0.22827 0)
(0.740992 -0.186636 0)
(0.762399 -0.194155 0)
(0.724553 -0.301811 0)
(0.596031 -0.41918 0)
(0.244034 -0.32598 0)
(-0.231597 1.20567 0)
(1.08526 1.03535 0)
(0.990328 0.0836407 0)
(0.772163 -0.510075 0)
(0.973999 -0.240575 0)
(0.156729 0.484517 0)
(0.301582 0.707154 0)
(0.276951 -0.220458 0)
(0.318275 -0.274208 0)
(0.387327 -0.251196 0)
(0.487436 -0.248167 0)
(0.567964 -0.269506 0)
(0.613703 -0.27063 0)
(0.629765 -0.241734 0)
(0.658099 -0.20152 0)
(0.688329 -0.198778 0)
(0.675256 -0.279728 0)
(0.572517 -0.340109 0)
(0.317855 -0.16613 0)
(-0.242707 0.650199 0)
(1.56422 1.8562 0)
(2.3103 1.58881 0)
(1.23923 0.0261776 0)
(1.11991 -0.0136313 0)
(0.206489 0.691987 0)
(0.301878 0.835063 0)
(0.000236746 -0.0476212 0)
(0.00231462 -0.0495006 0)
(0.00427347 -0.0538071 0)
(0.00870171 -0.0520935 0)
(0.0125631 -0.0574181 0)
(0.0217811 -0.0756905 0)
(0.0395267 -0.0734602 0)
(0.0557181 -0.0824964 0)
(0.0869988 -0.0913504 0)
(0.106915 -0.0872998 0)
(0.118898 -0.0784835 0)
(0.129726 -0.0831898 0)
(0.131369 -0.0786636 0)
(0.145106 -0.0793018 0)
(0.169806 -0.0483448 0)
(0.191469 0.0277052 0)
(0.141827 0.182658 0)
(0.14566 0.227107 0)
(0.011187 0.358649 0)
(-0.0351642 0.136427 0)
(-0.00908701 0.132273 0)
(0.0527575 0.139777 0)
(0.118991 0.154674 0)
(0.00130301 -0.108278 0)
(0.00479146 -0.110346 0)
(0.00854934 -0.111289 0)
(0.0121296 -0.11181 0)
(0.0203021 -0.117215 0)
(0.0227972 -0.136997 0)
(0.0396558 -0.139374 0)
(0.0606596 -0.158805 0)
(0.0986712 -0.157385 0)
(0.11915 -0.142873 0)
(0.139571 -0.11744 0)
(0.17031 -0.0965979 0)
(0.174163 -0.0507876 0)
(0.181325 -0.0143378 0)
(0.158049 0.0191121 0)
(0.13521 0.0269752 0)
(0.15 0.0748311 0)
(0.170764 0.18969 0)
(0.2046 0.338109 0)
(0.0723258 0.316819 0)
(0.0246061 0.102261 0)
(0.0466408 0.0088521 0)
(0.100399 0.015673 0)
(0.00216544 -0.106172 0)
(0.00609258 -0.110416 0)
(0.00977437 -0.114568 0)
(0.00824452 -0.116797 0)
(0.00906891 -0.117953 0)
(0.00697498 -0.131451 0)
(0.0310029 -0.144908 0)
(0.0638696 -0.17782 0)
(0.115599 -0.169709 0)
(0.143306 -0.152234 0)
(0.176992 -0.122474 0)
(0.200376 -0.10177 0)
(0.213279 -0.0501762 0)
(0.243005 -0.0230963 0)
(0.237283 0.0202246 0)
(0.254653 0.0782344 0)
(0.236661 0.139321 0)
(0.231028 0.211173 0)
(0.29845 0.276966 0)
(0.384813 0.343492 0)
(0.340212 0.269366 0)
(0.260353 0.133786 0)
(0.242399 -0.00402639 0)
(0.000351844 -0.0567777 0)
(-0.00020954 -0.0561747 0)
(0.00491991 -0.0474913 0)
(0.0110681 -0.0395619 0)
(0.0175781 -0.0498022 0)
(-0.00474658 -0.103323 0)
(0.00209677 -0.166514 0)
(0.0372334 -0.231887 0)
(0.0947317 -0.231732 0)
(0.123683 -0.21398 0)
(0.161208 -0.172954 0)
(0.16699 -0.140484 0)
(0.191209 -0.0881001 0)
(0.213277 -0.0552711 0)
(0.220544 -0.000424414 0)
(0.255076 0.033527 0)
(0.25411 0.104157 0)
(0.297041 0.137697 0)
(0.353769 0.207732 0)
(0.447144 0.189566 0)
(0.541091 0.190262 0)
(0.618059 0.127811 0)
(0.671526 0.0297788 0)
(0.00811442 -0.197306 0)
(0.0142284 -0.199869 0)
(0.0206061 -0.203516 0)
(-0.00971291 -0.208462 0)
(-0.079857 -0.18092 0)
(-0.107193 -0.18224 0)
(-0.0810611 -0.220681 0)
(-0.0694386 -0.293131 0)
(-0.0584192 -0.269305 0)
(-0.042414 -0.224243 0)
(0.0145449 -0.175105 0)
(0.0282117 -0.150585 0)
(0.0727034 -0.117362 0)
(0.119841 -0.0788482 0)
(0.13918 -0.0302962 0)
(0.205409 0.0328317 0)
(0.22134 0.0732738 0)
(0.277041 0.0998674 0)
(0.329147 0.129781 0)
(0.411997 0.10389 0)
(0.48572 0.0870061 0)
(0.562838 -0.00194355 0)
(0.656663 -0.0871173 0)
(-0.000396278 0.575614 0)
(-0.0277495 0.510043 0)
(-0.0425243 0.300484 0)
(0.0148609 0.0200334 0)
(0.0630465 -0.152939 0)
(0.0118425 -0.283452 0)
(-0.125028 -0.365241 0)
(-0.329857 -0.366912 0)
(-0.489891 -0.298545 0)
(-0.505425 -0.296204 0)
(-0.404562 -0.239242 0)
(-0.372951 -0.1886 0)
(-0.307629 -0.135306 0)
(-0.250277 -0.079504 0)
(-0.167768 -0.0408756 0)
(-0.0827079 0.00866082 0)
(0.0210626 0.0620614 0)
(0.127515 0.0608956 0)
(0.220529 0.0587286 0)
(0.280939 0.00156966 0)
(0.396988 -0.00231521 0)
(0.455949 -0.0946569 0)
(0.508309 -0.14404 0)
(0.0592135 -0.486354 0)
(0.158675 -0.416235 0)
(0.297409 -0.248695 0)
(0.315907 0.0624939 0)
(0.597764 0.476559 0)
(0.340137 0.941646 0)
(0.110729 1.44528 0)
(-0.441781 1.25541 0)
(-0.662825 0.362477 0)
(-0.648383 -0.177708 0)
(-0.574323 -0.359059 0)
(-0.481422 -0.340257 0)
(-0.43533 -0.325083 0)
(-0.389393 -0.288571 0)
(-0.369941 -0.245533 0)
(-0.324139 -0.190606 0)
(-0.277317 -0.150776 0)
(-0.182673 -0.0956434 0)
(-0.0344427 -0.0224582 0)
(0.0257762 -0.0696365 0)
(0.169418 -0.0488781 0)
(0.219108 -0.11179 0)
(0.282218 -0.170173 0)
(-0.0714086 -0.148636 0)
(-0.161646 -0.208088 0)
(-0.22569 -0.334199 0)
(-0.290887 -0.469007 0)
(-0.264019 -0.496057 0)
(-0.0531445 -0.366404 0)
(0.286847 -0.438071 0)
(0.638738 -0.253513 0)
(0.627932 -0.212661 0)
(0.300856 -0.0597533 0)
(0.0363873 0.210575 0)
(-0.203279 0.477048 0)
(-0.300722 0.241746 0)
(-0.297902 -0.0956629 0)
(-0.27342 -0.218616 0)
(-0.239095 -0.247929 0)
(-0.240872 -0.276521 0)
(-0.20265 -0.285074 0)
(-0.181691 -0.275331 0)
(-0.137985 -0.291949 0)
(-0.0795125 -0.289356 0)
(-0.0214123 -0.307578 0)
(0.0591402 -0.327702 0)
(-0.0186419 0.0802127 0)
(-0.0386651 0.0405911 0)
(-0.0513055 0.0227354 0)
(-0.0424927 0.0112142 0)
(-0.0924744 0.0722461 0)
(0.0882289 0.112383 0)
(0.0439969 0.155715 0)
(0.297533 0.442216 0)
(0.0608394 0.412633 0)
(0.0554223 -0.0875668 0)
(-0.0451251 -0.402004 0)
(0.133137 -0.517223 0)
(0.273584 -0.446857 0)
(0.357216 -0.19441 0)
(0.399485 0.0187956 0)
(0.50453 0.211897 0)
(0.450308 0.687283 0)
(0.309795 0.892764 0)
(0.22133 0.827433 0)
(0.147256 0.724056 0)
(0.140235 0.44512 0)
(0.170363 0.52005 0)
(0.132203 0.43048 0)
(0.0036779 -0.21219 0)
(0.00312331 -0.249055 0)
(-0.00772787 -0.289118 0)
(-0.0175194 -0.332605 0)
(-0.0474422 -0.375327 0)
(0.01559 -0.333315 0)
(-0.0206399 -0.413804 0)
(0.114241 0.116888 0)
(0.229553 0.285956 0)
(0.26483 0.156199 0)
(0.0203238 0.00769266 0)
(0.013786 -0.160744 0)
(0.00434432 -0.28509 0)
(0.0244875 -0.374423 0)
(0.0407252 -0.453515 0)
(0.00673593 -0.53636 0)
(0.137978 -0.681858 0)
(0.309406 -0.809032 0)
(0.473154 -0.775856 0)
(0.603108 -0.741399 0)
(0.59159 -0.635627 0)
(0.562597 -0.641416 0)
(0.554484 -0.653736 0)
(-0.0126615 0.0625959 0)
(-0.0224799 0.00149342 0)
(-0.0277383 -0.046217 0)
(-0.0373434 -0.0892653 0)
(-0.0556015 -0.118762 0)
(-0.0524596 -0.111523 0)
(-0.0867284 -0.153853 0)
(-0.0944381 -0.0487499 0)
(0.201709 0.142375 0)
(0.234703 0.0894827 0)
(0.248869 -0.036753 0)
(0.241093 -0.258813 0)
(0.215192 -0.283141 0)
(0.218297 -0.255462 0)
(0.252604 -0.162672 0)
(0.285988 -0.0350166 0)
(0.305981 0.134328 0)
(0.287579 0.181624 0)
(0.259789 0.150902 0)
(0.226826 0.137806 0)
(0.197431 0.0470215 0)
(0.19849 0.0113792 0)
(0.201901 -0.031152 0)
(0.0133885 -0.126599 0)
(0.031784 -0.162553 0)
(0.0327579 -0.184379 0)
(0.0234597 -0.203344 0)
(0.00118012 -0.212424 0)
(-0.0157777 -0.200349 0)
(-0.0468489 -0.190534 0)
(-0.0688799 -0.108716 0)
(-0.0106698 0.0255606 0)
(0.138272 0.0609334 0)
(0.165221 -0.0516579 0)
(0.193249 -0.237191 0)
(0.144326 -0.311501 0)
(0.101208 -0.350784 0)
(0.0800681 -0.381686 0)
(0.0795808 -0.405503 0)
(0.117211 -0.415625 0)
(0.175256 -0.412848 0)
(0.210967 -0.365174 0)
(0.24571 -0.290808 0)
(0.241265 -0.251064 0)
(0.213179 -0.271196 0)
(0.157222 -0.285415 0)
(0.00458049 -0.0372425 0)
(0.0140737 -0.0817402 0)
(0.0193261 -0.110632 0)
(0.0157057 -0.136218 0)
(0.00185604 -0.153563 0)
(-0.016256 -0.158324 0)
(-0.0408304 -0.161267 0)
(-0.0508326 -0.132782 0)
(-0.0447448 -0.0841277 0)
(0.0661811 -0.0445055 0)
(0.109326 -0.101584 0)
(0.114113 -0.181045 0)
(0.0866312 -0.223982 0)
(0.0554345 -0.24731 0)
(0.0327535 -0.241249 0)
(0.00968693 -0.211472 0)
(-0.00786224 -0.17907 0)
(-0.0211348 -0.167243 0)
(-0.0303168 -0.160714 0)
(-0.0199617 -0.152166 0)
(0.00655117 -0.156898 0)
(0.0144396 -0.167981 0)
(0.01593 -0.17364 0)
(0.00782228 -0.0957963 0)
(0.0194717 -0.124375 0)
(0.0244384 -0.133841 0)
(0.0204519 -0.140196 0)
(0.00979258 -0.141229 0)
(-0.00354036 -0.137458 0)
(-0.0177552 -0.131931 0)
(-0.0238001 -0.114028 0)
(-0.0197611 -0.103438 0)
(0.0228113 -0.0922648 0)
(0.0567248 -0.137074 0)
(0.0418394 -0.191716 0)
(0.0177122 -0.231825 0)
(-0.00867598 -0.260161 0)
(-0.0338011 -0.269598 0)
(-0.052313 -0.260302 0)
(-0.0635327 -0.2457 0)
(-0.0728336 -0.228281 0)
(-0.0794655 -0.199413 0)
(-0.0802278 -0.168517 0)
(-0.0781287 -0.151812 0)
(-0.0764079 -0.151953 0)
(-0.0724987 -0.15309 0)
(0.00512194 -0.0976737 0)
(0.0120445 -0.125855 0)
(0.012846 -0.132196 0)
(0.00762947 -0.133516 0)
(0.00128223 -0.132581 0)
(-0.00460321 -0.131052 0)
(-0.010538 -0.127324 0)
(-0.00977014 -0.120544 0)
(-0.00493586 -0.116644 0)
(0.0114629 -0.108627 0)
(0.0262471 -0.12876 0)
(0.0165667 -0.156136 0)
(-0.00395405 -0.193611 0)
(-0.0293262 -0.224988 0)
(-0.0569232 -0.237329 0)
(-0.0726386 -0.23532 0)
(-0.0825716 -0.227545 0)
(-0.092633 -0.221303 0)
(-0.100109 -0.209778 0)
(-0.0984691 -0.201527 0)
(-0.0945877 -0.195659 0)
(-0.0894968 -0.191507 0)
(-0.0856158 -0.187306 0)
(0.00309707 -0.103266 0)
(0.00455234 -0.127095 0)
(0.0022909 -0.128826 0)
(-0.00073566 -0.13028 0)
(-0.00294952 -0.130505 0)
(-0.00464442 -0.129406 0)
(-0.00507847 -0.127086 0)
(-0.00185346 -0.124722 0)
(0.000994101 -0.12455 0)
(0.00990696 -0.120871 0)
(0.0170573 -0.131606 0)
(0.0127911 -0.14712 0)
(0.00280542 -0.169871 0)
(-0.0200401 -0.192267 0)
(-0.0479044 -0.20884 0)
(-0.0669701 -0.216489 0)
(-0.079015 -0.213695 0)
(-0.0861832 -0.207009 0)
(-0.0879327 -0.193794 0)
(-0.0903358 -0.187047 0)
(-0.0942331 -0.184002 0)
(-0.0947647 -0.179635 0)
(-0.0929341 -0.17514 0)
(0.00163091 -0.105538 0)
(0.000955058 -0.126041 0)
(-0.000304551 -0.127194 0)
(-0.0016354 -0.128793 0)
(-0.00298548 -0.129963 0)
(-0.0032315 -0.129581 0)
(-0.00206863 -0.129131 0)
(0.000719216 -0.128497 0)
(0.00313424 -0.129014 0)
(0.00874071 -0.12725 0)
(0.013408 -0.133216 0)
(0.0134987 -0.144495 0)
(0.0114526 -0.162309 0)
(0.000598507 -0.177437 0)
(-0.0171225 -0.189973 0)
(-0.0336491 -0.200216 0)
(-0.0498553 -0.204092 0)
(-0.0618592 -0.204962 0)
(-0.0710356 -0.194829 0)
(-0.0775991 -0.183823 0)
(-0.0899264 -0.181449 0)
(-0.0967954 -0.18146 0)
(-0.0996049 -0.177697 0)
(0.000579904 -0.106221 0)
(0.000188206 -0.125201 0)
(-0.000140255 -0.126058 0)
(-0.000228354 -0.12741 0)
(-0.000961645 -0.128832 0)
(-0.00155456 -0.130092 0)
(-0.00149287 -0.130657 0)
(-0.000167079 -0.131077 0)
(0.00136621 -0.132177 0)
(0.00404802 -0.1319 0)
(0.00863152 -0.136993 0)
(0.010103 -0.146055 0)
(0.00802714 -0.157215 0)
(0.00012586 -0.166015 0)
(-0.011468 -0.177302 0)
(-0.0228752 -0.185562 0)
(-0.0405793 -0.188517 0)
(-0.0551524 -0.186361 0)
(-0.0664109 -0.181522 0)
(-0.0759212 -0.170755 0)
(-0.085725 -0.165759 0)
(-0.0986177 -0.167316 0)
(-0.105032 -0.167904 0)
(0.000143663 -0.105754 0)
(0.00041714 -0.124716 0)
(0.000559604 -0.12598 0)
(-5.24077e-05 -0.127413 0)
(-0.000917891 -0.128312 0)
(-0.00267055 -0.129626 0)
(-0.0042784 -0.130392 0)
(-0.00554709 -0.13162 0)
(-0.00643259 -0.133149 0)
(-0.00579064 -0.135777 0)
(-0.00407381 -0.140005 0)
(-0.00269864 -0.146458 0)
(-0.00539731 -0.152749 0)
(-0.0099756 -0.160268 0)
(-0.0190392 -0.167968 0)
(-0.0306962 -0.169815 0)
(-0.0474198 -0.172188 0)
(-0.0606499 -0.17354 0)
(-0.0704053 -0.171766 0)
(-0.0820679 -0.163399 0)
(-0.0910407 -0.157677 0)
(-0.0997557 -0.163017 0)
(-0.105068 -0.166808 0)
(0.000435639 -0.106141 0)
(0.000109912 -0.124698 0)
(-0.00096735 -0.12472 0)
(-0.00255241 -0.125367 0)
(-0.00385651 -0.126157 0)
(-0.00546948 -0.127018 0)
(-0.00696308 -0.12832 0)
(-0.00834859 -0.129745 0)
(-0.00967296 -0.132123 0)
(-0.0109636 -0.135267 0)
(-0.0127704 -0.138561 0)
(-0.0145987 -0.14249 0)
(-0.0191812 -0.147593 0)
(-0.0245477 -0.153102 0)
(-0.0321622 -0.155879 0)
(-0.0405389 -0.157176 0)
(-0.0495556 -0.161955 0)
(-0.0589632 -0.165258 0)
(-0.0703691 -0.161191 0)
(-0.0797593 -0.153588 0)
(-0.0845451 -0.149196 0)
(-0.0920998 -0.154361 0)
(-0.0970951 -0.157954 0)
(5.446e-05 -0.106426 0)
(-0.00070054 -0.123361 0)
(-0.00230213 -0.123444 0)
(-0.00303867 -0.124135 0)
(-0.0042195 -0.124733 0)
(-0.00499996 -0.125216 0)
(-0.00599196 -0.126327 0)
(-0.00740269 -0.127365 0)
(-0.00920884 -0.128814 0)
(-0.0118085 -0.132034 0)
(-0.0152918 -0.136327 0)
(-0.0182855 -0.140655 0)
(-0.0235438 -0.142988 0)
(-0.0299631 -0.146689 0)
(-0.0364819 -0.149003 0)
(-0.0436685 -0.151505 0)
(-0.0497381 -0.15161 0)
(-0.0597588 -0.150718 0)
(-0.070838 -0.149296 0)
(-0.0798232 -0.145234 0)
(-0.086583 -0.14369 0)
(-0.0937324 -0.148299 0)
(-0.100163 -0.151029 0)
(-0.000266517 -0.105515 0)
(-0.00137642 -0.122539 0)
(-0.00177531 -0.12277 0)
(-0.00269785 -0.12367 0)
(-0.0037354 -0.124069 0)
(-0.00484358 -0.124656 0)
(-0.0060933 -0.125406 0)
(-0.00739008 -0.126459 0)
(-0.00873925 -0.128192 0)
(-0.0107116 -0.130238 0)
(-0.0145672 -0.132867 0)
(-0.0181621 -0.135415 0)
(-0.0222801 -0.137035 0)
(-0.0281508 -0.140182 0)
(-0.034546 -0.142704 0)
(-0.0420165 -0.145188 0)
(-0.0491359 -0.146227 0)
(-0.0569 -0.144389 0)
(-0.064723 -0.1438 0)
(-0.0709577 -0.139926 0)
(-0.0779712 -0.13847 0)
(-0.0832933 -0.142277 0)
(-0.0932611 -0.145292 0)
(-0.000126936 -0.105086 0)
(-0.00102127 -0.121532 0)
(-0.00250785 -0.121652 0)
(-0.00391665 -0.121923 0)
(-0.00545616 -0.122585 0)
(-0.00703332 -0.12358 0)
(-0.00850307 -0.1245 0)
(-0.0100216 -0.125428 0)
(-0.0117423 -0.126132 0)
(-0.0138582 -0.127133 0)
(-0.0158839 -0.128543 0)
(-0.0205625 -0.1301 0)
(-0.0246681 -0.133076 0)
(-0.0286883 -0.134093 0)
(-0.0339805 -0.135417 0)
(-0.0406135 -0.135457 0)
(-0.049468 -0.134753 0)
(-0.0579081 -0.135185 0)
(-0.0643541 -0.13336 0)
(-0.0716301 -0.130277 0)
(-0.0793575 -0.129155 0)
(-0.0849502 -0.130431 0)
(-0.0945129 -0.12919 0)
(-0.000496951 -0.103919 0)
(-0.00191116 -0.120094 0)
(-0.00343777 -0.120275 0)
(-0.00486024 -0.120732 0)
(-0.0063368 -0.1211 0)
(-0.00789325 -0.121453 0)
(-0.00975955 -0.122147 0)
(-0.0118522 -0.123154 0)
(-0.0141404 -0.124387 0)
(-0.0164688 -0.124694 0)
(-0.0196989 -0.125734 0)
(-0.0234655 -0.128011 0)
(-0.0281643 -0.12917 0)
(-0.0331758 -0.129968 0)
(-0.0385157 -0.130751 0)
(-0.0438902 -0.130147 0)
(-0.0486826 -0.130092 0)
(-0.0540279 -0.1311 0)
(-0.0611733 -0.128609 0)
(-0.0685157 -0.126688 0)
(-0.073622 -0.125448 0)
(-0.082837 -0.125535 0)
(-0.0911344 -0.122315 0)
(-0.000229159 -0.103542 0)
(-0.00113136 -0.119093 0)
(-0.00250765 -0.118989 0)
(-0.00388886 -0.119164 0)
(-0.00546361 -0.119435 0)
(-0.00718998 -0.119881 0)
(-0.00899687 -0.120336 0)
(-0.0110357 -0.120894 0)
(-0.0134813 -0.121536 0)
(-0.016771 -0.12266 0)
(-0.0195404 -0.123234 0)
(-0.0215794 -0.123593 0)
(-0.0254563 -0.123947 0)
(-0.0307457 -0.12492 0)
(-0.036171 -0.12527 0)
(-0.0411158 -0.124989 0)
(-0.0477525 -0.124638 0)
(-0.0548492 -0.121115 0)
(-0.0620812 -0.12013 0)
(-0.066712 -0.11824 0)
(-0.0733399 -0.117379 0)
(-0.0811902 -0.114435 0)
(-0.0890138 -0.112295 0)
(-0.000550019 -0.101934 0)
(-0.00204769 -0.117218 0)
(-0.00364536 -0.117255 0)
(-0.00517201 -0.117466 0)
(-0.0068559 -0.117684 0)
(-0.00875175 -0.117999 0)
(-0.0107692 -0.118374 0)
(-0.012982 -0.11876 0)
(-0.0154354 -0.118983 0)
(-0.0180424 -0.118874 0)
(-0.0208524 -0.119087 0)
(-0.0248942 -0.119587 0)
(-0.0286591 -0.119534 0)
(-0.0319252 -0.119064 0)
(-0.0370129 -0.118616 0)
(-0.0433604 -0.119074 0)
(-0.0481959 -0.117429 0)
(-0.0530369 -0.117031 0)
(-0.056948 -0.116581 0)
(-0.0636697 -0.113863 0)
(-0.0703034 -0.109583 0)
(-0.0782973 -0.107294 0)
(-0.0844293 -0.105866 0)
(-0.000498338 -0.10136 0)
(-0.00177861 -0.116325 0)
(-0.00331929 -0.116302 0)
(-0.00473107 -0.11638 0)
(-0.00623972 -0.116404 0)
(-0.00776101 -0.116308 0)
(-0.00958307 -0.116345 0)
(-0.0116943 -0.116461 0)
(-0.0140077 -0.116561 0)
(-0.0164989 -0.116637 0)
(-0.0198427 -0.11671 0)
(-0.0238034 -0.11636 0)
(-0.0276464 -0.116538 0)
(-0.0322655 -0.115821 0)
(-0.0357188 -0.115719 0)
(-0.0386665 -0.114703 0)
(-0.0442879 -0.113463 0)
(-0.0499299 -0.111474 0)
(-0.0565712 -0.107787 0)
(-0.0635959 -0.105961 0)
(-0.0683711 -0.105098 0)
(-0.0738492 -0.102026 0)
(-0.0812145 -0.0970127 0)
(-0.000543161 -0.0996564 0)
(-0.0018958 -0.114242 0)
(-0.00352171 -0.114198 0)
(-0.00513635 -0.11418 0)
(-0.00698279 -0.114189 0)
(-0.00896627 -0.114298 0)
(-0.0110392 -0.114352 0)
(-0.0133137 -0.11428 0)
(-0.015797 -0.114129 0)
(-0.0183875 -0.113756 0)
(-0.0208063 -0.112939 0)
(-0.0228826 -0.112576 0)
(-0.0261346 -0.112084 0)
(-0.0297962 -0.111714 0)
(-0.0345264 -0.110229 0)
(-0.0404507 -0.108805 0)
(-0.0456203 -0.107473 0)
(-0.0501092 -0.105209 0)
(-0.0542287 -0.104717 0)
(-0.0578276 -0.102743 0)
(-0.0643939 -0.0977393 0)
(-0.0714263 -0.0942811 0)
(-0.0767767 -0.0915281 0)
(-0.000522977 -0.09902 0)
(-0.00172062 -0.113415 0)
(-0.00313781 -0.113342 0)
(-0.00444094 -0.113188 0)
(-0.00586971 -0.112933 0)
(-0.00743944 -0.112608 0)
(-0.00925401 -0.112278 0)
(-0.0113022 -0.111935 0)
(-0.013633 -0.111572 0)
(-0.016336 -0.111215 0)
(-0.0195548 -0.110839 0)
(-0.0234639 -0.109973 0)
(-0.0270581 -0.108889 0)
(-0.0306695 -0.107635 0)
(-0.0341782 -0.106742 0)
(-0.0372237 -0.106038 0)
(-0.0406631 -0.104421 0)
(-0.0454934 -0.10227 0)
(-0.0508431 -0.0980455 0)
(-0.0570783 -0.0948221 0)
(-0.0619656 -0.0931685 0)
(-0.0668928 -0.089642 0)
(-0.0726624 -0.0850293 0)
(-0.000559866 -0.0973749 0)
(-0.00186477 -0.111463 0)
(-0.00340997 -0.111408 0)
(-0.00490289 -0.111213 0)
(-0.00655788 -0.110954 0)
(-0.00831375 -0.110621 0)
(-0.0101952 -0.110159 0)
(-0.0122154 -0.109561 0)
(-0.0143838 -0.108843 0)
(-0.0166934 -0.108 0)
(-0.0190437 -0.106987 0)
(-0.0212804 -0.106091 0)
(-0.0240709 -0.10525 0)
(-0.0273368 -0.104066 0)
(-0.0310021 -0.10238 0)
(-0.0354832 -0.100148 0)
(-0.0404621 -0.0979628 0)
(-0.0449712 -0.0957449 0)
(-0.0491381 -0.0943016 0)
(-0.0529505 -0.0916551 0)
(-0.0578353 -0.0876278 0)
(-0.0633404 -0.0838825 0)
(-0.0683001 -0.0798755 0)
(-0.000494755 -0.0967548 0)
(-0.00150452 -0.110662 0)
(-0.00277668 -0.110566 0)
(-0.0039695 -0.110243 0)
(-0.00535904 -0.10982 0)
(-0.00690541 -0.109304 0)
(-0.00866463 -0.108711 0)
(-0.0106481 -0.108051 0)
(-0.0128585 -0.107319 0)
(-0.0153069 -0.106516 0)
(-0.0180231 -0.105534 0)
(-0.0210401 -0.104089 0)
(-0.0241778 -0.102565 0)
(-0.0274189 -0.101076 0)
(-0.0307673 -0.0994409 0)
(-0.0340591 -0.0977328 0)
(-0.0373806 -0.095667 0)
(-0.0411456 -0.0928938 0)
(-0.0454699 -0.0894372 0)
(-0.0501123 -0.0861395 0)
(-0.054557 -0.083046 0)
(-0.0591503 -0.0792517 0)
(-0.0638884 -0.0748615 0)
(-0.000464603 -0.0953214 0)
(-0.00149918 -0.109009 0)
(-0.00277257 -0.108881 0)
(-0.00397083 -0.108414 0)
(-0.00533903 -0.107822 0)
(-0.00680891 -0.107085 0)
(-0.00842007 -0.106207 0)
(-0.0101918 -0.105214 0)
(-0.0121399 -0.104116 0)
(-0.0142824 -0.102922 0)
(-0.0166427 -0.101722 0)
(-0.0191399 -0.100571 0)
(-0.0217869 -0.0991295 0)
(-0.0246975 -0.0973782 0)
(-0.0278855 -0.0954391 0)
(-0.0313759 -0.0932109 0)
(-0.0351456 -0.090747 0)
(-0.0389947 -0.0882143 0)
(-0.0427706 -0.0855112 0)
(-0.0465772 -0.082302 0)
(-0.0506641 -0.0786053 0)
(-0.0550643 -0.0746904 0)
(-0.0594199 -0.0703542 0)
(-0.000352071 -0.0948386 0)
(-0.00113565 -0.108425 0)
(-0.00223371 -0.108291 0)
(-0.00322363 -0.107769 0)
(-0.00441081 -0.107117 0)
(-0.00571471 -0.106316 0)
(-0.00720136 -0.105385 0)
(-0.00888602 -0.104324 0)
(-0.0107652 -0.103124 0)
(-0.0128359 -0.101766 0)
(-0.0150938 -0.100208 0)
(-0.0175976 -0.0984796 0)
(-0.0203115 -0.0966954 0)
(-0.0231437 -0.0948041 0)
(-0.0260937 -0.0926908 0)
(-0.0291764 -0.0903761 0)
(-0.0323781 -0.0878194 0)
(-0.0357549 -0.0849016 0)
(-0.0393537 -0.0816659 0)
(-0.0430813 -0.0782203 0)
(-0.0468674 -0.0745672 0)
(-0.0508334 -0.0705689 0)
(-0.0548786 -0.0661582 0)
(-0.000236513 -0.0939341 0)
(-0.000912245 -0.107091 0)
(-0.00192098 -0.106902 0)
(-0.00278198 -0.106217 0)
(-0.00383608 -0.105404 0)
(-0.00496211 -0.104414 0)
(-0.00618286 -0.103231 0)
(-0.00754946 -0.101918 0)
(-0.0091125 -0.100494 0)
(-0.0109481 -0.0990014 0)
(-0.0130766 -0.0974612 0)
(-0.0154218 -0.0958009 0)
(-0.017935 -0.0939156 0)
(-0.0206479 -0.0918096 0)
(-0.0235015 -0.0895118 0)
(-0.0264813 -0.0870132 0)
(-0.0295847 -0.0842996 0)
(-0.0327814 -0.0813717 0)
(-0.0360575 -0.0781707 0)
(-0.0394233 -0.0746554 0)
(-0.0428982 -0.0708317 0)
(-0.0465467 -0.0667332 0)
(-0.0502866 -0.0622848 0)
(-3.59479e-05 -0.093697 0)
(-0.000639751 -0.106623 0)
(-0.00166035 -0.10642 0)
(-0.00243771 -0.105684 0)
(-0.00341861 -0.104822 0)
(-0.00442471 -0.103774 0)
(-0.00542801 -0.102459 0)
(-0.00647476 -0.100933 0)
(-0.00766594 -0.0992206 0)
(-0.0090294 -0.0973024 0)
(-0.0106389 -0.0952441 0)
(-0.0126017 -0.0931706 0)
(-0.014931 -0.0911097 0)
(-0.0176204 -0.0890305 0)
(-0.0205222 -0.0867829 0)
(-0.023462 -0.0842365 0)
(-0.0264421 -0.0814233 0)
(-0.029456 -0.0783196 0)
(-0.0325216 -0.0749461 0)
(-0.0356538 -0.0713138 0)
(-0.0388502 -0.0674041 0)
(-0.0421758 -0.063207 0)
(-0.0456225 -0.0586912 0)
(0.000187051 -0.0932037 0)
(-0.000479935 -0.105404 0)
(-0.00176656 -0.105175 0)
(-0.00261613 -0.104403 0)
(-0.00367266 -0.103483 0)
(-0.00468066 -0.102398 0)
(-0.0057398 -0.101188 0)
(-0.00680767 -0.0997262 0)
(-0.00789214 -0.0979782 0)
(-0.00902612 -0.0959727 0)
(-0.01024 -0.0937607 0)
(-0.0115968 -0.0913623 0)
(-0.0131672 -0.0888327 0)
(-0.0149754 -0.086156 0)
(-0.0171278 -0.0834966 0)
(-0.0197335 -0.0809122 0)
(-0.022653 -0.0782297 0)
(-0.0257783 -0.0753221 0)
(-0.0287567 -0.0719738 0)
(-0.0317135 -0.0682922 0)
(-0.0346716 -0.0642805 0)
(-0.0377126 -0.0599762 0)
(-0.040882 -0.0553724 0)
(0.000284314 -0.0931251 0)
(-0.000688399 -0.104304 0)
(-0.00257691 -0.104067 0)
(-0.00377938 -0.103385 0)
(-0.00515811 -0.102511 0)
(-0.00638313 -0.101489 0)
(-0.00758781 -0.100279 0)
(-0.00872304 -0.0988241 0)
(-0.00977172 -0.0970906 0)
(-0.0107368 -0.0950865 0)
(-0.0116632 -0.0928059 0)
(-0.012639 -0.090316 0)
(-0.0137397 -0.0876648 0)
(-0.0149324 -0.0847902 0)
(-0.0162325 -0.0817896 0)
(-0.0177134 -0.0785973 0)
(-0.0194716 -0.0752883 0)
(-0.0216504 -0.0720461 0)
(-0.0244071 -0.0688373 0)
(-0.0273413 -0.0653477 0)
(-0.0302427 -0.0613901 0)
(-0.0330872 -0.0570377 0)
(-0.0360192 -0.0523315 0)
(0.000261115 -0.0930867 0)
(-0.00139923 -0.102783 0)
(-0.00418137 -0.102544 0)
(-0.00609652 -0.102038 0)
(-0.00814411 -0.101293 0)
(-0.00988299 -0.100304 0)
(-0.0115395 -0.0991487 0)
(-0.0129968 -0.0977991 0)
(-0.0142605 -0.0962459 0)
(-0.0152497 -0.0944224 0)
(-0.0159347 -0.0922604 0)
(-0.0163584 -0.0897399 0)
(-0.0166536 -0.086933 0)
(-0.0170149 -0.0839777 0)
(-0.0175471 -0.0808215 0)
(-0.0182837 -0.0775491 0)
(-0.0192536 -0.0740935 0)
(-0.0201722 -0.0703159 0)
(-0.0213046 -0.0663648 0)
(-0.0229165 -0.0623576 0)
(-0.0253377 -0.0583876 0)
(-0.0280736 -0.0541495 0)
(-0.0309446 -0.0494128 0)
(5.63516e-05 -0.0928326 0)
(-0.00247971 -0.100637 0)
(-0.00616125 -0.100448 0)
(-0.00895325 -0.100151 0)
(-0.0118173 -0.0995814 0)
(-0.0143054 -0.0987635 0)
(-0.0165692 -0.097765 0)
(-0.0185662 -0.0965677 0)
(-0.0203579 -0.0951232 0)
(-0.0218249 -0.0935436 0)
(-0.022928 -0.0917328 0)
(-0.0235613 -0.0895948 0)
(-0.0236917 -0.0870894 0)
(-0.0233853 -0.0842275 0)
(-0.0227389 -0.0809661 0)
(-0.0219067 -0.0773622 0)
(-0.0211631 -0.0735299 0)
(-0.0210074 -0.0695988 0)
(-0.0211701 -0.0655062 0)
(-0.0216514 -0.0611305 0)
(-0.0220666 -0.0563495 0)
(-0.0231363 -0.0512962 0)
(-0.025636 -0.0463441 0)
(-0.000403355 -0.0907619 0)
(-0.00341658 -0.0965724 0)
(-0.00748765 -0.096496 0)
(-0.0108014 -0.0963933 0)
(-0.0141633 -0.0960929 0)
(-0.0172257 -0.0956439 0)
(-0.0199577 -0.0949651 0)
(-0.022379 -0.0941114 0)
(-0.0243397 -0.0931267 0)
(-0.0260018 -0.0918914 0)
(-0.0273605 -0.0904341 0)
(-0.0283935 -0.0887136 0)
(-0.0290629 -0.086698 0)
(-0.0293324 -0.084392 0)
(-0.0291673 -0.0817399 0)
(-0.0285275 -0.0786445 0)
(-0.027377 -0.0750536 0)
(-0.0256956 -0.0708985 0)
(-0.0239177 -0.066274 0)
(-0.0223713 -0.0612004 0)
(-0.0215932 -0.055899 0)
(-0.0215343 -0.05042 0)
(-0.0217446 -0.0446268 0)
(-0.000728354 -0.0870172 0)
(-0.003745 -0.0907109 0)
(-0.00743733 -0.0907574 0)
(-0.0106288 -0.0908218 0)
(-0.0138885 -0.0907639 0)
(-0.0169491 -0.0906409 0)
(-0.0198129 -0.0904215 0)
(-0.0224127 -0.0900863 0)
(-0.0247498 -0.0896014 0)
(-0.0267609 -0.0889495 0)
(-0.0284031 -0.0881104 0)
(-0.0296642 -0.0870581 0)
(-0.0305117 -0.0857109 0)
(-0.0309396 -0.0840226 0)
(-0.0309819 -0.0819629 0)
(-0.0306497 -0.0794954 0)
(-0.0299249 -0.0765632 0)
(-0.0288079 -0.0730818 0)
(-0.0273116 -0.0689749 0)
(-0.0254901 -0.0642142 0)
(-0.0233829 -0.0586106 0)
(-0.0213301 -0.0521387 0)
(-0.0197035 -0.0451655 0)
(-0.000766569 -0.085092 0)
(-0.00371562 -0.0875802 0)
(-0.00731169 -0.0876581 0)
(-0.0104195 -0.0877945 0)
(-0.0136309 -0.0878607 0)
(-0.0166498 -0.0878942 0)
(-0.0195032 -0.0878656 0)
(-0.0221318 -0.0877578 0)
(-0.0245029 -0.0875446 0)
(-0.0265787 -0.0871939 0)
(-0.0283297 -0.0866747 0)
(-0.0297348 -0.0859512 0)
(-0.0307517 -0.0849858 0)
(-0.0312961 -0.0837341 0)
(-0.0313334 -0.0821232 0)
(-0.0309155 -0.0800929 0)
(-0.0300839 -0.077584 0)
(-0.0288736 -0.0745083 0)
(-0.0273296 -0.0707775 0)
(-0.0255273 -0.0663097 0)
(-0.0235487 -0.0610048 0)
(-0.0214945 -0.0547363 0)
(-0.0193452 -0.0474497 0)
(0.179969 0.105179 0)
(0.167446 0.0931565 0)
(0.143888 0.0253291 0)
(0.218509 -0.170417 0)
(0.158121 -0.0405324 0)
(0.195353 -0.0637179 0)
(0.260473 -0.133308 0)
(0.308367 -0.186083 0)
(0.285533 -0.109132 0)
(0.302891 -0.164753 0)
(0.334122 -0.238972 0)
(0.353151 -0.284752 0)
(0.683383 -0.0447918 0)
(0.691607 -0.106885 0)
(0.692217 -0.15101 0)
(0.692143 -0.195307 0)
(0.679868 -0.176534 0)
(0.714689 -0.229813 0)
(0.732531 -0.272823 0)
(0.742097 -0.314156 0)
(0.528172 -0.198379 0)
(0.560474 -0.238236 0)
(0.560067 -0.282358 0)
(0.565244 -0.316273 0)
(0.313185 -0.23994 0)
(0.34102 -0.270781 0)
(0.334997 -0.318401 0)
(0.368269 -0.365119 0)
(0.114003 -0.359065 0)
(0.149995 -0.403112 0)
(0.202204 -0.446173 0)
(0.239468 -0.411046 0)
(0.108456 0.347372 0)
(0.0703726 0.28596 0)
(0.00396158 0.225567 0)
(-0.087062 0.221571 0)
(0.557498 -0.63306 0)
(0.538881 -0.597672 0)
(0.536124 -0.582544 0)
(0.547972 -0.596675 0)
(0.200338 -0.058949 0)
(0.199783 -0.0815353 0)
(0.203782 -0.12227 0)
(0.213384 -0.168602 0)
(0.119653 -0.29343 0)
(0.0995115 -0.313723 0)
(0.084774 -0.329596 0)
(0.0662665 -0.353607 0)
(0.00750078 -0.198658 0)
(0.00153331 -0.223818 0)
(-0.00348669 -0.240471 0)
(-0.0198819 -0.254593 0)
(-0.0765221 -0.175948 0)
(-0.0804078 -0.193697 0)
(-0.0835847 -0.204513 0)
(-0.093515 -0.216632 0)
(-0.0877842 -0.197875 0)
(-0.0926693 -0.208414 0)
(-0.0968647 -0.214171 0)
(-0.105937 -0.220491 0)
(-0.0940223 -0.180933 0)
(-0.0993714 -0.185135 0)
(-0.103347 -0.18902 0)
(-0.112808 -0.195957 0)
(-0.1043 -0.179039 0)
(-0.109756 -0.180447 0)
(-0.112527 -0.184549 0)
(-0.120363 -0.191564 0)
(-0.10832 -0.16636 0)
(-0.112192 -0.167211 0)
(-0.114152 -0.169475 0)
(-0.119707 -0.172795 0)
(-0.110176 -0.165367 0)
(-0.114112 -0.166459 0)
(-0.116327 -0.167379 0)
(-0.122418 -0.167672 0)
(-0.102699 -0.155265 0)
(-0.106888 -0.157489 0)
(-0.110824 -0.158531 0)
(-0.118754 -0.155675 0)
(-0.106614 -0.146054 0)
(-0.11095 -0.143097 0)
(-0.115045 -0.1427 0)
(-0.121983 -0.13929 0)
(-0.101944 -0.140273 0)
(-0.10795 -0.136289 0)
(-0.112356 -0.13533 0)
(-0.117897 -0.130833 0)
(-0.102351 -0.125447 0)
(-0.107971 -0.121948 0)
(-0.111806 -0.12191 0)
(-0.115117 -0.120125 0)
(-0.0977516 -0.118593 0)
(-0.102227 -0.11508 0)
(-0.106366 -0.113553 0)
(-0.110198 -0.111555 0)
(-0.0941518 -0.11115 0)
(-0.0983493 -0.107914 0)
(-0.10228 -0.104809 0)
(-0.105407 -0.10202 0)
(-0.0901967 -0.101688 0)
(-0.0941294 -0.0996184 0)
(-0.0978783 -0.0968598 0)
(-0.101296 -0.0943261 0)
(-0.0856842 -0.0956198 0)
(-0.0887318 -0.093056 0)
(-0.0924336 -0.0905304 0)
(-0.0954354 -0.0879659 0)
(-0.0811082 -0.0881036 0)
(-0.0841616 -0.0863086 0)
(-0.0872597 -0.0837683 0)
(-0.0907348 -0.0810125 0)
(-0.0765536 -0.0822381 0)
(-0.0791078 -0.0802206 0)
(-0.0819871 -0.0779143 0)
(-0.0850725 -0.0753937 0)
(-0.0718612 -0.0765085 0)
(-0.0742719 -0.0745332 0)
(-0.0767198 -0.0723104 0)
(-0.0797115 -0.0698419 0)
(-0.0671783 -0.0714987 0)
(-0.0693476 -0.0693947 0)
(-0.0715352 -0.0671964 0)
(-0.0742471 -0.0648385 0)
(-0.0624643 -0.0668726 0)
(-0.0644841 -0.0646943 0)
(-0.0664322 -0.062481 0)
(-0.0688736 -0.0601715 0)
(-0.0577167 -0.0626482 0)
(-0.0595994 -0.0603968 0)
(-0.0613848 -0.0581375 0)
(-0.063555 -0.055836 0)
(-0.0529356 -0.0587476 0)
(-0.0546972 -0.0564505 0)
(-0.056359 -0.0541389 0)
(-0.0582836 -0.0518154 0)
(-0.0480985 -0.0551277 0)
(-0.0497467 -0.0527957 0)
(-0.0513194 -0.050432 0)
(-0.0530479 -0.0480674 0)
(-0.0432 -0.0517643 0)
(-0.0447322 -0.0494003 0)
(-0.0462252 -0.0469914 0)
(-0.0477982 -0.0445773 0)
(-0.0381908 -0.048648 0)
(-0.0396243 -0.0462387 0)
(-0.0410515 -0.0437822 0)
(-0.042507 -0.0413153 0)
(-0.0329933 -0.0456825 0)
(-0.0343594 -0.0432425 0)
(-0.0357296 -0.0407554 0)
(-0.0371101 -0.0382458 0)
(-0.0275924 -0.0427536 0)
(-0.0288986 -0.0403515 0)
(-0.0302017 -0.0378768 0)
(-0.0315145 -0.0353462 0)
(-0.0225413 -0.0403802 0)
(-0.0233657 -0.0377209 0)
(-0.0243886 -0.0351419 0)
(-0.0255396 -0.0325895 0)
(-0.0195234 -0.0400503 0)
(-0.0194039 -0.036759 0)
(-0.0195267 -0.0335773 0)
(-0.0198336 -0.0304549 0)
(-0.0184532 -0.0418336 0)
(-0.0178049 -0.0381738 0)
(-0.0173553 -0.0345615 0)
(-0.0170088 -0.0309918 0)
(0.325206 -0.28629 0)
(0.337135 -0.332312 0)
(0.399229 -0.292361 0)
(0.471606 -0.307229 0)
(0.534169 -0.323961 0)
(0.566159 -0.30614 0)
(0.571462 -0.268408 0)
(0.590058 -0.255208 0)
(0.63356 -0.237515 0)
(0.6431 -0.271665 0)
(0.584822 -0.285172 0)
(0.532887 -0.14737 0)
(0.631206 0.0700821 0)
(0.943116 0.11058 0)
(1.22623 0.117361 0)
(1.28818 0.0871086 0)
(1.21148 0.236666 0)
(0.311615 0.982084 0)
(0.301844 1.04985 0)
(0.327724 -0.305041 0)
(0.356755 -0.397959 0)
(0.402773 -0.418192 0)
(0.467942 -0.365254 0)
(0.525286 -0.304038 0)
(0.541688 -0.25766 0)
(0.552416 -0.242405 0)
(0.573702 -0.254141 0)
(0.631338 -0.25804 0)
(0.693837 -0.265525 0)
(0.738002 -0.2782 0)
(0.777087 -0.249145 0)
(0.879798 -0.195023 0)
(1.0491 -0.0998618 0)
(1.19913 0.222518 0)
(1.05972 0.457254 0)
(0.952175 0.721312 0)
(0.335002 1.32466 0)
(0.327662 1.31605 0)
(0.399871 -0.356628 0)
(0.462962 -0.393425 0)
(0.504791 -0.397284 0)
(0.532986 -0.360018 0)
(0.581017 -0.290278 0)
(0.625905 -0.254557 0)
(0.668595 -0.25556 0)
(0.719696 -0.286735 0)
(0.764884 -0.319233 0)
(0.815524 -0.309448 0)
(0.871253 -0.27427 0)
(0.935755 -0.208311 0)
(1.02906 -0.0603 0)
(1.07095 0.110767 0)
(1.12145 0.311445 0)
(0.991828 0.498939 0)
(0.96491 0.865374 0)
(0.478108 1.5375 0)
(0.349123 1.59081 0)
(0.715667 -0.303335 0)
(0.729184 -0.391227 0)
(0.732324 -0.411917 0)
(0.74239 -0.39186 0)
(0.761079 -0.364145 0)
(0.79214 -0.335468 0)
(0.82684 -0.324021 0)
(0.868978 -0.338247 0)
(0.907721 -0.359789 0)
(0.948454 -0.354395 0)
(0.983818 -0.339565 0)
(1.05225 -0.342055 0)
(1.12126 -0.283732 0)
(1.17657 -0.0919645 0)
(1.2461 0.213605 0)
(1.03987 0.518881 0)
(0.964794 1.05217 0)
(0.517194 1.85016 0)
(0.34743 1.95164 0)
(0.770917 -0.385073 0)
(0.767508 -0.446244 0)
(0.759197 -0.485766 0)
(0.764031 -0.467109 0)
(0.746137 -0.43444 0)
(0.75675 -0.387581 0)
(0.797513 -0.367487 0)
(0.860703 -0.37833 0)
(0.913443 -0.413485 0)
(0.99534 -0.388991 0)
(1.08751 -0.45709 0)
(1.17753 -0.434492 0)
(1.2317 -0.323905 0)
(1.23931 -0.145766 0)
(1.06912 0.193319 0)
(0.765762 0.766351 0)
(0.692112 1.40944 0)
(0.332906 2.21419 0)
(0.270739 2.34732 0)
(0.595531 -0.397316 0)
(0.619253 -0.456362 0)
(0.603105 -0.482459 0)
(0.561984 -0.405833 0)
(0.484654 -0.35562 0)
(0.506274 -0.367731 0)
(0.604202 -0.438915 0)
(0.718399 -0.497347 0)
(0.808232 -0.523023 0)
(0.926387 -0.527022 0)
(1.06837 -0.584124 0)
(1.15678 -0.494293 0)
(1.01736 -0.348021 0)
(0.491826 0.214464 0)
(0.254244 0.659845 0)
(0.0855864 1.00175 0)
(0.190318 1.57274 0)
(-0.0139284 2.38238 0)
(0.13983 2.48196 0)
(0.405152 -0.426196 0)
(0.40574 -0.490628 0)
(0.33196 -0.321886 0)
(0.320921 0.429954 0)
(0.0211888 0.460272 0)
(0.0843602 0.0642793 0)
(0.277062 -0.317948 0)
(0.499444 -0.474471 0)
(0.745557 -0.519167 0)
(1.01784 -0.591133 0)
(0.965602 -0.585018 0)
(0.204418 0.0177394 0)
(-0.242912 0.365555 0)
(-0.359815 0.479897 0)
(-0.41049 0.669795 0)
(-0.401706 0.982045 0)
(-0.264577 1.56453 0)
(-0.256367 2.29617 0)
(0.0990067 2.44168 0)
(0.196127 -0.228562 0)
(0.157428 0.275943 0)
(0.0441454 -0.0169052 0)
(0.184206 -0.507088 0)
(0.623789 -0.666919 0)
(0.818301 -0.520413 0)
(0.89886 -0.0923937 0)
(0.780142 0.00536909 0)
(0.471657 -0.23062 0)
(1.18578 -0.440279 0)
(-0.448118 0.298099 0)
(-0.625147 0.295662 0)
(-0.67198 0.318052 0)
(-0.713599 0.450973 0)
(-0.72613 0.659216 0)
(-0.771042 0.920036 0)
(-0.617031 1.42061 0)
(-0.420171 2.1223 0)
(0.0150891 2.30597 0)
(-0.0730093 -0.253294 0)
(0.0938291 -0.685632 0)
(0.335331 -0.733964 0)
(0.49247 -0.688783 0)
(0.535584 -0.751732 0)
(0.458826 -0.825848 0)
(0.405676 -0.886163 0)
(0.165413 -0.828898 0)
(0.013234 -0.810183 0)
(-0.64775 0.196674 0)
(-0.802983 0.29774 0)
(-0.830755 0.313605 0)
(-0.848916 0.346975 0)
(-0.882561 0.458782 0)
(-0.895285 0.661155 0)
(-0.954527 0.877633 0)
(-0.890649 1.20567 0)
(-0.519169 1.74544 0)
(-0.221122 1.97489 0)
(0.534431 -0.631771 0)
(0.480223 -0.566535 0)
(0.390915 -0.508676 0)
(0.275554 -0.389391 0)
(0.119306 -0.394359 0)
(-0.0338816 -0.383705 0)
(-0.149034 -0.262982 0)
(-0.315039 -0.198288 0)
(-0.465972 -0.064891 0)
(-0.808985 0.227453 0)
(-0.936346 0.337475 0)
(-0.899069 0.344868 0)
(-0.907134 0.377614 0)
(-0.94626 0.492497 0)
(-0.953667 0.664967 0)
(-0.963626 0.862166 0)
(-0.921712 1.04228 0)
(-0.566894 1.40633 0)
(-0.304539 1.51818 0)
(0.198877 -0.269302 0)
(0.106645 -0.332847 0)
(-0.0271403 -0.370951 0)
(-0.112226 -0.396902 0)
(-0.176892 -0.424693 0)
(-0.247591 -0.380686 0)
(-0.309141 -0.297979 0)
(-0.381623 -0.204401 0)
(-0.444483 0.0353332 0)
(-0.382815 0.397419 0)
(-0.95088 0.414995 0)
(-0.950087 0.393871 0)
(-0.930432 0.385175 0)
(-0.945714 0.497072 0)
(-0.950484 0.666429 0)
(-0.905359 0.823123 0)
(-0.788657 0.905254 0)
(-0.540178 1.11254 0)
(-0.161961 1.14496 0)
(0.0255119 -0.373108 0)
(-0.0530234 -0.37839 0)
(-0.120069 -0.366527 0)
(-0.17287 -0.338253 0)
(-0.22657 -0.352869 0)
(-0.288507 -0.343435 0)
(-0.329234 -0.293713 0)
(-0.349862 -0.231338 0)
(-0.323944 -0.051331 0)
(-0.1961 0.423107 0)
(-0.102382 0.794841 0)
(-0.777886 0.478179 0)
(-0.928307 0.381915 0)
(-0.92034 0.461284 0)
(-0.879284 0.593639 0)
(-0.839583 0.733817 0)
(-0.700299 0.775643 0)
(-0.421152 0.813716 0)
(-0.147274 0.86388 0)
(-0.0498623 -0.261124 0)
(-0.104869 -0.269579 0)
(-0.145798 -0.28351 0)
(-0.174607 -0.288954 0)
(-0.21288 -0.312503 0)
(-0.261429 -0.296687 0)
(-0.277871 -0.253216 0)
(-0.278883 -0.195071 0)
(-0.246331 -0.0627203 0)
(-0.11467 0.203348 0)
(0.174647 0.903352 0)
(-0.0154767 1.11124 0)
(-0.672533 0.374864 0)
(-0.829683 0.399036 0)
(-0.78464 0.582181 0)
(-0.663324 0.539392 0)
(-0.595166 0.542026 0)
(-0.392169 0.575805 0)
(-0.222473 0.611884 0)
(-0.101345 -0.230832 0)
(-0.129526 -0.256721 0)
(-0.155836 -0.281436 0)
(-0.185262 -0.278444 0)
(-0.218359 -0.27973 0)
(-0.24184 -0.266644 0)
(-0.249809 -0.24906 0)
(-0.242238 -0.226631 0)
(-0.208709 -0.158634 0)
(-0.0624531 0.0447043 0)
(0.0977916 0.666254 0)
(0.443559 1.54381 0)
(-0.402596 0.925077 0)
(-0.820523 0.47381 0)
(-0.884754 0.494398 0)
(-0.661156 0.671656 0)
(-0.487014 0.472291 0)
(-0.315021 0.332452 0)
(-0.208314 0.332706 0)
(-0.116642 -0.22692 0)
(-0.134797 -0.234723 0)
(-0.149043 -0.240294 0)
(-0.170382 -0.249638 0)
(-0.195899 -0.256024 0)
(-0.221129 -0.257908 0)
(-0.233902 -0.248206 0)
(-0.231163 -0.242979 0)
(-0.20662 -0.212493 0)
(-0.0670832 -0.0913992 0)
(-0.0207092 0.36612 0)
(0.529334 1.62261 0)
(0.0458729 1.53176 0)
(-0.712445 0.784287 0)
(-0.848064 0.445239 0)
(-0.815237 0.384815 0)
(-0.867024 0.547592 0)
(-0.333882 0.295598 0)
(-0.0580802 0.0565762 0)
(-0.123045 -0.202245 0)
(-0.140563 -0.215944 0)
(-0.162704 -0.22187 0)
(-0.186578 -0.223929 0)
(-0.214977 -0.229566 0)
(-0.235224 -0.233263 0)
(-0.249974 -0.232578 0)
(-0.249837 -0.253081 0)
(-0.235994 -0.259117 0)
(-0.1393 -0.186905 0)
(-0.164174 0.112247 0)
(0.456987 1.54438 0)
(0.310768 1.97091 0)
(-0.222606 1.36068 0)
(-0.549252 0.658309 0)
(-0.435638 0.245481 0)
(-0.610212 0.163121 0)
(-0.309736 0.0269415 0)
(0.00458103 -0.117713 0)
(-0.130491 -0.197005 0)
(-0.145108 -0.207884 0)
(-0.1646 -0.211668 0)
(-0.183004 -0.214151 0)
(-0.200216 -0.215551 0)
(-0.220591 -0.219389 0)
(-0.251853 -0.221737 0)
(-0.271352 -0.240995 0)
(-0.28621 -0.264804 0)
(-0.27947 -0.247803 0)
(-0.331038 -0.0240465 0)
(0.0650056 1.20677 0)
(0.360047 2.12186 0)
(0.0778477 1.63588 0)
(-0.0685536 0.857067 0)
(-8.54342e-05 0.287185 0)
(-0.203738 0.274096 0)
(-0.0491965 -0.242462 0)
(0.0155631 -0.186566 0)
(-0.128748 -0.17579 0)
(-0.143066 -0.18075 0)
(-0.163093 -0.180805 0)
(-0.190112 -0.180663 0)
(-0.21211 -0.18492 0)
(-0.238783 -0.18524 0)
(-0.268334 -0.191124 0)
(-0.298279 -0.211216 0)
(-0.338555 -0.235927 0)
(-0.396742 -0.244402 0)
(-0.486001 -0.0783281 0)
(-0.328105 0.87049 0)
(0.32716 2.08505 0)
(0.201836 1.6514 0)
(0.242196 0.894017 0)
(0.272343 0.342919 0)
(-0.134354 0.288319 0)
(0.031886 -0.289632 0)
(0.00808968 -0.1794 0)
(-0.131731 -0.16945 0)
(-0.148985 -0.171594 0)
(-0.167769 -0.17172 0)
(-0.185527 -0.170982 0)
(-0.205835 -0.172258 0)
(-0.237016 -0.16653 0)
(-0.269253 -0.161166 0)
(-0.309543 -0.169752 0)
(-0.369893 -0.178045 0)
(-0.460702 -0.180868 0)
(-0.595588 -0.0775827 0)
(-0.574623 0.593781 0)
(0.0942938 1.78017 0)
(0.28461 1.50783 0)
(0.352665 0.906033 0)
(0.44757 0.465266 0)
(-0.0446432 0.428848 0)
(0.0536882 -0.292472 0)
(0.00654864 -0.14913 0)
(-0.128851 -0.15218 0)
(-0.144445 -0.151155 0)
(-0.166694 -0.151252 0)
(-0.180553 -0.147874 0)
(-0.206919 -0.141079 0)
(-0.234959 -0.135967 0)
(-0.267319 -0.128713 0)
(-0.303707 -0.123361 0)
(-0.370334 -0.110854 0)
(-0.456667 -0.0876902 0)
(-0.589996 -0.00625864 0)
(-0.668541 0.376068 0)
(-0.238116 1.20016 0)
(0.203463 1.21508 0)
(0.32122 0.838807 0)
(0.499765 0.599745 0)
(0.226204 0.591602 0)
(0.0399959 -0.260669 0)
(0.00766886 -0.116517 0)
(-0.132218 -0.139383 0)
(-0.145862 -0.138344 0)
(-0.160264 -0.137331 0)
(-0.177641 -0.132201 0)
(-0.199885 -0.122459 0)
(-0.225534 -0.1127 0)
(-0.252969 -0.0993604 0)
(-0.288103 -0.0815158 0)
(-0.339888 -0.0529651 0)
(-0.403948 -0.00815702 0)
(-0.48272 0.0781546 0)
(-0.567904 0.317064 0)
(-0.282549 0.82442 0)
(0.0851108 0.953974 0)
(0.261648 0.657816 0)
(0.484188 0.632498 0)
(0.441423 0.704076 0)
(0.0208841 -0.0936738 0)
(-0.00136943 -0.0706448 0)
(-0.126475 -0.127025 0)
(-0.141166 -0.126044 0)
(-0.153351 -0.123947 0)
(-0.171257 -0.11384 0)
(-0.192016 -0.101007 0)
(-0.211604 -0.0918876 0)
(-0.233506 -0.0737565 0)
(-0.265572 -0.0472598 0)
(-0.295477 -0.0142199 0)
(-0.337207 0.0409772 0)
(-0.363769 0.121701 0)
(-0.400744 0.280317 0)
(-0.199694 0.549513 0)
(0.0670794 0.725589 0)
(0.309694 0.495219 0)
(0.445632 0.576064 0)
(0.538091 0.815522 0)
(-0.0134181 0.202533 0)
(-0.0112855 -0.0211413 0)
(-0.123606 -0.1167 0)
(-0.13619 -0.114189 0)
(-0.146637 -0.109226 0)
(-0.16383 -0.098352 0)
(-0.179541 -0.0862671 0)
(-0.19557 -0.0750255 0)
(-0.214435 -0.0524351 0)
(-0.235463 -0.024606 0)
(-0.25202 0.00754605 0)
(-0.274254 0.062763 0)
(-0.267731 0.127866 0)
(-0.277048 0.235226 0)
(-0.111804 0.367398 0)
(0.0478219 0.480972 0)
(0.337456 0.322199 0)
(0.35799 0.488279 0)
(0.523599 0.911757 0)
(-0.126117 0.394451 0)
(-0.014968 0.0195512 0)
(-0.117038 -0.108306 0)
(-0.129668 -0.10396 0)
(-0.140335 -0.0971569 0)
(-0.154139 -0.0856215 0)
(-0.16749 -0.0728642 0)
(-0.178395 -0.0606501 0)
(-0.195714 -0.0385108 0)
(-0.205023 -0.0109478 0)
(-0.214099 0.017417 0)
(-0.221473 0.0661745 0)
(-0.199124 0.113941 0)
(-0.1964 0.186854 0)
(-0.0562389 0.249359 0)
(-0.00124222 0.291489 0)
(0.293769 0.198254 0)
(0.172466 0.52423 0)
(0.422523 1.06526 0)
(-0.0924743 0.561548 0)
(-0.0148808 0.0384012 0)
(-0.111825 -0.0976614 0)
(-0.123208 -0.0938861 0)
(-0.132961 -0.0859596 0)
(-0.143379 -0.0754549 0)
(-0.155075 -0.0632895 0)
(-0.162521 -0.049543 0)
(-0.176029 -0.0291946 0)
(-0.178935 -0.00481368 0)
(-0.182125 0.0201242 0)
(-0.180601 0.0599105 0)
(-0.151402 0.0936041 0)
(-0.154127 0.139532 0)
(-0.0213749 0.177901 0)
(-0.0526855 0.172621 0)
(0.216292 0.148796 0)
(-0.0290891 0.51487 0)
(0.342235 1.1135 0)
(-0.0109749 0.693926 0)
(-0.0150283 0.0758134 0)
(-0.105569 -0.0914467 0)
(-0.115986 -0.0847689 0)
(-0.125102 -0.0771633 0)
(-0.133005 -0.0665087 0)
(-0.143215 -0.054993 0)
(-0.148326 -0.0418625 0)
(-0.157316 -0.0239087 0)
(-0.15749 -0.00301296 0)
(-0.156364 0.0176155 0)
(-0.149885 0.0488767 0)
(-0.11777 0.0724066 0)
(-0.128733 0.0985739 0)
(0.000847932 0.133116 0)
(-0.073721 0.0962816 0)
(0.156616 0.145437 0)
(-0.0973029 0.435535 0)
(0.322038 1.08735 0)
(-0.00290574 0.788796 0)
(-0.0113768 0.108015 0)
(-0.100303 -0.0827386 0)
(-0.108848 -0.0771524 0)
(-0.11726 -0.0694108 0)
(-0.123523 -0.0594234 0)
(-0.131769 -0.0487287 0)
(-0.135628 -0.0366254 0)
(-0.141181 -0.0212125 0)
(-0.140009 -0.00401823 0)
(-0.136191 0.0122673 0)
(-0.128518 0.0347475 0)
(-0.0942877 0.0525343 0)
(-0.110211 0.0624075 0)
(0.0129702 0.099185 0)
(-0.0648033 0.049556 0)
(0.123472 0.144983 0)
(-0.0720161 0.370626 0)
(0.268107 1.00902 0)
(0.0380385 0.871535 0)
(-0.00268552 0.15784 0)
(-0.0946592 -0.0768755 0)
(-0.101746 -0.0701461 0)
(-0.109559 -0.06275 0)
(-0.11465 -0.0535179 0)
(-0.121338 -0.0437002 0)
(-0.12456 -0.0329252 0)
(-0.127886 -0.0200957 0)
(-0.126174 -0.00628322 0)
(-0.121348 0.00587936 0)
(-0.113606 0.0206431 0)
(-0.0818623 0.0332734 0)
(-0.0963795 0.0302536 0)
(0.0145027 0.0662685 0)
(-0.0477653 0.0132827 0)
(0.116231 0.126835 0)
(-0.0177875 0.327844 0)
(0.271976 0.945117 0)
(0.0463774 0.933516 0)
(0.00661494 0.268588 0)
(-0.0890838 -0.0707011 0)
(-0.0951196 -0.064189 0)
(-0.102064 -0.0570446 0)
(-0.106579 -0.0485415 0)
(-0.112105 -0.0395759 0)
(-0.115007 -0.0301664 0)
(-0.117272 -0.0196348 0)
(-0.115605 -0.00874921 0)
(-0.111127 -0.000287226 0)
(-0.104183 0.00805226 0)
(-0.0786524 0.0150278 0)
(-0.0876649 0.00319766 0)
(0.00444859 0.0313085 0)
(-0.0342172 -0.0262146 0)
(0.11017 0.0768225 0)
(0.0424144 0.271595 0)
(0.297992 0.851988 0)
(0.125065 1.00879 0)
(0.0168296 0.409195 0)
(-0.0835373 -0.0654455 0)
(-0.0887151 -0.058818 0)
(-0.0949854 -0.0519642 0)
(-0.0991677 -0.0441614 0)
(-0.103966 -0.0359879 0)
(-0.106858 -0.0277652 0)
(-0.108846 -0.0191184 0)
(-0.107829 -0.0106389 0)
(-0.104745 -0.00511862 0)
(-0.0999016 -0.00177553 0)
(-0.0826286 -0.000718205 0)
(-0.0860263 -0.0170877 0)
(-0.0197253 -0.00537453 0)
(-0.0434628 -0.0646807 0)
(0.080033 0.0160088 0)
(0.0499735 0.206369 0)
(0.249349 0.81389 0)
(0.180194 1.06393 0)
(0.0658652 0.590459 0)
(-0.0780026 -0.0604934 0)
(-0.0826481 -0.0540089 0)
(-0.0882925 -0.0473623 0)
(-0.092338 -0.0401223 0)
(-0.0967416 -0.0326346 0)
(-0.0998292 -0.0253477 0)
(-0.102138 -0.0180642 0)
(-0.102307 -0.0114315 0)
(-0.101248 -0.0078361 0)
(-0.0997347 -0.00747498 0)
(-0.0904643 -0.0110569 0)
(-0.0939687 -0.0283046 0)
(-0.0568541 -0.034835 0)
(-0.0773341 -0.0880133 0)
(0.00500398 -0.0371428 0)
(-0.0311492 0.169483 0)
(0.0842372 0.795286 0)
(0.134977 1.0848 0)
(0.0206743 0.640509 0)
(-0.0725038 -0.0559601 0)
(-0.0767847 -0.0495965 0)
(-0.0819248 -0.0431134 0)
(-0.085958 -0.0362936 0)
(-0.0902206 -0.0293518 0)
(-0.0935668 -0.0226465 0)
(-0.0964775 -0.0162168 0)
(-0.0982233 -0.0108952 0)
(-0.09953 -0.00774654 0)
(-0.101415 -0.00833718 0)
(-0.0990293 -0.0130497 0)
(-0.109475 -0.0284718 0)
(-0.0971156 -0.0459149 0)
(-0.130545 -0.0837368 0)
(-0.102366 -0.0495935 0)
(-0.19758 0.178535 0)
(-0.148022 0.749283 0)
(-0.00253194 1.06963 0)
(-0.0273345 0.693716 0)
(-0.0670377 -0.0516984 0)
(-0.071099 -0.0454636 0)
(-0.07584 -0.0390972 0)
(-0.0799112 -0.0325745 0)
(-0.0841114 -0.0259651 0)
(-0.0877477 -0.0195324 0)
(-0.0913144 -0.0135353 0)
(-0.0944359 -0.00854915 0)
(-0.0978601 -0.00535516 0)
(-0.102887 -0.00500482 0)
(-0.105881 -0.00813136 0)
(-0.123514 -0.0183802 0)
(-0.129196 -0.0346755 0)
(-0.181946 -0.0534613 0)
(-0.188833 -0.0243795 0)
(-0.323622 0.226111 0)
(-0.304405 0.651587 0)
(-0.0531034 0.89309 0)
(0.0486297 0.376858 0)
(-0.0615875 -0.0477205 0)
(-0.0654983 -0.0415706 0)
(-0.0699342 -0.0352664 0)
(-0.0740388 -0.0288826 0)
(-0.0782084 -0.0223934 0)
(-0.082106 -0.0160683 0)
(-0.086213 -0.010115 0)
(-0.0904641 -0.00487505 0)
(-0.0955916 -0.000913988 0)
(-0.102427 0.0016746 0)
(-0.108578 0.00171596 0)
(-0.131259 -0.000977714 0)
(-0.141089 -0.0084873 0)
(-0.210923 -0.00587985 0)
(-0.219232 0.0286725 0)
(-0.360171 0.290364 0)
(-0.405839 0.559786 0)
(-0.291142 0.626429 0)
(0.00718068 0.498526 0)
(-0.0561462 -0.043971 0)
(-0.0599367 -0.0378618 0)
(-0.0641123 -0.0315787 0)
(-0.0681986 -0.0252118 0)
(-0.072353 -0.0187037 0)
(-0.0764202 -0.0123246 0)
(-0.0808746 -0.0061391 0)
(-0.0857268 -0.000378554 0)
(-0.0916969 0.00493364 0)
(-0.0991128 0.00996577 0)
(-0.105658 0.013541 0)
(-0.131345 0.0185331 0)
(-0.13319 0.019755 0)
(-0.209608 0.0440768 0)
(-0.194806 0.0839989 0)
(-0.318707 0.333725 0)
(-0.381815 0.489517 0)
(-0.165401 0.525089 0)
(0.0411372 0.50734 0)
(-0.0506795 -0.0404394 0)
(-0.0543553 -0.0343262 0)
(-0.0583079 -0.0280125 0)
(-0.0623185 -0.0215842 0)
(-0.0664111 -0.0149789 0)
(-0.0705409 -0.00844523 0)
(-0.0751197 -0.00191699 0)
(-0.0800673 0.00443825 0)
(-0.0861615 0.0108993 0)
(-0.093684 0.0178105 0)
(-0.0970234 0.0237064 0)
(-0.125166 0.0344958 0)
(-0.108217 0.0400618 0)
(-0.187731 0.081512 0)
(-0.128254 0.117739 0)
(-0.220181 0.35458 0)
(-0.244838 0.425168 0)
(-0.11536 0.422102 0)
(0.0616108 0.481022 0)
(-0.0451744 -0.037122 0)
(-0.0487198 -0.0309787 0)
(-0.052463 -0.024579 0)
(-0.0563522 -0.0180405 0)
(-0.0603376 -0.011281 0)
(-0.0644446 -0.00451099 0)
(-0.068973 0.00238924 0)
(-0.0738294 0.00932188 0)
(-0.0796896 0.0165337 0)
(-0.0866304 0.0246282 0)
(-0.0860652 0.0317227 0)
(-0.116865 0.0445123 0)
(-0.077279 0.0515862 0)
(-0.167747 0.0949063 0)
(-0.0388587 0.121249 0)
(-0.161137 0.353691 0)
(-0.0419722 0.403465 0)
(-0.109383 0.384438 0)
(0.0828332 0.47756 0)
(-0.039595 -0.0339951 0)
(-0.0429979 -0.0277906 0)
(-0.0465418 -0.0213147 0)
(-0.0502595 -0.0146959 0)
(-0.0540694 -0.00779432 0)
(-0.0580362 -0.000842692 0)
(-0.0623535 0.00634464 0)
(-0.0669768 0.0137063 0)
(-0.0723777 0.0213812 0)
(-0.0785797 0.0296579 0)
(-0.074514 0.0371747 0)
(-0.107522 0.0469757 0)
(-0.0463068 0.0565007 0)
(-0.154461 0.0815261 0)
(0.0623341 0.0991484 0)
(-0.121811 0.329172 0)
(0.189725 0.381621 0)
(-0.124287 0.387677 0)
(0.113748 0.450882 0)
(-0.0338473 -0.0310316 0)
(-0.0371472 -0.0247586 0)
(-0.0405286 -0.0181488 0)
(-0.0440499 -0.0113567 0)
(-0.0478207 -0.00424961 0)
(-0.0517618 0.00306708 0)
(-0.0560016 0.0104929 0)
(-0.0606583 0.018183 0)
(-0.066008 0.0260788 0)
(-0.0720086 0.034076 0)
(-0.0678172 0.041942 0)
(-0.100047 0.0443621 0)
(-0.0324428 0.0587746 0)
(-0.144984 0.0342494 0)
(0.106269 0.0539555 0)
(-0.0738033 0.229704 0)
(0.421866 0.356885 0)
(-0.205285 0.437009 0)
(0.210477 0.44685 0)
(-0.0277141 -0.0282901 0)
(-0.030702 -0.0219238 0)
(-0.0339795 -0.0153672 0)
(-0.0372596 -0.00851431 0)
(-0.0406358 -0.00133603 0)
(-0.0442995 0.0061749 0)
(-0.0482732 0.0140253 0)
(-0.0526978 0.0221233 0)
(-0.0580671 0.0303222 0)
(-0.0643869 0.0385761 0)
(-0.0646201 0.045527 0)
(-0.0927405 0.0421059 0)
(-0.0465784 0.056407 0)
(-0.144512 -0.00842212 0)
(0.0268066 0.0224441 0)
(-0.166088 0.138066 0)
(0.475121 0.406631 0)
(-0.421384 0.605059 0)
(0.354151 0.435069 0)
(-0.0208717 -0.0253693 0)
(-0.0232115 -0.0186351 0)
(-0.0259529 -0.0119051 0)
(-0.0290058 -0.00496042 0)
(-0.0323501 0.0022944 0)
(-0.0359076 0.0100036 0)
(-0.0397567 0.0183166 0)
(-0.0440988 0.0271348 0)
(-0.0491995 0.0363816 0)
(-0.0553046 0.0457521 0)
(-0.0609466 0.0546661 0)
(-0.0838979 0.0548785 0)
(-0.0726223 0.068316 0)
(-0.136074 0.0242745 0)
(-0.0282061 0.0130116 0)
(-0.250107 -0.102514 0)
(0.447634 0.425968 0)
(-0.285202 0.652263 0)
(0.503572 0.465768 0)
(-0.016808 -0.0251247 0)
(-0.0172167 -0.0174344 0)
(-0.0182479 -0.00999914 0)
(-0.0196788 -0.00258082 0)
(-0.0211606 0.00491667 0)
(-0.0226474 0.0127593 0)
(-0.024189 0.0212951 0)
(-0.0259102 0.030698 0)
(-0.0281428 0.0410926 0)
(-0.0310529 0.0523549 0)
(-0.0342197 0.0630378 0)
(-0.047446 0.0648195 0)
(-0.023838 0.0809557 0)
(-0.0941586 -0.0129804 0)
(0.0633439 0.0634313 0)
(-0.20612 -0.251468 0)
(0.3413 0.356352 0)
(-0.237548 0.569658 0)
(0.660303 0.700067 0)
)
;

boundaryField
{
    leftWall
    {
        type            calculated;
        value           uniform (0 0 0);
    }
    rightWall
    {
        type            calculated;
        value           uniform (0 0 0);
    }
    lowerWall
    {
        type            calculated;
        value           uniform (0 0 0);
    }
    atmosphere
    {
        type            calculated;
        value           nonuniform List<vector> 
46
(
(-0.000766569 -0.0850588 0)
(-0.00371562 -0.0875288 0)
(-0.00731169 -0.087606 0)
(-0.0104195 -0.0877436 0)
(-0.0136309 -0.0878123 0)
(-0.0166498 -0.0878493 0)
(-0.0195032 -0.0878251 0)
(-0.0221318 -0.0877224 0)
(-0.0245029 -0.0875145 0)
(-0.0265787 -0.0871693 0)
(-0.0283297 -0.0866556 0)
(-0.0297348 -0.0859374 0)
(-0.0307517 -0.0849767 0)
(-0.0312961 -0.083729 0)
(-0.0313334 -0.082121 0)
(-0.0309155 -0.0800939 0)
(-0.0300839 -0.0775885 0)
(-0.0288736 -0.0745166 0)
(-0.0273296 -0.0707894 0)
(-0.0255273 -0.0663244 0)
(-0.0235487 -0.0610205 0)
(-0.0214945 -0.0547513 0)
(-0.0193452 -0.047463 0)
(-0.0184532 -0.0418445 0)
(-0.0178049 -0.038183 0)
(-0.0173553 -0.0345685 0)
(-0.0170088 -0.0309969 0)
(-0.016808 -0.025126 0)
(-0.0172167 -0.0174325 0)
(-0.0182479 -0.00999315 0)
(-0.0196788 -0.00256846 0)
(-0.0211606 0.00492145 0)
(-0.0226474 0.0127699 0)
(-0.024189 0.0213092 0)
(-0.0259102 0.0307159 0)
(-0.0281428 0.0411145 0)
(-0.0310529 0.0523787 0)
(-0.0342197 0.0630565 0)
(-0.047446 0.0646192 0)
(-0.023838 0.0811704 0)
(-0.0941586 -0.0147757 0)
(0.0633439 0.0639979 0)
(-0.20612 -0.254437 0)
(0.3413 0.357371 0)
(-0.237548 0.567542 0)
(0.660303 0.672224 0)
)
;
    }
    defaultFaces
    {
        type            empty;
    }
}


// ************************************************************************* //
