/*--------------------------------*- C++ -*----------------------------------*\
| =========                 |                                                 |
| \\      /  F ield         | OpenFOAM: The Open Source CFD Toolbox           |
|  \\    /   O peration     | Version:  2.4.0                                 |
|   \\  /    A nd           | Web:      www.OpenFOAM.org                      |
|    \\/     M anipulation  |                                                 |
\*---------------------------------------------------------------------------*/
FoamFile
{
    version     2.0;
    format      ascii;
    class       volVectorField;
    location    "0.05";
    object      U;
}
// * * * * * * * * * * * * * * * * * * * * * * * * * * * * * * * * * * * * * //

dimensions      [0 1 -1 0 0 0 0];

internalField   nonuniform List<vector> 
2268
(
(0.00917719 -0.00433916 0)
(0.0278919 -0.00450861 0)
(0.0477062 -0.00485725 0)
(0.0694234 -0.00540519 0)
(0.0939687 -0.00618692 0)
(0.122434 -0.00725919 0)
(0.156454 -0.00870655 0)
(0.196725 -0.0106868 0)
(0.251327 -0.0133613 0)
(0.303541 -0.0167891 0)
(0.416213 -0.0258972 0)
(0.50763 -0.0302992 0)
(0.688587 -0.0431809 0)
(0.81786 -0.121915 0)
(0.977612 -0.119399 0)
(0.733388 0.0162241 0)
(0.519694 0.0344072 0)
(0.435658 0.0204779 0)
(0.36926 0.0144558 0)
(0.310872 0.0142763 0)
(0.245895 0.0173718 0)
(0.163909 0.0222487 0)
(0.0588095 0.0269212 0)
(0.00909843 -0.0129811 0)
(0.0276518 -0.0134883 0)
(0.0472906 -0.0145299 0)
(0.0688067 -0.0161662 0)
(0.0931082 -0.0184991 0)
(0.121263 -0.0216966 0)
(0.154858 -0.0260073 0)
(0.194566 -0.0319135 0)
(0.248349 -0.039831 0)
(0.298501 -0.0508857 0)
(0.413224 -0.0709897 0)
(0.486449 -0.117791 0)
(0.655939 -0.0882358 0)
(0.838696 -0.0387747 0)
(0.898146 0.128278 0)
(0.584341 0.129551 0)
(0.486082 0.0879781 0)
(0.425352 0.0527932 0)
(0.367484 0.0408814 0)
(0.31299 0.0421225 0)
(0.250191 0.0518055 0)
(0.168873 0.0669798 0)
(0.0611658 0.0819806 0)
(0.00893913 -0.0215097 0)
(0.027165 -0.022348 0)
(0.0464486 -0.0240689 0)
(0.067559 -0.0267706 0)
(0.0913703 -0.0306173 0)
(0.118904 -0.0358807 0)
(0.151645 -0.0429628 0)
(0.190264 -0.0526532 0)
(0.242097 -0.0655897 0)
(0.289317 -0.0838067 0)
(0.401276 -0.116943 0)
(0.457657 -0.16926 0)
(0.612232 -0.160073 0)
(0.807523 -0.116039 0)
(0.739067 0.10338 0)
(0.499655 0.164955 0)
(0.455459 0.121642 0)
(0.410793 0.0796127 0)
(0.364415 0.0647645 0)
(0.316609 0.0679804 0)
(0.258308 0.0850591 0)
(0.178973 0.112108 0)
(0.0661679 0.139648 0)
(0.00870265 -0.0298507 0)
(0.0264426 -0.0310097 0)
(0.0452001 -0.0333882 0)
(0.0657113 -0.0371181 0)
(0.0888017 -0.0424181 0)
(0.115426 -0.0496516 0)
(0.14692 -0.0593588 0)
(0.183965 -0.0725689 0)
(0.232883 -0.0901548 0)
(0.276925 -0.114571 0)
(0.381953 -0.157589 0)
(0.419989 -0.219053 0)
(0.565344 -0.221906 0)
(0.75135 -0.0888283 0)
(0.562195 0.163885 0)
(0.439768 0.198607 0)
(0.425919 0.142937 0)
(0.396276 0.0979673 0)
(0.362042 0.0839759 0)
(0.322802 0.090694 0)
(0.271418 0.116199 0)
(0.195682 0.157515 0)
(0.0743738 0.20601 0)
(0.00839192 -0.0379319 0)
(0.0254936 -0.0393975 0)
(0.0435616 -0.0424041 0)
(0.0632909 -0.0471127 0)
(0.085446 -0.0537848 0)
(0.110896 -0.0628609 0)
(0.140802 -0.0749971 0)
(0.17584 -0.0913838 0)
(0.221099 -0.113102 0)
(0.26193 -0.142759 0)
(0.357533 -0.193545 0)
(0.377232 -0.259726 0)
(0.522443 -0.270239 0)
(0.671476 -0.0634733 0)
(0.424827 0.200482 0)
(0.395121 0.211681 0)
(0.397172 0.152759 0)
(0.383075 0.110003 0)
(0.36124 0.0980421 0)
(0.332294 0.108837 0)
(0.29015 0.144208 0)
(0.223063 0.203065 0)
(0.0890925 0.272105 0)
(0.00801069 -0.0456895 0)
(0.0243296 -0.0474448 0)
(0.0415537 -0.0510446 0)
(0.0603322 -0.0566746 0)
(0.0813583 -0.0646221 0)
(0.1054 -0.0753915 0)
(0.13343 -0.0897302 0)
(0.166092 -0.108925 0)
(0.207226 -0.134233 0)
(0.244942 -0.168403 0)
(0.329753 -0.224201 0)
(0.332815 -0.293808 0)
(0.483326 -0.306409 0)
(0.564065 -0.0265789 0)
(0.34104 0.218005 0)
(0.356632 0.211632 0)
(0.372071 0.153034 0)
(0.37124 0.11612 0)
(0.361092 0.108385 0)
(0.346043 0.121825 0)
(0.316576 0.16658 0)
(0.262037 0.247347 0)
(0.107965 0.376598 0)
(0.00756319 -0.053063 0)
(0.0229633 -0.055088 0)
(0.039199 -0.059242 0)
(0.056873 -0.0657311 0)
(0.0766 -0.0748605 0)
(0.0990319 -0.0871782 0)
(0.124952 -0.10348 0)
(0.154925 -0.12512 0)
(0.191726 -0.153467 0)
(0.226086 -0.191561 0)
(0.300251 -0.249624 0)
(0.289475 -0.322054 0)
(0.446229 -0.329635 0)
(0.453749 0.00865183 0)
(0.286092 0.220726 0)
(0.324186 0.202481 0)
(0.350724 0.148178 0)
(0.36182 0.116566 0)
(0.364884 0.112553 0)
(0.3617 0.128046 0)
(0.34953 0.181011 0)
(0.319308 0.280705 0)
(0.148613 0.443364 0)
(0.00705232 -0.0597455 0)
(0.0214024 -0.062009 0)
(0.0365078 -0.0666558 0)
(0.052923 -0.0739087 0)
(0.071204 -0.0841514 0)
(0.0918866 -0.0978372 0)
(0.11552 -0.11571 0)
(0.142569 -0.139237 0)
(0.174937 -0.169762 0)
(0.20544 -0.210444 0)
(0.26976 -0.269315 0)
(0.248423 -0.34316 0)
(0.411012 -0.33761 0)
(0.351375 0.0415971 0)
(0.247857 0.214564 0)
(0.297155 0.188905 0)
(0.333496 0.139291 0)
(0.352742 0.111348 0)
(0.368503 0.108671 0)
(0.381718 0.128305 0)
(0.384168 0.187988 0)
(0.408167 0.333935 0)
(0.212008 0.655662 0)
(-0.0136768 0.000459728 0)
(0.0245753 -0.0160863 0)
(0.114579 -0.0157733 0)
(0.177621 -0.0106681 0)
(0.215143 -0.00492939 0)
(0.228728 -0.000933881 0)
(0.22737 0.00142602 0)
(0.215183 0.00306027 0)
(0.198831 0.00380579 0)
(0.179953 0.00411623 0)
(0.160032 0.00421868 0)
(0.139926 0.00420475 0)
(0.120034 0.004134 0)
(0.100538 0.00404138 0)
(0.0814912 0.00394708 0)
(0.0628723 0.00386285 0)
(0.0446163 0.00379537 0)
(0.0266391 0.00374738 0)
(0.00884025 0.00374045 0)
(-0.0199791 0.00209166 0)
(0.0194994 -0.0506321 0)
(0.120179 -0.049233 0)
(0.186944 -0.0327006 0)
(0.224402 -0.0151365 0)
(0.23687 -0.00256197 0)
(0.233849 0.00499304 0)
(0.220919 0.0095696 0)
(0.203707 0.0117425 0)
(0.184108 0.0126792 0)
(0.163598 0.0129733 0)
(0.142969 0.012918 0)
(0.122602 0.0126935 0)
(0.102665 0.0124049 0)
(0.0832023 0.0121128 0)
(0.0641857 0.0118527 0)
(0.0455446 0.0116448 0)
(0.0271896 0.0114998 0)
(0.00900565 0.0113805 0)
(-0.0344149 0.00775212 0)
(0.00387996 -0.0892902 0)
(0.124568 -0.0860177 0)
(0.196591 -0.0552033 0)
(0.232986 -0.0244539 0)
(0.242873 -0.00333872 0)
(0.237016 0.00935055 0)
(0.222861 0.0164099 0)
(0.204653 0.0198728 0)
(0.184517 0.0213602 0)
(0.16372 0.0217899 0)
(0.142938 0.02166 0)
(0.122498 0.0212626 0)
(0.102535 0.0207666 0)
(0.0830736 0.0202703 0)
(0.0640743 0.0198305 0)
(0.0454598 0.0194803 0)
(0.0271377 0.0192386 0)
(0.00898842 0.0190471 0)
(-0.0575058 0.0246138 0)
(-0.022246 -0.136598 0)
(0.131816 -0.129321 0)
(0.212516 -0.0783072 0)
(0.246329 -0.0323105 0)
(0.251459 -0.00243173 0)
(0.241937 0.0146678 0)
(0.225475 0.0238807 0)
(0.205882 0.0283766 0)
(0.184986 0.0302559 0)
(0.163784 0.0307296 0)
(0.142796 0.030472 0)
(0.122266 0.0298704 0)
(0.10228 0.0291489 0)
(0.0828335 0.0284373 0)
(0.0638721 0.0278114 0)
(0.0453084 0.0273151 0)
(0.027045 0.026974 0)
(0.00895762 0.026702 0)
(-0.0922794 0.062858 0)
(-0.0567311 -0.19688 0)
(0.148958 -0.183417 0)
(0.23831 -0.101053 0)
(0.264997 -0.0373591 0)
(0.262757 0.000721497 0)
(0.248156 0.0214555 0)
(0.228667 0.0322167 0)
(0.20735 0.0373583 0)
(0.185511 0.0394082 0)
(0.163808 0.0398026 0)
(0.142571 0.0393465 0)
(0.121935 0.0385001 0)
(0.101925 0.0375293 0)
(0.0825048 0.0365887 0)
(0.0635971 0.0357688 0)
(0.0451035 0.0351218 0)
(0.0269194 0.0346786 0)
(0.00891559 0.0343253 0)
(-0.124164 0.0834286 0)
(-0.0703242 -0.288483 0)
(0.195473 -0.259104 0)
(0.287801 -0.121101 0)
(0.290803 -0.0372304 0)
(0.276388 0.00716585 0)
(0.255271 0.030065 0)
(0.232204 0.0415823 0)
(0.208921 0.0469071 0)
(0.186015 0.0488659 0)
(0.163752 0.0490339 0)
(0.142239 0.0482952 0)
(0.121491 0.0471552 0)
(0.101466 0.0459067 0)
(0.0820841 0.0447206 0)
(0.0632478 0.0436968 0)
(0.0448442 0.0428936 0)
(0.0267606 0.0423451 0)
(0.0088625 0.04191 0)
(-0.0295572 0.269024 0)
(0.0611118 -0.470352 0)
(0.285075 -0.338848 0)
(0.347871 -0.129927 0)
(0.320005 -0.028467 0)
(0.291126 0.017771 0)
(0.262714 0.0407842 0)
(0.23579 0.0520677 0)
(0.210427 0.0570435 0)
(0.186405 0.0586184 0)
(0.16356 0.0583976 0)
(0.141769 0.0572849 0)
(0.120918 0.0557996 0)
(0.100889 0.054244 0)
(0.0815648 0.0527958 0)
(0.0628201 0.0515591 0)
(0.0445282 0.0505946 0)
(0.0265676 0.0499383 0)
(0.00879773 0.0494205 0)
(0.655149 -0.0742185 0)
(0.652657 -0.48598 0)
(0.442832 -0.334563 0)
(0.401671 -0.113686 0)
(0.348932 -0.0128939 0)
(0.305272 0.032034 0)
(0.269765 0.0535917 0)
(0.23908 0.0637539 0)
(0.211683 0.0678896 0)
(0.186574 0.0688025 0)
(0.163172 0.0680316 0)
(0.141125 0.0664482 0)
(0.120191 0.0645579 0)
(0.100182 0.0626579 0)
(0.0809379 0.0609238 0)
(0.0623084 0.0594589 0)
(0.0441521 0.0583238 0)
(0.0263384 0.057554 0)
(0.0087212 0.0569512 0)
(0.00609763 -0.0706564 0)
(0.0184771 -0.0732811 0)
(0.0314388 -0.0786529 0)
(0.0454044 -0.0870705 0)
(0.0614368 -0.0981464 0)
(0.0795876 -0.112974 0)
(0.0995277 -0.132473 0)
(0.121769 -0.158073 0)
(0.147249 -0.190741 0)
(0.170868 -0.234437 0)
(0.22142 -0.293636 0)
(0.185947 -0.371926 0)
(0.360049 -0.33432 0)
(0.189655 0.0791308 0)
(0.201441 0.186107 0)
(0.263899 0.153336 0)
(0.308983 0.114652 0)
(0.342673 0.0935063 0)
(0.373044 0.0908168 0)
(0.413767 0.104939 0)
(0.454041 0.164516 0)
(0.600742 0.228583 0)
(0.805062 0.562212 0)
(0.00476705 -0.0848927 0)
(0.0144342 -0.0871689 0)
(0.0244906 -0.0919622 0)
(0.0353601 -0.0997344 0)
(0.0472574 -0.111665 0)
(0.0611087 -0.126835 0)
(0.0757231 -0.147526 0)
(0.0910953 -0.174222 0)
(0.107413 -0.209745 0)
(0.12065 -0.255973 0)
(0.151901 -0.314719 0)
(0.106088 -0.408395 0)
(0.264179 -0.284312 0)
(0.0358425 0.0942355 0)
(0.166411 0.122926 0)
(0.232238 0.0946905 0)
(0.285183 0.0707528 0)
(0.332908 0.0561806 0)
(0.378553 0.0521188 0)
(0.435953 0.0584095 0)
(0.502208 0.08105 0)
(0.606795 0.0929047 0)
(0.801962 0.172074 0)
(0.00381375 -0.0657319 0)
(0.0114107 -0.0696856 0)
(0.0189617 -0.0778551 0)
(0.026556 -0.0919336 0)
(0.035146 -0.112754 0)
(0.0412443 -0.135681 0)
(0.0510867 -0.162215 0)
(0.0571319 -0.201398 0)
(0.0671632 -0.238386 0)
(0.0691994 -0.293805 0)
(0.0732071 -0.35064 0)
(0.0450074 -0.434839 0)
(0.0707533 -0.195001 0)
(0.0052146 0.052781 0)
(0.148878 0.0410997 0)
(0.214349 0.0285818 0)
(0.270865 0.0175251 0)
(0.324081 0.00711684 0)
(0.375748 -0.000341435 0)
(0.440655 -0.00547573 0)
(0.501875 -0.00426756 0)
(0.620129 -0.0246757 0)
(0.733615 -0.0373936 0)
(0.00166182 -0.175627 0)
(0.00496568 -0.177572 0)
(0.00636179 -0.181727 0)
(0.00488104 -0.186591 0)
(0.0135983 -0.191259 0)
(0.0189039 -0.203195 0)
(0.0250602 -0.219317 0)
(0.0375168 -0.235311 0)
(0.0427603 -0.266689 0)
(0.0627107 -0.295839 0)
(0.0692756 -0.34768 0)
(0.0646675 -0.427525 0)
(0.0108697 -0.207822 0)
(0.0687503 -0.0495111 0)
(0.152267 -0.0377331 0)
(0.211954 -0.0324171 0)
(0.264153 -0.0359279 0)
(0.315117 -0.0446541 0)
(0.366559 -0.055908 0)
(0.4299 -0.0698527 0)
(0.485968 -0.0838408 0)
(0.593831 -0.123694 0)
(0.677618 -0.167862 0)
(0.0138057 -0.118547 0)
(0.0415897 -0.12185 0)
(0.071311 -0.127699 0)
(0.103589 -0.12049 0)
(0.127856 -0.0912901 0)
(0.150891 -0.121098 0)
(0.171067 -0.110823 0)
(0.184088 -0.159121 0)
(0.196624 -0.185838 0)
(0.201277 -0.253827 0)
(0.196162 -0.311899 0)
(0.169784 -0.371269 0)
(0.170713 -0.21364 0)
(0.131269 -0.110637 0)
(0.173669 -0.0885135 0)
(0.216975 -0.0795048 0)
(0.258857 -0.0832028 0)
(0.304109 -0.0934324 0)
(0.351554 -0.108704 0)
(0.408399 -0.12949 0)
(0.457674 -0.153366 0)
(0.548434 -0.207837 0)
(0.611551 -0.261342 0)
(0.0122578 -0.141477 0)
(0.0367904 -0.144001 0)
(0.0610891 -0.149452 0)
(0.0829293 -0.160964 0)
(0.1054 -0.17872 0)
(0.125804 -0.19445 0)
(0.146277 -0.218696 0)
(0.163154 -0.237494 0)
(0.175148 -0.263595 0)
(0.177056 -0.285896 0)
(0.169238 -0.305488 0)
(0.164236 -0.321417 0)
(0.190879 -0.191863 0)
(0.144072 -0.122884 0)
(0.179687 -0.115832 0)
(0.214925 -0.116435 0)
(0.250185 -0.123825 0)
(0.289575 -0.137056 0)
(0.331473 -0.156031 0)
(0.380076 -0.181514 0)
(0.421661 -0.212207 0)
(0.49491 -0.271148 0)
(0.536032 -0.320912 0)
(0.0106645 -0.158181 0)
(0.0319112 -0.161179 0)
(0.0527869 -0.167193 0)
(0.0726281 -0.176301 0)
(0.0914288 -0.186657 0)
(0.10904 -0.200978 0)
(0.124777 -0.216094 0)
(0.137982 -0.236164 0)
(0.147141 -0.256828 0)
(0.152067 -0.278846 0)
(0.150776 -0.299147 0)
(0.159164 -0.314004 0)
(0.19537 -0.198334 0)
(0.147938 -0.142796 0)
(0.178598 -0.141284 0)
(0.208578 -0.147742 0)
(0.238224 -0.15879 0)
(0.271824 -0.175013 0)
(0.307675 -0.196891 0)
(0.348216 -0.225269 0)
(0.381658 -0.259301 0)
(0.442073 -0.31789 0)
(0.467882 -0.359901 0)
(0.00931913 -0.179507 0)
(0.0278389 -0.18215 0)
(0.0459299 -0.187339 0)
(0.0632311 -0.195111 0)
(0.0795897 -0.205101 0)
(0.0947081 -0.217509 0)
(0.108263 -0.232049 0)
(0.119675 -0.248533 0)
(0.128336 -0.266231 0)
(0.134242 -0.283907 0)
(0.136087 -0.299643 0)
(0.149852 -0.312766 0)
(0.189102 -0.204736 0)
(0.142549 -0.159291 0)
(0.171247 -0.162562 0)
(0.197618 -0.174124 0)
(0.222887 -0.188578 0)
(0.251352 -0.207381 0)
(0.281489 -0.231309 0)
(0.314716 -0.261108 0)
(0.340867 -0.296296 0)
(0.390754 -0.351952 0)
(0.399413 -0.387021 0)
(0.00807275 -0.196627 0)
(0.0241045 -0.199052 0)
(0.0397616 -0.203741 0)
(0.0547905 -0.210675 0)
(0.0689742 -0.219678 0)
(0.0820748 -0.230701 0)
(0.0938075 -0.243464 0)
(0.103874 -0.257778 0)
(0.112029 -0.272957 0)
(0.118509 -0.288259 0)
(0.122206 -0.302689 0)
(0.13829 -0.316491 0)
(0.177755 -0.213591 0)
(0.132116 -0.175184 0)
(0.160017 -0.181936 0)
(0.183252 -0.196958 0)
(0.204918 -0.213975 0)
(0.228931 -0.234688 0)
(0.254017 -0.259869 0)
(0.281004 -0.290069 0)
(0.301291 -0.324952 0)
(0.342762 -0.376189 0)
(0.333726 -0.404367 0)
(0.00695259 -0.211771 0)
(0.0207587 -0.21397 0)
(0.0342464 -0.218187 0)
(0.0472099 -0.224421 0)
(0.0594557 -0.232553 0)
(0.0707914 -0.24245 0)
(0.0810278 -0.253902 0)
(0.0900085 -0.266613 0)
(0.0976588 -0.280154 0)
(0.104293 -0.293985 0)
(0.108763 -0.307579 0)
(0.125397 -0.321482 0)
(0.164017 -0.221271 0)
(0.119211 -0.190014 0)
(0.146248 -0.199517 0)
(0.166524 -0.216784 0)
(0.185081 -0.235569 0)
(0.205266 -0.257556 0)
(0.226047 -0.283385 0)
(0.247957 -0.313399 0)
(0.263996 -0.347297 0)
(0.299929 -0.393809 0)
(0.274515 -0.416829 0)
(0.00593793 -0.224712 0)
(0.0177303 -0.22672 0)
(0.029257 -0.230549 0)
(0.0403501 -0.236211 0)
(0.0508517 -0.243604 0)
(0.0606164 -0.252592 0)
(0.0695205 -0.262986 0)
(0.0774886 -0.274544 0)
(0.0845204 -0.286956 0)
(0.0909019 -0.299876 0)
(0.0955419 -0.313029 0)
(0.111529 -0.326873 0)
(0.148107 -0.229024 0)
(0.105157 -0.203775 0)
(0.130855 -0.215301 0)
(0.148251 -0.233934 0)
(0.164042 -0.253837 0)
(0.180903 -0.276584 0)
(0.198031 -0.302667 0)
(0.215831 -0.332281 0)
(0.228876 -0.36521 0)
(0.261628 -0.407704 0)
(0.220682 -0.430542 0)
(0.00501363 -0.235726 0)
(0.0149704 -0.23757 0)
(0.0247061 -0.241073 0)
(0.0340869 -0.246263 0)
(0.04299 -0.253053 0)
(0.0513083 -0.261318 0)
(0.0589609 -0.270903 0)
(0.0659141 -0.281621 0)
(0.0721967 -0.293257 0)
(0.0780492 -0.305592 0)
(0.0825653 -0.318489 0)
(0.0970197 -0.332353 0)
(0.130543 -0.235712 0)
(0.0906618 -0.216119 0)
(0.114396 -0.22922 0)
(0.129022 -0.248604 0)
(0.142299 -0.26914 0)
(0.156212 -0.292264 0)
(0.170158 -0.318356 0)
(0.184454 -0.347553 0)
(0.195065 -0.379808 0)
(0.224556 -0.419829 0)
(0.173082 -0.446603 0)
(0.00416687 -0.24488 0)
(0.0124387 -0.246614 0)
(0.02052 -0.249875 0)
(0.0283082 -0.254698 0)
(0.0357186 -0.26101 0)
(0.0426725 -0.268709 0)
(0.0491109 -0.277673 0)
(0.0550174 -0.287769 0)
(0.0604251 -0.298852 0)
(0.0655123 -0.310786 0)
(0.0694688 -0.323523 0)
(0.0823043 -0.337403 0)
(0.112317 -0.241175 0)
(0.0756971 -0.226998 0)
(0.0972543 -0.241286 0)
(0.109271 -0.260954 0)
(0.120224 -0.281754 0)
(0.131453 -0.304964 0)
(0.14252 -0.330887 0)
(0.153637 -0.35966 0)
(0.161873 -0.391397 0)
(0.186862 -0.429715 0)
(0.132395 -0.461699 0)
(0.00335737 -0.252146 0)
(0.0100432 -0.25379 0)
(0.0165917 -0.256993 0)
(0.0228986 -0.261639 0)
(0.0289058 -0.267602 0)
(0.0345574 -0.27486 0)
(0.0398007 -0.283344 0)
(0.0446245 -0.292971 0)
(0.04906 -0.303642 0)
(0.0532304 -0.315274 0)
(0.0565082 -0.327865 0)
(0.0672563 -0.341543 0)
(0.0929976 -0.245866 0)
(0.060808 -0.236427 0)
(0.0797657 -0.251571 0)
(0.089347 -0.271165 0)
(0.0981118 -0.291935 0)
(0.10684 -0.314988 0)
(0.115219 -0.340574 0)
(0.123361 -0.368837 0)
(0.129133 -0.400063 0)
(0.149087 -0.436328 0)
(0.0979444 -0.472614 0)
(0.00251985 -0.259137 0)
(0.00753415 -0.260607 0)
(0.0126169 -0.263189 0)
(0.0176639 -0.267232 0)
(0.022415 -0.27281 0)
(0.0268256 -0.279704 0)
(0.0308914 -0.287815 0)
(0.0346107 -0.297102 0)
(0.0380053 -0.30744 0)
(0.0411468 -0.318797 0)
(0.0436337 -0.331258 0)
(0.0518543 -0.34481 0)
(0.0726814 -0.249456 0)
(0.0462049 -0.244416 0)
(0.0621699 -0.260138 0)
(0.0695228 -0.279304 0)
(0.0762031 -0.299754 0)
(0.0825673 -0.322394 0)
(0.0884068 -0.347413 0)
(0.0936933 -0.374936 0)
(0.0970303 -0.405577 0)
(0.111426 -0.439744 0)
(0.0684463 -0.479679 0)
(0.00189714 -0.261673 0)
(0.00565109 -0.263166 0)
(0.00919344 -0.265939 0)
(0.012559 -0.270023 0)
(0.0158648 -0.275331 0)
(0.0190114 -0.281868 0)
(0.0219719 -0.289559 0)
(0.0248189 -0.298311 0)
(0.0272449 -0.308169 0)
(0.0292398 -0.319188 0)
(0.030765 -0.331505 0)
(0.0358031 -0.34507 0)
(0.0511363 -0.250418 0)
(0.0321886 -0.24923 0)
(0.0447143 -0.265081 0)
(0.0500878 -0.283364 0)
(0.0547472 -0.303201 0)
(0.0588634 -0.325277 0)
(0.0623443 -0.349706 0)
(0.0648164 -0.376676 0)
(0.0655514 -0.40696 0)
(0.0732437 -0.439932 0)
(0.042253 -0.484411 0)
(0.00129444 -0.259575 0)
(0.003888 -0.261092 0)
(0.00639189 -0.263923 0)
(0.00876236 -0.268084 0)
(0.0109612 -0.273501 0)
(0.0129595 -0.280176 0)
(0.0146704 -0.288044 0)
(0.0158629 -0.297009 0)
(0.0168203 -0.307125 0)
(0.0174894 -0.318372 0)
(0.0177418 -0.330862 0)
(0.0175369 -0.344607 0)
(0.025594 -0.247429 0)
(0.0193832 -0.249946 0)
(0.0277976 -0.265692 0)
(0.0312711 -0.283642 0)
(0.0337293 -0.303845 0)
(0.0354657 -0.32664 0)
(0.0364688 -0.351955 0)
(0.0362998 -0.380037 0)
(0.0339566 -0.409967 0)
(0.0321535 -0.442782 0)
(0.0182178 -0.484464 0)
(0.000472308 -0.30786 0)
(0.00139022 -0.309251 0)
(0.00229927 -0.311842 0)
(0.00312651 -0.315645 0)
(0.00385261 -0.320603 0)
(0.00445727 -0.326633 0)
(0.0049315 -0.33366 0)
(0.00525971 -0.341609 0)
(0.00536192 -0.350211 0)
(0.00497951 -0.359251 0)
(0.00410988 -0.368437 0)
(-0.00123034 -0.377319 0)
(-0.00151584 -0.298762 0)
(0.00767087 -0.304694 0)
(0.0104901 -0.318187 0)
(0.0111742 -0.333806 0)
(0.0108039 -0.351059 0)
(0.00980688 -0.369484 0)
(0.00790022 -0.388778 0)
(0.00774009 -0.403564 0)
(0.00444098 -0.424011 0)
(-0.00043073 -0.44265 0)
(0.00399336 -0.467793 0)
(6.96541e-05 -0.292164 0)
(0.000215969 -0.293129 0)
(0.000552922 -0.295263 0)
(0.00081099 -0.298551 0)
(0.00106519 -0.302876 0)
(0.00132152 -0.308252 0)
(0.0015761 -0.314665 0)
(0.00182442 -0.322067 0)
(0.00196727 -0.330601 0)
(0.00146759 -0.339867 0)
(0.000317977 -0.347471 0)
(-0.00484038 -0.353203 0)
(-0.00333121 -0.287861 0)
(0.00227348 -0.292776 0)
(0.00290499 -0.306352 0)
(-0.0005432 -0.321375 0)
(-0.00384354 -0.336244 0)
(-0.0060606 -0.352822 0)
(-0.00842424 -0.371513 0)
(-0.0130823 -0.400558 0)
(-0.00497333 -0.419702 0)
(-0.0423405 -0.429014 0)
(-0.0876199 -0.378475 0)
(-0.00132641 0.0547391 0)
(-0.01178 0.0556927 0)
(-0.0195517 0.0501018 0)
(-0.0286252 0.0418103 0)
(-0.0386091 0.0306866 0)
(-0.04992 0.0165823 0)
(-0.062904 -0.000666674 0)
(-0.0778296 -0.0213749 0)
(-0.0947079 -0.0459073 0)
(-0.112749 -0.0732906 0)
(-0.133423 -0.0896832 0)
(-0.173563 -0.0820972 0)
(-0.204 0.021098 0)
(-0.222821 -0.0356272 0)
(-0.234658 -0.104497 0)
(-0.247322 -0.164687 0)
(-0.267146 -0.225607 0)
(-0.295467 -0.278056 0)
(-0.329731 -0.32813 0)
(-0.374201 -0.384325 0)
(-0.441206 -0.39132 0)
(-0.591641 -0.162809 0)
(-0.857614 0.268561 0)
(-0.00374182 -0.414866 0)
(-0.00976002 -0.416146 0)
(-0.0157547 -0.416173 0)
(-0.0227359 -0.415907 0)
(-0.0308333 -0.415356 0)
(-0.0403276 -0.414447 0)
(-0.0516172 -0.41308 0)
(-0.0652953 -0.411106 0)
(-0.0823784 -0.408444 0)
(-0.104564 -0.405285 0)
(-0.13326 -0.402536 0)
(-0.16252 -0.398443 0)
(-0.168573 -0.381759 0)
(-0.164164 -0.361591 0)
(-0.178707 -0.33959 0)
(-0.200147 -0.321907 0)
(-0.230437 -0.307373 0)
(-0.273079 -0.29458 0)
(-0.3281 -0.280701 0)
(-0.415398 -0.27186 0)
(-0.539793 -0.305187 0)
(-0.599183 -0.304588 0)
(-0.608094 -0.109429 0)
(-0.00386256 -0.197181 0)
(-0.0119198 -0.19892 0)
(-0.020075 -0.200864 0)
(-0.0288295 -0.203861 0)
(-0.0384078 -0.207773 0)
(-0.0490664 -0.212378 0)
(-0.061056 -0.217371 0)
(-0.0746606 -0.222386 0)
(-0.0902018 -0.22678 0)
(-0.107805 -0.22924 0)
(-0.127513 -0.227585 0)
(-0.148384 -0.219589 0)
(-0.165616 -0.205343 0)
(-0.179844 -0.207324 0)
(-0.195761 -0.212044 0)
(-0.215292 -0.216263 0)
(-0.240188 -0.218736 0)
(-0.270656 -0.215878 0)
(-0.304094 -0.205304 0)
(-0.340631 -0.186198 0)
(-0.397143 -0.138762 0)
(-0.48218 -0.0214431 0)
(-0.546235 0.090198 0)
(-0.00406225 -0.248609 0)
(-0.0122143 -0.250007 0)
(-0.0206345 -0.250515 0)
(-0.0295769 -0.251245 0)
(-0.0392689 -0.252122 0)
(-0.0499343 -0.253028 0)
(-0.0617789 -0.253782 0)
(-0.0749922 -0.254151 0)
(-0.0897571 -0.253801 0)
(-0.106051 -0.252275 0)
(-0.123529 -0.249045 0)
(-0.141226 -0.243359 0)
(-0.157351 -0.235058 0)
(-0.172618 -0.227332 0)
(-0.189759 -0.220311 0)
(-0.209462 -0.213323 0)
(-0.233184 -0.205337 0)
(-0.26109 -0.194725 0)
(-0.294164 -0.179702 0)
(-0.335422 -0.160229 0)
(-0.38107 -0.136302 0)
(-0.408867 -0.0895856 0)
(-0.408994 -0.00158863 0)
(-0.00416025 -0.233231 0)
(-0.0126308 -0.234522 0)
(-0.021332 -0.234823 0)
(-0.0304672 -0.235269 0)
(-0.0402125 -0.235698 0)
(-0.05073 -0.236006 0)
(-0.0621712 -0.236041 0)
(-0.0746573 -0.235544 0)
(-0.0882359 -0.234195 0)
(-0.102849 -0.231697 0)
(-0.118237 -0.227634 0)
(-0.133877 -0.221779 0)
(-0.149363 -0.214658 0)
(-0.165142 -0.207511 0)
(-0.18206 -0.199838 0)
(-0.200755 -0.191089 0)
(-0.221576 -0.180217 0)
(-0.244557 -0.165953 0)
(-0.269313 -0.146623 0)
(-0.294952 -0.119805 0)
(-0.320303 -0.080362 0)
(-0.342298 -0.0263263 0)
(-0.352403 0.0283016 0)
(-0.00420071 -0.225751 0)
(-0.0127367 -0.226871 0)
(-0.021482 -0.226875 0)
(-0.0305911 -0.226826 0)
(-0.040202 -0.226646 0)
(-0.0504425 -0.226213 0)
(-0.0614192 -0.225369 0)
(-0.0732036 -0.223926 0)
(-0.0858116 -0.221659 0)
(-0.099176 -0.21832 0)
(-0.113126 -0.213698 0)
(-0.127428 -0.207719 0)
(-0.14198 -0.200562 0)
(-0.156975 -0.192527 0)
(-0.172784 -0.183478 0)
(-0.189711 -0.172949 0)
(-0.207891 -0.16025 0)
(-0.227214 -0.144527 0)
(-0.247266 -0.124811 0)
(-0.267131 -0.100057 0)
(-0.28482 -0.0691447 0)
(-0.296131 -0.0311164 0)
(-0.298761 0.0139247 0)
(-0.00417096 -0.217158 0)
(-0.0126393 -0.218109 0)
(-0.0212837 -0.217851 0)
(-0.0302281 -0.217414 0)
(-0.0395789 -0.216719 0)
(-0.0494339 -0.215667 0)
(-0.0598681 -0.214129 0)
(-0.0709261 -0.211953 0)
(-0.0826106 -0.208966 0)
(-0.0948718 -0.205 0)
(-0.107611 -0.199916 0)
(-0.120722 -0.193654 0)
(-0.134166 -0.186248 0)
(-0.148014 -0.177711 0)
(-0.162397 -0.16788 0)
(-0.17741 -0.156416 0)
(-0.19301 -0.142823 0)
(-0.208953 -0.126493 0)
(-0.224713 -0.106751 0)
(-0.239381 -0.0829118 0)
(-0.251489 -0.0544671 0)
(-0.258887 -0.0216125 0)
(-0.26035 0.0133806 0)
(-0.00408278 -0.208857 0)
(-0.0123624 -0.20966 0)
(-0.0207861 -0.209185 0)
(-0.0294537 -0.208426 0)
(-0.0384472 -0.207317 0)
(-0.0478396 -0.205773 0)
(-0.0576852 -0.203689 0)
(-0.0680132 -0.200945 0)
(-0.078822 -0.197409 0)
(-0.0900774 -0.192955 0)
(-0.10172 -0.187478 0)
(-0.113689 -0.180907 0)
(-0.125952 -0.173197 0)
(-0.138511 -0.164274 0)
(-0.151378 -0.153985 0)
(-0.164521 -0.142075 0)
(-0.177807 -0.128204 0)
(-0.190943 -0.111983 0)
(-0.203432 -0.0930278 0)
(-0.214527 -0.071044 0)
(-0.223173 -0.0459754 0)
(-0.228002 -0.0182528 0)
(-0.228609 0.0109268 0)
(-0.00394529 -0.200759 0)
(-0.011938 -0.201433 0)
(-0.0200463 -0.200783 0)
(-0.0283503 -0.199766 0)
(-0.0369123 -0.198328 0)
(-0.0457873 -0.196397 0)
(-0.0550144 -0.19389 0)
(-0.0646129 -0.19071 0)
(-0.0745796 -0.186754 0)
(-0.0848894 -0.181923 0)
(-0.0955008 -0.176128 0)
(-0.106367 -0.169293 0)
(-0.117446 -0.161347 0)
(-0.128702 -0.152197 0)
(-0.140083 -0.141708 0)
(-0.151493 -0.129696 0)
(-0.162759 -0.115937 0)
(-0.173591 -0.100199 0)
(-0.183559 -0.0822875 0)
(-0.192089 -0.0621151 0)
(-0.198453 -0.0398014 0)
(-0.201777 -0.015802 0)
(-0.201954 0.00900185 0)
(-0.00376798 -0.192981 0)
(-0.0113949 -0.193546 0)
(-0.019113 -0.192755 0)
(-0.026986 -0.191535 0)
(-0.0350609 -0.189838 0)
(-0.0433789 -0.187607 0)
(-0.0519677 -0.184773 0)
(-0.0608395 -0.18126 0)
(-0.0699895 -0.176986 0)
(-0.0793963 -0.171869 0)
(-0.0890249 -0.165833 0)
(-0.0988316 -0.158806 0)
(-0.108766 -0.150713 0)
(-0.118769 -0.141469 0)
(-0.128759 -0.130966 0)
(-0.138615 -0.119077 0)
(-0.148154 -0.105664 0)
(-0.157115 -0.0906027 0)
(-0.165147 -0.0738197 0)
(-0.171819 -0.0553399 0)
(-0.176631 -0.0353441 0)
(-0.179007 -0.0142293 0)
(-0.178964 0.00736829 0)
(-0.00355899 -0.185592 0)
(-0.0107576 -0.186065 0)
(-0.018027 -0.185164 0)
(-0.0254175 -0.183784 0)
(-0.0329639 -0.181886 0)
(-0.0406965 -0.179425 0)
(-0.0486345 -0.176343 0)
(-0.0567846 -0.17258 0)
(-0.0651396 -0.168069 0)
(-0.073679 -0.162745 0)
(-0.0823699 -0.156541 0)
(-0.0911682 -0.149396 0)
(-0.100019 -0.141242 0)
(-0.108851 -0.13201 0)
(-0.117573 -0.121622 0)
(-0.126058 -0.109994 0)
(-0.134135 -0.0970508 0)
(-0.141579 -0.0827393 0)
(-0.148111 -0.0670572 0)
(-0.153412 -0.0500836 0)
(-0.157136 -0.0320099 0)
(-0.158892 -0.0131658 0)
(-0.158741 0.0059786 0)
(-0.0033252 -0.17865 0)
(-0.0100467 -0.179045 0)
(-0.0168223 -0.178059 0)
(-0.0236912 -0.176556 0)
(-0.0306788 -0.174505 0)
(-0.0378065 -0.171868 0)
(-0.0450869 -0.168601 0)
(-0.0525222 -0.164654 0)
(-0.0601032 -0.159974 0)
(-0.0678088 -0.154508 0)
(-0.0756067 -0.148202 0)
(-0.0834527 -0.141004 0)
(-0.0912901 -0.13286 0)
(-0.0990462 -0.123719 0)
(-0.106628 -0.113528 0)
(-0.113915 -0.102239 0)
(-0.120756 -0.0898173 0)
(-0.126964 -0.076257 0)
(-0.13232 -0.0615954 0)
(-0.136588 -0.0459338 0)
(-0.139525 -0.0294528 0)
(-0.140861 -0.0124232 0)
(-0.140663 0.00479941 0)
(-0.00307228 -0.172198 0)
(-0.00927923 -0.172528 0)
(-0.0155268 -0.171477 0)
(-0.021845 -0.169881 0)
(-0.0282518 -0.167715 0)
(-0.034762 -0.164949 0)
(-0.0413827 -0.161546 0)
(-0.0481126 -0.157469 0)
(-0.0549406 -0.152674 0)
(-0.0618454 -0.14712 0)
(-0.068795 -0.140764 0)
(-0.0757464 -0.133566 0)
(-0.082644 -0.125486 0)
(-0.0894178 -0.116489 0)
(-0.0959804 -0.106542 0)
(-0.102224 -0.0956255 0)
(-0.108017 -0.083733 0)
(-0.113209 -0.0708858 0)
(-0.117629 -0.0571422 0)
(-0.121101 -0.0426094 0)
(-0.123453 -0.0274505 0)
(-0.124493 -0.011888 0)
(-0.124284 0.00380198 0)
(-0.00280487 -0.166271 0)
(-0.00846895 -0.166548 0)
(-0.0141628 -0.165448 0)
(-0.0199093 -0.163783 0)
(-0.0257204 -0.161532 0)
(-0.0316055 -0.158672 0)
(-0.0375681 -0.155174 0)
(-0.0436039 -0.151008 0)
(-0.0497005 -0.146142 0)
(-0.0558367 -0.140543 0)
(-0.0619817 -0.134178 0)
(-0.0680947 -0.127019 0)
(-0.0741234 -0.119039 0)
(-0.0800033 -0.110216 0)
(-0.0856557 -0.100537 0)
(-0.0909867 -0.0899975 0)
(-0.0958869 -0.0786127 0)
(-0.100234 -0.0664194 0)
(-0.103895 -0.0534857 0)
(-0.10674 -0.0399164 0)
(-0.108645 -0.0258565 0)
(-0.109472 -0.0114903 0)
(-0.109271 0.00296229 0)
(-0.00252667 -0.160894 0)
(-0.00762694 -0.161126 0)
(-0.0127485 -0.159991 0)
(-0.0179084 -0.158276 0)
(-0.023114 -0.155964 0)
(-0.0283709 -0.153038 0)
(-0.0336794 -0.149476 0)
(-0.0390335 -0.145255 0)
(-0.0444203 -0.14035 0)
(-0.0498191 -0.134738 0)
(-0.055201 -0.128395 0)
(-0.0605282 -0.121302 0)
(-0.0657534 -0.113443 0)
(-0.0708189 -0.104809 0)
(-0.075656 -0.0953993 0)
(-0.080185 -0.0852237 0)
(-0.0843158 -0.0743087 0)
(-0.0879504 -0.0627008 0)
(-0.0909869 -0.0504711 0)
(-0.0933266 -0.037719 0)
(-0.09488 -0.0245722 0)
(-0.0955463 -0.0111863 0)
(-0.0953639 0.00226009 0)
(-0.00224064 -0.156086 0)
(-0.00676195 -0.156282 0)
(-0.011298 -0.155122 0)
(-0.0158612 -0.15337 0)
(-0.0204556 -0.151017 0)
(-0.025084 -0.148047 0)
(-0.0297445 -0.144445 0)
(-0.0344302 -0.140193 0)
(-0.039128 -0.135274 0)
(-0.0438186 -0.129671 0)
(-0.0484756 -0.123369 0)
(-0.0530649 -0.116358 0)
(-0.0575449 -0.10863 0)
(-0.0618653 -0.100186 0)
(-0.0659677 -0.0910354 0)
(-0.0697858 -0.0811968 0)
(-0.0732462 -0.0707047 0)
(-0.0762713 -0.0596103 0)
(-0.0787825 -0.0479846 0)
(-0.0807056 -0.03592 0)
(-0.0819751 -0.0235301 0)
(-0.0825174 -0.0109476 0)
(-0.0823592 0.00167844 0)
(-0.00194908 -0.151861 0)
(-0.00588076 -0.152027 0)
(-0.00982217 -0.150849 0)
(-0.0137824 -0.149074 0)
(-0.017763 -0.146693 0)
(-0.0217646 -0.143695 0)
(-0.0257842 -0.14007 0)
(-0.0298144 -0.135805 0)
(-0.033843 -0.130888 0)
(-0.0378521 -0.125309 0)
(-0.0418185 -0.11906 0)
(-0.0457123 -0.112137 0)
(-0.0494977 -0.104541 0)
(-0.0531322 -0.0962785 0)
(-0.056567 -0.0873661 0)
(-0.059748 -0.0778301 0)
(-0.0626164 -0.0677092 0)
(-0.0651113 -0.0570566 0)
(-0.0671724 -0.0459415 0)
(-0.068744 -0.0344496 0)
(-0.0697779 -0.0226827 0)
(-0.070221 -0.0107561 0)
(-0.0700898 0.00120329 0)
(-0.00165369 -0.148227 0)
(-0.00498846 -0.148371 0)
(-0.00832936 -0.147181 0)
(-0.0116829 -0.14539 0)
(-0.015049 -0.142991 0)
(-0.018427 -0.139978 0)
(-0.0218132 -0.136342 0)
(-0.0252004 -0.132076 0)
(-0.0285775 -0.127172 0)
(-0.031929 -0.121625 0)
(-0.0352347 -0.115433 0)
(-0.0384695 -0.108597 0)
(-0.0416032 -0.101124 0)
(-0.0446009 -0.0930272 0)
(-0.047423 -0.084327 0)
(-0.0500261 -0.0750545 0)
(-0.052364 -0.065251 0)
(-0.0543896 -0.0549704 0)
(-0.0560571 -0.0442792 0)
(-0.057325 -0.0332573 0)
(-0.0581581 -0.0219968 0)
(-0.0585188 -0.0105997 0)
(-0.0584154 0.000823102 0)
(-0.0013558 -0.145187 0)
(-0.00408884 -0.145321 0)
(-0.00682537 -0.144122 0)
(-0.00957054 -0.142321 0)
(-0.0123229 -0.139912 0)
(-0.015081 -0.136891 0)
(-0.017841 -0.133253 0)
(-0.0205965 -0.128992 0)
(-0.0233379 -0.124107 0)
(-0.0260521 -0.118595 0)
(-0.0287226 -0.112458 0)
(-0.0313287 -0.105702 0)
(-0.0338462 -0.0983392 0)
(-0.0362472 -0.0903858 0)
(-0.0385005 -0.0818668 0)
(-0.0405722 -0.0728156 0)
(-0.0424272 -0.0632753 0)
(-0.0440297 -0.0532991 0)
(-0.0453457 -0.0429512 0)
(-0.0463449 -0.0323063 0)
(-0.0470021 -0.0214488 0)
(-0.0472916 -0.0104709 0)
(-0.0472164 0.000528657 0)
(-0.00105177 -0.142749 0)
(-0.00318121 -0.142859 0)
(-0.00531352 -0.141656 0)
(-0.00745026 -0.13985 0)
(-0.00959027 -0.137437 0)
(-0.011732 -0.134414 0)
(-0.0138723 -0.130779 0)
(-0.0160057 -0.126529 0)
(-0.0181245 -0.121664 0)
(-0.0202184 -0.116186 0)
(-0.0222743 -0.1101 0)
(-0.0242764 -0.103415 0)
(-0.026206 -0.0961454 0)
(-0.0280419 -0.0883118 0)
(-0.0297607 -0.0799413 0)
(-0.0313371 -0.071069 0)
(-0.0327452 -0.0617386 0)
(-0.033959 -0.0520026 0)
(-0.0349544 -0.0419229 0)
(-0.03571 -0.03157 0)
(-0.0362087 -0.0210224 0)
(-0.0364342 -0.0103648 0)
(-0.0363866 0.000312999 0)
(-0.000753563 -0.140832 0)
(-0.00226841 -0.140902 0)
(-0.00379261 -0.139696 0)
(-0.00531846 -0.137889 0)
(-0.00684553 -0.135477 0)
(-0.00837246 -0.132459 0)
(-0.0098968 -0.128833 0)
(-0.0114146 -0.124599 0)
(-0.0129204 -0.119758 0)
(-0.0144066 -0.114315 0)
(-0.015864 -0.108276 0)
(-0.0172812 -0.101654 0)
(-0.0186452 -0.0944654 0)
(-0.019941 -0.0867315 0)
(-0.0211522 -0.0784815 0)
(-0.0222614 -0.0697513 0)
(-0.0232507 -0.0605846 0)
(-0.0241026 -0.0510333 0)
(-0.0248009 -0.0411566 0)
(-0.0253317 -0.0310218 0)
(-0.0256846 -0.0207025 0)
(-0.0258501 -0.0102781 0)
(-0.0258299 0.000166709 0)
(-0.00042854 -0.140001 0)
(-0.00130052 -0.14009 0)
(-0.00217988 -0.13888 0)
(-0.00305982 -0.137064 0)
(-0.00394006 -0.134639 0)
(-0.00482043 -0.131605 0)
(-0.00570012 -0.127962 0)
(-0.00657736 -0.123713 0)
(-0.00744943 -0.118859 0)
(-0.00831261 -0.113408 0)
(-0.00916212 -0.107368 0)
(-0.00999211 -0.100753 0)
(-0.0107957 -0.0935819 0)
(-0.011565 -0.0858781 0)
(-0.0122911 -0.0776721 0)
(-0.0129646 -0.0690012 0)
(-0.0135757 -0.0599096 0)
(-0.0141145 -0.0504488 0)
(-0.0145718 -0.0406776 0)
(-0.0149397 -0.0306607 0)
(-0.0152129 -0.0204692 0)
(-0.0153877 -0.0101797 0)
(-0.0154532 0.000121964 0)
(-0.000195788 -0.138934 0)
(-0.000618826 -0.13895 0)
(-0.00106103 -0.137757 0)
(-0.00148974 -0.135956 0)
(-0.00190979 -0.133547 0)
(-0.00232089 -0.130534 0)
(-0.0027213 -0.126917 0)
(-0.00310851 -0.122697 0)
(-0.00347957 -0.117881 0)
(-0.00383111 -0.112472 0)
(-0.0041595 -0.106483 0)
(-0.0044609 -0.0999256 0)
(-0.00473138 -0.0928195 0)
(-0.00496707 -0.0851885 0)
(-0.00516433 -0.0770628 0)
(-0.00531995 -0.0684789 0)
(-0.00543134 -0.0594803 0)
(-0.00549684 -0.0501172 0)
(-0.00551603 -0.040446 0)
(-0.00549038 -0.0305284 0)
(-0.00542476 -0.0204294 0)
(-0.00533095 -0.010214 0)
(-0.00522707 4.03121e-05 0)
(0.97888 0.459765 0)
(1.02304 0.3016 0)
(0.959429 0.171482 0)
(0.901028 0.0336073 0)
(0.904758 0.0570367 0)
(1.03463 -0.0915838 0)
(1.11143 -0.139739 0)
(1.08735 -0.191594 0)
(0.860964 -0.0920973 0)
(0.945123 -0.116647 0)
(0.919341 -0.136618 0)
(1.09243 -0.165049 0)
(0.762902 -0.217216 0)
(0.773773 -0.227628 0)
(0.831238 -0.297036 0)
(1.1048 -0.335309 0)
(0.656461 -0.296612 0)
(0.615516 -0.329599 0)
(0.808035 -0.473126 0)
(0.864129 -0.0460055 0)
(0.533185 -0.349877 0)
(0.540966 -0.434319 0)
(0.695022 -0.501279 0)
(0.540178 0.138984 0)
(0.427029 -0.394217 0)
(0.50453 -0.49105 0)
(0.659424 -0.350051 0)
(0.366031 0.305724 0)
(0.348619 -0.437377 0)
(0.446219 -0.521708 0)
(0.531405 -0.12907 0)
(0.268839 0.414694 0)
(0.294166 -0.466482 0)
(0.398866 -0.533643 0)
(0.43332 0.0437363 0)
(0.224179 0.478985 0)
(0.256278 -0.484122 0)
(0.379327 -0.50593 0)
(0.338989 0.211833 0)
(0.185847 0.531743 0)
(0.229743 -0.495008 0)
(0.361001 -0.427728 0)
(0.196319 0.37245 0)
(0.139758 0.56777 0)
(0.205389 -0.50009 0)
(0.321973 -0.301112 0)
(0.0990792 0.476499 0)
(0.103786 0.587606 0)
(0.175408 -0.499629 0)
(0.254596 -0.105965 0)
(0.0215848 0.545843 0)
(0.0663468 0.603692 0)
(0.143187 -0.494432 0)
(0.173768 0.119254 0)
(-0.0338081 0.595155 0)
(0.0290674 0.612185 0)
(0.112635 -0.476348 0)
(0.087555 0.346516 0)
(-0.0784012 0.637579 0)
(-0.0206046 0.613641 0)
(0.0685913 -0.417709 0)
(-0.0674774 0.58902 0)
(-0.0977714 0.656285 0)
(-0.0904943 0.618368 0)
(0.0282742 -0.161709 0)
(-0.253494 0.652155 0)
(-0.157736 0.658016 0)
(-0.164519 0.612293 0)
(0.0613504 0.429154 0)
(-0.369832 0.661422 0)
(-0.216663 0.644248 0)
(-0.251682 0.592714 0)
(-0.396886 0.696403 0)
(-0.5027 0.681364 0)
(-0.355573 0.619413 0)
(-0.360536 0.548671 0)
(-0.728156 0.500963 0)
(-0.627144 0.496164 0)
(-0.506403 0.442997 0)
(-0.44479 0.438406 0)
(-0.575183 0.243551 0)
(-0.510304 0.272415 0)
(-0.45423 0.278936 0)
(-0.424326 0.312063 0)
(-0.520859 0.149506 0)
(-0.45228 0.175575 0)
(-0.421927 0.195587 0)
(-0.382266 0.220493 0)
(-0.397927 0.083913 0)
(-0.378256 0.114283 0)
(-0.364605 0.142577 0)
(-0.34137 0.163972 0)
(-0.345552 0.064465 0)
(-0.329913 0.0869838 0)
(-0.319139 0.107989 0)
(-0.302828 0.12657 0)
(-0.294843 0.0482866 0)
(-0.287052 0.0675466 0)
(-0.280176 0.0853321 0)
(-0.26889 0.10134 0)
(-0.257401 0.0388138 0)
(-0.251802 0.0544901 0)
(-0.247076 0.0693729 0)
(-0.238975 0.0832305 0)
(-0.226468 0.0321389 0)
(-0.222364 0.0452807 0)
(-0.218905 0.0579233 0)
(-0.212849 0.0699259 0)
(-0.200288 0.02706 0)
(-0.197153 0.0383573 0)
(-0.194529 0.0493139 0)
(-0.189877 0.0598368 0)
(-0.177631 0.0230961 0)
(-0.175169 0.0329886 0)
(-0.173112 0.0426402 0)
(-0.169465 0.0519837 0)
(-0.157652 0.0199258 0)
(-0.155686 0.0287296 0)
(-0.154037 0.0373546 0)
(-0.151134 0.0457516 0)
(-0.139764 0.017352 0)
(-0.138177 0.0252954 0)
(-0.136833 0.0331014 0)
(-0.134496 0.0407327 0)
(-0.123538 0.0152427 0)
(-0.122249 0.0224965 0)
(-0.12114 0.0296412 0)
(-0.119247 0.0366484 0)
(-0.108649 0.0135059 0)
(-0.1076 0.0202007 0)
(-0.10668 0.0268071 0)
(-0.105141 0.0333023 0)
(-0.0948472 0.0120744 0)
(-0.0939958 0.0183137 0)
(-0.0932301 0.0244794 0)
(-0.0919802 0.0305532 0)
(-0.0819327 0.0108985 0)
(-0.081246 0.0167655 0)
(-0.0806101 0.0225703 0)
(-0.0796001 0.0282974 0)
(-0.0697418 0.00994036 0)
(-0.0691946 0.0155044 0)
(-0.0686714 0.0210146 0)
(-0.0678636 0.0264578 0)
(-0.0581377 0.00917148 0)
(-0.0577107 0.0144913 0)
(-0.0572871 0.0197634 0)
(-0.0566529 0.0249766 0)
(-0.0470028 0.00857026 0)
(-0.0466806 0.013697 0)
(-0.0463484 0.0187806 0)
(-0.0458657 0.0238109 0)
(-0.0362334 0.008121 0)
(-0.0360046 0.0131005 0)
(-0.0357581 0.0180397 0)
(-0.0354105 0.0229294 0)
(-0.0257354 0.00781285 0)
(-0.0255915 0.0126876 0)
(-0.0254289 0.0175229 0)
(-0.0252045 0.0223107 0)
(-0.0154141 0.00765141 0)
(-0.0153564 0.0124553 0)
(-0.0152805 0.0172213 0)
(-0.0151726 0.0219409 0)
(-0.00519913 0.00754869 0)
(-0.00517187 0.0123292 0)
(-0.00514568 0.0170646 0)
(-0.00511516 0.0217513 0)
(1.16882 -0.112615 0)
(1.0523 -0.315304 0)
(0.670778 -0.147958 0)
(0.508768 -0.0217611 0)
(0.397111 0.037353 0)
(0.327307 0.0655629 0)
(0.279844 0.078913 0)
(0.243437 0.0846222 0)
(0.213072 0.0861112 0)
(0.186403 0.0852837 0)
(0.162216 0.0832627 0)
(0.139828 0.080724 0)
(0.118812 0.0780767 0)
(0.0988761 0.0755688 0)
(0.0797952 0.0733496 0)
(0.061383 0.0715079 0)
(0.043475 0.0700956 0)
(0.0259268 0.0691438 0)
(0.00858376 0.0684071 0)
(1.46 -0.339196 0)
(1.00116 -0.0727601 0)
(0.662626 0.139331 0)
(0.516739 0.13398 0)
(0.406992 0.122311 0)
(0.3344 0.119122 0)
(0.28332 0.117666 0)
(0.24403 0.115474 0)
(0.211798 0.112298 0)
(0.184077 0.108461 0)
(0.15941 0.104347 0)
(0.136917 0.100268 0)
(0.116038 0.0964432 0)
(0.0963886 0.0930179 0)
(0.0776854 0.0900841 0)
(0.0597054 0.0876971 0)
(0.0422609 0.085889 0)
(0.0251933 0.0846791 0)
(0.00833925 0.0837572 0)
(1.21397 -0.166626 0)
(0.556006 0.308813 0)
(0.501335 0.304061 0)
(0.448529 0.232476 0)
(0.380884 0.191439 0)
(0.323117 0.169969 0)
(0.276572 0.1568 0)
(0.238583 0.147128 0)
(0.206725 0.139061 0)
(0.179209 0.131903 0)
(0.154804 0.12544 0)
(0.132676 0.119637 0)
(0.112253 0.114512 0)
(0.093123 0.110091 0)
(0.0749815 0.106395 0)
(0.0575878 0.103434 0)
(0.040743 0.101215 0)
(0.0242813 0.0997394 0)
(0.00803608 0.09863 0)
(0.819738 0.100089 0)
(0.491919 0.364571 0)
(0.44516 0.345346 0)
(0.399698 0.285497 0)
(0.349749 0.242354 0)
(0.303231 0.213303 0)
(0.262737 0.192813 0)
(0.228011 0.177385 0)
(0.198034 0.165048 0)
(0.171759 0.154757 0)
(0.148315 0.145977 0)
(0.127032 0.138435 0)
(0.107403 0.131987 0)
(0.0890459 0.126555 0)
(0.0716639 0.122087 0)
(0.0550198 0.11855 0)
(0.0389163 0.115919 0)
(0.0231889 0.114178 0)
(0.00767382 0.112885 0)
(0.49022 0.354751 0)
(0.421902 0.428898 0)
(0.391645 0.383503 0)
(0.353888 0.325534 0)
(0.315901 0.282203 0)
(0.278476 0.249506 0)
(0.244158 0.224572 0)
(0.213501 0.20506 0)
(0.186271 0.18934 0)
(0.161964 0.176369 0)
(0.140042 0.1655 0)
(0.120023 0.156337 0)
(0.101507 0.148634 0)
(0.0841674 0.14223 0)
(0.0677405 0.137018 0)
(0.0520083 0.132924 0)
(0.0367862 0.129896 0)
(0.0219195 0.127901 0)
(0.0072535 0.12643 0)
(0.36478 0.454516 0)
(0.362042 0.462164 0)
(0.338709 0.407706 0)
(0.311037 0.355734 0)
(0.281323 0.313455 0)
(0.251222 0.279297 0)
(0.222593 0.251833 0)
(0.196172 0.229592 0)
(0.172096 0.211364 0)
(0.150201 0.196252 0)
(0.130199 0.183624 0)
(0.111777 0.173046 0)
(0.0946424 0.164218 0)
(0.0785389 0.15693 0)
(0.0632466 0.151035 0)
(0.0485777 0.146428 0)
(0.0343693 0.143032 0)
(0.0204829 0.140799 0)
(0.00677849 0.139164 0)
(0.303626 0.499809 0)
(0.309496 0.480967 0)
(0.291295 0.426523 0)
(0.270373 0.379043 0)
(0.246952 0.33812 0)
(0.222817 0.303595 0)
(0.199243 0.27479 0)
(0.17692 0.250816 0)
(0.156127 0.230822 0)
(0.13688 0.214093 0)
(0.119055 0.200067 0)
(0.102471 0.188321 0)
(0.0869296 0.17854 0)
(0.0722432 0.17049 0)
(0.0582405 0.163999 0)
(0.0447689 0.158939 0)
(0.0316926 0.155219 0)
(0.0188946 0.152776 0)
(0.00625366 0.150991 0)
(0.259279 0.523514 0)
(0.26139 0.492654 0)
(0.247851 0.441779 0)
(0.23156 0.397167 0)
(0.21318 0.357591 0)
(0.193993 0.323215 0)
(0.174886 0.293779 0)
(0.156421 0.268769 0)
(0.13889 0.247599 0)
(0.122388 0.229715 0)
(0.106891 0.214641 0)
(0.0923063 0.201987 0)
(0.0785137 0.191445 0)
(0.0653855 0.182775 0)
(0.0527978 0.175792 0)
(0.0406353 0.170355 0)
(0.0287919 0.166362 0)
(0.0171749 0.163743 0)
(0.00568584 0.161828 0)
(0.223143 0.537039 0)
(0.218916 0.5013 0)
(0.207419 0.453838 0)
(0.194445 0.411294 0)
(0.18012 0.372834 0)
(0.165134 0.338797 0)
(0.150018 0.309141 0)
(0.135163 0.283572 0)
(0.12081 0.26168 0)
(0.107073 0.243034 0)
(0.0939766 0.227231 0)
(0.0814902 0.213923 0)
(0.0695513 0.202818 0)
(0.0580832 0.193679 0)
(0.0470056 0.186318 0)
(0.0362393 0.180589 0)
(0.025709 0.176384 0)
(0.0153483 0.173626 0)
(0.00508278 0.171603 0)
(0.185538 0.550698 0)
(0.177918 0.509159 0)
(0.168481 0.463622 0)
(0.158413 0.422187 0)
(0.147642 0.38448 0)
(0.136407 0.3508 0)
(0.124951 0.32116 0)
(0.113502 0.295365 0)
(0.102228 0.273102 0)
(0.0912315 0.254022 0)
(0.080561 0.237778 0)
(0.0702238 0.224055 0)
(0.0602014 0.212581 0)
(0.0504597 0.203127 0)
(0.0409571 0.195508 0)
(0.031649 0.189577 0)
(0.0224904 0.185223 0)
(0.0134415 0.182367 0)
(0.00445346 0.180261 0)
(0.143263 0.561179 0)
(0.136401 0.515336 0)
(0.129892 0.471027 0)
(0.12291 0.430085 0)
(0.115572 0.392847 0)
(0.107878 0.359504 0)
(0.0998886 0.330037 0)
(0.0917019 0.304266 0)
(0.0834194 0.28192 0)
(0.0751232 0.262689 0)
(0.0668711 0.246261 0)
(0.058698 0.232346 0)
(0.0506198 0.22069 0)
(0.0426389 0.211073 0)
(0.0347482 0.203315 0)
(0.0269353 0.197274 0)
(0.0191848 0.192837 0)
(0.0114831 0.189926 0)
(0.00380702 0.187761 0)
(0.101903 0.567193 0)
(0.0955259 0.520004 0)
(0.0915212 0.475743 0)
(0.0877155 0.434967 0)
(0.0838168 0.398037 0)
(0.0796081 0.365047 0)
(0.0749966 0.335895 0)
(0.0699851 0.310367 0)
(0.0646236 0.28819 0)
(0.0589781 0.269062 0)
(0.0531152 0.252686 0)
(0.0470928 0.238789 0)
(0.0409572 0.227128 0)
(0.0347428 0.217496 0)
(0.0284745 0.209719 0)
(0.0221699 0.203657 0)
(0.0158416 0.199204 0)
(0.00950198 0.19628 0)
(0.00315317 0.194082 0)
(0.0575647 0.571096 0)
(0.0539661 0.522477 0)
(0.0529991 0.477609 0)
(0.0526396 0.43672 0)
(0.0523424 0.40002 0)
(0.0516812 0.367461 0)
(0.0504382 0.338792 0)
(0.0485572 0.313731 0)
(0.0460603 0.291966 0)
(0.0430101 0.273183 0)
(0.0394881 0.257083 0)
(0.0355786 0.243401 0)
(0.0313577 0.231906 0)
(0.0268898 0.2224 0)
(0.0222295 0.214717 0)
(0.0174231 0.208725 0)
(0.0125099 0.204319 0)
(0.00752705 0.201425 0)
(0.00250118 0.199218 0)
(0.0088386 0.572828 0)
(0.0114033 0.522319 0)
(0.0139782 0.476265 0)
(0.0175526 0.435069 0)
(0.0211859 0.398636 0)
(0.0242388 0.366714 0)
(0.026405 0.33875 0)
(0.0276344 0.314403 0)
(0.0279489 0.293303 0)
(0.0274261 0.275105 0)
(0.0261762 0.2595 0)
(0.0243178 0.246223 0)
(0.0219589 0.235055 0)
(0.0191931 0.22581 0)
(0.0161034 0.218332 0)
(0.012763 0.212493 0)
(0.0092368 0.208197 0)
(0.0055859 0.205372 0)
(0.00186031 0.203182 0)
(-0.039917 0.57328 0)
(-0.0331957 0.518911 0)
(-0.0258961 0.471108 0)
(-0.0175551 0.429621 0)
(-0.00946656 0.393721 0)
(-0.00247316 0.362648 0)
(0.00313 0.335725 0)
(0.00745363 0.312408 0)
(0.0105168 0.292262 0)
(0.0124345 0.274907 0)
(0.0133615 0.26001 0)
(0.0134661 0.247315 0)
(0.0128923 0.236629 0)
(0.0117607 0.227773 0)
(0.010182 0.220601 0)
(0.00825423 0.214998 0)
(0.00606718 0.210868 0)
(0.0037063 0.20815 0)
(0.00124043 0.205989 0)
(-0.0918661 0.569878 0)
(-0.0809534 0.510287 0)
(-0.0667183 0.460925 0)
(-0.0524027 0.419711 0)
(-0.0393649 0.384935 0)
(-0.0282061 0.355221 0)
(-0.0190292 0.329778 0)
(-0.0116729 0.307858 0)
(-0.00596966 0.28895 0)
(-0.00174692 0.272655 0)
(0.00121757 0.258668 0)
(0.00316769 0.246748 0)
(0.00428084 0.236699 0)
(0.00469349 0.228354 0)
(0.00454596 0.221585 0)
(0.00395767 0.216294 0)
(0.00304154 0.212383 0)
(0.00190294 0.209808 0)
(0.000640802 0.207739 0)
(-0.154921 0.556435 0)
(-0.131634 0.493518 0)
(-0.107735 0.444167 0)
(-0.0862378 0.404593 0)
(-0.0677663 0.371934 0)
(-0.052344 0.344433 0)
(-0.039699 0.321005 0)
(-0.0294713 0.300877 0)
(-0.0213262 0.283506 0)
(-0.0149587 0.268515 0)
(-0.0100741 0.255639 0)
(-0.00640747 0.244656 0)
(-0.00374778 0.23537 0)
(-0.00191162 0.22764 0)
(-0.000727763 0.221357 0)
(-7.04863e-05 0.216432 0)
(0.000199119 0.212798 0)
(0.000201521 0.210404 0)
(7.52598e-05 0.208025 0)
(-0.221996 0.529545 0)
(-0.182421 0.465264 0)
(-0.147034 0.419736 0)
(-0.117679 0.383878 0)
(-0.0937473 0.354725 0)
(-0.0742536 0.330308 0)
(-0.0584171 0.309507 0)
(-0.0455871 0.2916 0)
(-0.0352417 0.276102 0)
(-0.0269547 0.262685 0)
(-0.0203646 0.25111 0)
(-0.0151674 0.24119 0)
(-0.0111122 0.232772 0)
(-0.00798395 0.225744 0)
(-0.00559453 0.220015 0)
(-0.00378593 0.215509 0)
(-0.00240976 0.212191 0)
(-0.00131432 0.210011 0)
(-0.000472379 0.208191 0)
(-0.286525 0.475864 0)
(-0.231037 0.424667 0)
(-0.181197 0.387241 0)
(-0.144978 0.357773 0)
(-0.116188 0.333638 0)
(-0.0932272 0.313214 0)
(-0.0747024 0.295629 0)
(-0.0596826 0.280341 0)
(-0.0474795 0.266993 0)
(-0.0375649 0.255344 0)
(-0.0295182 0.245219 0)
(-0.0229972 0.236484 0)
(-0.0177209 0.229033 0)
(-0.013452 0.222785 0)
(-0.00998681 0.217671 0)
(-0.00714828 0.213641 0)
(-0.00477422 0.210657 0)
(-0.00270205 0.208688 0)
(-0.000842985 0.207366 0)
(-0.341274 0.398867 0)
(-0.265233 0.373148 0)
(-0.2072 0.348021 0)
(-0.166116 0.327354 0)
(-0.134024 0.30948 0)
(-0.108618 0.293777 0)
(-0.0881433 0.279861 0)
(-0.0714853 0.267485 0)
(-0.0578508 0.256487 0)
(-0.0466498 0.24675 0)
(-0.0374244 0.238185 0)
(-0.0298091 0.230725 0)
(-0.0235053 0.224311 0)
(-0.0182625 0.218896 0)
(-0.0138668 0.214442 0)
(-0.0101317 0.210916 0)
(-0.00689013 0.208292 0)
(-0.00399276 0.206544 0)
(-0.00128243 0.20477 0)
(-0.350881 0.315518 0)
(-0.280089 0.314884 0)
(-0.222219 0.305233 0)
(-0.179827 0.29449 0)
(-0.146534 0.283488 0)
(-0.120005 0.272852 0)
(-0.0984761 0.262816 0)
(-0.0808205 0.253495 0)
(-0.066234 0.244945 0)
(-0.0541191 0.237192 0)
(-0.0440134 0.230247 0)
(-0.0355481 0.224108 0)
(-0.0284213 0.218769 0)
(-0.0223796 0.214221 0)
(-0.0172062 0.210453 0)
(-0.0127117 0.207453 0)
(-0.00872789 0.205211 0)
(-0.00510915 0.203716 0)
(-0.00168107 0.202017 0)
(-0.335351 0.243124 0)
(-0.27485 0.259655 0)
(-0.225375 0.263269 0)
(-0.185747 0.261592 0)
(-0.153568 0.257134 0)
(-0.127302 0.251408 0)
(-0.105643 0.245174 0)
(-0.0876455 0.238868 0)
(-0.0725949 0.232747 0)
(-0.0599439 0.226973 0)
(-0.0492597 0.221647 0)
(-0.0401916 0.216836 0)
(-0.032449 0.21258 0)
(-0.025786 0.208907 0)
(-0.0199898 0.205834 0)
(-0.0148733 0.203369 0)
(-0.0102681 0.201518 0)
(-0.0060213 0.200284 0)
(-0.00197883 0.198871 0)
(-0.308879 0.192055 0)
(-0.261555 0.214319 0)
(-0.220338 0.225896 0)
(-0.185316 0.230854 0)
(-0.155714 0.231787 0)
(-0.130806 0.230361 0)
(-0.109809 0.227584 0)
(-0.0920558 0.224085 0)
(-0.0769906 0.220264 0)
(-0.0641581 0.216385 0)
(-0.0531825 0.212626 0)
(-0.0437497 0.209107 0)
(-0.0355929 0.205914 0)
(-0.0284825 0.203103 0)
(-0.0222167 0.200717 0)
(-0.0166159 0.198782 0)
(-0.0115164 0.197318 0)
(-0.00676746 0.196335 0)
(-0.00222444 0.195064 0)
(-0.279734 0.153634 0)
(-0.243893 0.178448 0)
(-0.210365 0.194177 0)
(-0.180368 0.203459 0)
(-0.153985 0.20838 0)
(-0.131086 0.210419 0)
(-0.11131 0.210585 0)
(-0.0942611 0.209565 0)
(-0.0795565 0.207828 0)
(-0.0668512 0.2057 0)
(-0.0558419 0.203408 0)
(-0.0462626 0.201114 0)
(-0.03788 0.198934 0)
(-0.0304872 0.196953 0)
(-0.0238992 0.19523 0)
(-0.0179481 0.193809 0)
(-0.0124791 0.192721 0)
(-0.00734903 0.191983 0)
(-0.00241815 0.190846 0)
(-0.251959 0.125538 0)
(-0.224706 0.150301 0)
(-0.197686 0.167831 0)
(-0.172433 0.179688 0)
(-0.149396 0.187358 0)
(-0.128796 0.192019 0)
(-0.110572 0.19456 0)
(-0.0945433 0.195633 0)
(-0.0804831 0.195714 0)
(-0.0681547 0.195149 0)
(-0.0573298 0.194191 0)
(-0.0477956 0.193026 0)
(-0.0393564 0.191792 0)
(-0.0318329 0.19059 0)
(-0.0250602 0.189496 0)
(-0.0188855 0.188565 0)
(-0.0131657 0.187835 0)
(-0.00776739 0.187333 0)
(-0.00255799 0.18633 0)
(-0.226404 0.104649 0)
(-0.205513 0.128222 0)
(-0.183766 0.146175 0)
(-0.16268 0.159382 0)
(-0.142814 0.168821 0)
(-0.124559 0.175368 0)
(-0.108033 0.179743 0)
(-0.0932117 0.182516 0)
(-0.0799905 0.18413 0)
(-0.0682264 0.184921 0)
(-0.0577605 0.185145 0)
(-0.0484317 0.184997 0)
(-0.040083 0.184624 0)
(-0.0325639 0.18414 0)
(-0.0257316 0.183629 0)
(-0.0194503 0.183155 0)
(-0.0135907 0.182762 0)
(-0.00803056 0.182481 0)
(-0.0026466 0.181606 0)
(-0.203283 0.0888266 0)
(-0.187045 0.110785 0)
(-0.169487 0.12842 0)
(-0.15193 0.142178 0)
(-0.134922 0.152667 0)
(-0.118907 0.160503 0)
(-0.104098 0.166242 0)
(-0.0905692 0.170353 0)
(-0.0783046 0.173223 0)
(-0.0672346 0.175158 0)
(-0.0572598 0.176404 0)
(-0.0482653 0.177151 0)
(-0.0401302 0.177549 0)
(-0.0327325 0.177713 0)
(-0.0259517 0.177734 0)
(-0.0196699 0.177678 0)
(-0.0137723 0.177596 0)
(-0.00814898 0.17752 0)
(-0.00268733 0.176765 0)
(-0.18243 0.076619 0)
(-0.169619 0.0968935 0)
(-0.155358 0.113843 0)
(-0.140733 0.127658 0)
(-0.126227 0.138692 0)
(-0.112271 0.147362 0)
(-0.0991166 0.154078 0)
(-0.0868922 0.15921 0)
(-0.0756406 0.163082 0)
(-0.0653463 0.165962 0)
(-0.0559564 0.168073 0)
(-0.0473951 0.169592 0)
(-0.0395736 0.170664 0)
(-0.0323961 0.171404 0)
(-0.0257632 0.171901 0)
(-0.0195749 0.172223 0)
(-0.0137311 0.172422 0)
(-0.0081346 0.172533 0)
(-0.00268415 0.17189 0)
(-0.163556 0.0670232 0)
(-0.153309 0.085716 0)
(-0.141649 0.101832 0)
(-0.12944 0.115416 0)
(-0.117089 0.126658 0)
(-0.104983 0.135826 0)
(-0.0933754 0.143212 0)
(-0.0824198 0.149102 0)
(-0.0721937 0.153755 0)
(-0.0627179 0.157398 0)
(-0.0539747 0.160226 0)
(-0.0459193 0.1624 0)
(-0.03849 0.164053 0)
(-0.0316137 0.165295 0)
(-0.0252108 0.166211 0)
(-0.0191979 0.166868 0)
(-0.0134892 0.167319 0)
(-0.00800021 0.167597 0)
(-0.00264116 0.167056 0)
(-0.146369 0.0593611 0)
(-0.138079 0.0766369 0)
(-0.128484 0.0918922 0)
(-0.118266 0.105091 0)
(-0.107757 0.116322 0)
(-0.0972905 0.125749 0)
(-0.0871023 0.133574 0)
(-0.0773517 0.140008 0)
(-0.0681331 0.145255 0)
(-0.0594905 0.149503 0)
(-0.0514302 0.152915 0)
(-0.0439313 0.155634 0)
(-0.0369537 0.15778 0)
(-0.0304438 0.159453 0)
(-0.0243393 0.160732 0)
(-0.0185718 0.161684 0)
(-0.0130691 0.162356 0)
(-0.00775897 0.162781 0)
(-0.00256278 0.162333 0)
(-0.130608 0.053166 0)
(-0.12384 0.0692026 0)
(-0.115903 0.0836311 0)
(-0.107333 0.0963766 0)
(-0.0983956 0.107463 0)
(-0.0893721 0.116985 0)
(-0.0804726 0.125075 0)
(-0.0718494 0.131887 0)
(-0.063602 0.137576 0)
(-0.055787 0.142292 0)
(-0.0484265 0.146172 0)
(-0.0415169 0.149338 0)
(-0.0350346 0.151895 0)
(-0.0289423 0.153932 0)
(-0.023192 0.155524 0)
(-0.017729 0.156728 0)
(-0.0124933 0.157592 0)
(-0.00742376 0.158147 0)
(-0.00245339 0.157782 0)
(-0.116048 0.0481107 0)
(-0.110486 0.0630776 0)
(-0.103897 0.076744 0)
(-0.0967006 0.0890181 0)
(-0.089109 0.0998859 0)
(-0.0813542 0.109393 0)
(-0.0736185 0.117623 0)
(-0.0660405 0.124685 0)
(-0.0587179 0.130693 0)
(-0.0517119 0.135766 0)
(-0.0450543 0.140015 0)
(-0.0387529 0.143542 0)
(-0.0327967 0.146437 0)
(-0.0271609 0.148778 0)
(-0.0218098 0.150632 0)
(-0.0167001 0.152051 0)
(-0.011783 0.15308 0)
(-0.00700716 0.153746 0)
(-0.00231725 0.153453 0)
(-0.102495 0.0439606 0)
(-0.0979091 0.0580118 0)
(-0.092432 0.0709936 0)
(-0.0863924 0.082809 0)
(-0.0799594 0.0934219 0)
(-0.0733224 0.102846 0)
(-0.0666363 0.111129 0)
(-0.0600236 0.118345 0)
(-0.0535752 0.124577 0)
(-0.0473523 0.129915 0)
(-0.041391 0.134449 0)
(-0.0357066 0.138263 0)
(-0.0302969 0.141431 0)
(-0.0251466 0.144023 0)
(-0.0202301 0.146095 0)
(-0.0155137 0.147696 0)
(-0.0109584 0.148863 0)
(-0.00652095 0.149623 0)
(-0.00215823 0.149394 0)
(-0.0897896 0.040545 0)
(-0.0860075 0.0538176 0)
(-0.0814607 0.0661954 0)
(-0.0764065 0.0775827 0)
(-0.0709792 0.0879306 0)
(-0.0653321 0.0972317 0)
(-0.0595948 0.10551 0)
(-0.0538732 0.11281 0)
(-0.0482485 0.119192 0)
(-0.042779 0.124724 0)
(-0.0375017 0.129474 0)
(-0.0324357 0.133512 0)
(-0.0275849 0.136899 0)
(-0.0229413 0.139693 0)
(-0.0184867 0.141945 0)
(-0.0141957 0.143695 0)
(-0.0100377 0.144978 0)
(-0.00597634 0.145816 0)
(-0.0019797 0.145642 0)
(-0.0777925 0.0377376 0)
(-0.0746854 0.050353 0)
(-0.0709297 0.0622063 0)
(-0.0667259 0.0732055 0)
(-0.0621806 0.0832956 0)
(-0.0574168 0.0924552 0)
(-0.0525413 0.10069 0)
(-0.0476438 0.108026 0)
(-0.0427954 0.114503 0)
(-0.0380488 0.120171 0)
(-0.0334397 0.125083 0)
(-0.0289889 0.129293 0)
(-0.0247038 0.132852 0)
(-0.0205814 0.135809 0)
(-0.0166096 0.138205 0)
(-0.0127695 0.140077 0)
(-0.00903749 0.141455 0)
(-0.00538324 0.142358 0)
(-0.0017848 0.142231 0)
(-0.0663852 0.0354441 0)
(-0.0638558 0.0475102 0)
(-0.0607841 0.058915 0)
(-0.0573247 0.0695714 0)
(-0.053562 0.0794215 0)
(-0.0495937 0.0884354 0)
(-0.0455065 0.0966059 0)
(-0.0413748 0.103945 0)
(-0.0372593 0.110478 0)
(-0.0332063 0.116238 0)
(-0.0292486 0.121268 0)
(-0.0254066 0.125607 0)
(-0.0216898 0.129299 0)
(-0.0180984 0.132383 0)
(-0.0146248 0.134894 0)
(-0.0112554 0.136864 0)
(-0.00797233 0.138318 0)
(-0.00475073 0.139275 0)
(-0.00157623 0.139187 0)
(-0.0554641 0.0335937 0)
(-0.0534391 0.0452069 0)
(-0.0509691 0.0562352 0)
(-0.0481715 0.0665963 0)
(-0.0451126 0.0762316 0)
(-0.0418685 0.0851055 0)
(-0.0385084 0.0932025 0)
(-0.035093 0.100524 0)
(-0.0316724 0.107083 0)
(-0.0282862 0.112904 0)
(-0.0249631 0.118016 0)
(-0.0217222 0.122452 0)
(-0.0185735 0.126244 0)
(-0.0155192 0.129426 0)
(-0.012555 0.132027 0)
(-0.00967135 0.134074 0)
(-0.00685517 0.135589 0)
(-0.00408658 0.136587 0)
(-0.00135654 0.136531 0)
(-0.0449374 0.0321334 0)
(-0.043362 0.0433813 0)
(-0.0414314 0.0541009 0)
(-0.0392321 0.0642146 0)
(-0.0368151 0.0736643 0)
(-0.0342385 0.0824112 0)
(-0.0315561 0.0904341 0)
(-0.0288157 0.0977264 0)
(-0.0260577 0.104294 0)
(-0.0233146 0.110151 0)
(-0.0206107 0.115319 0)
(-0.0179626 0.119823 0)
(-0.0153801 0.123689 0)
(-0.0128663 0.126944 0)
(-0.0104194 0.129613 0)
(-0.00803278 0.131719 0)
(-0.00569722 0.133281 0)
(-0.00339768 0.134312 0)
(-0.00112807 0.134282 0)
(-0.0347226 0.0310246 0)
(-0.033557 0.041987 0)
(-0.0321196 0.0524619 0)
(-0.0304708 0.0623757 0)
(-0.0286486 0.0716715 0)
(-0.0266955 0.0803088 0)
(-0.0246515 0.0882626 0)
(-0.022553 0.0955214 0)
(-0.0204311 0.102084 0)
(-0.0183111 0.10796 0)
(-0.0162127 0.113164 0)
(-0.0141497 0.117714 0)
(-0.0121305 0.121631 0)
(-0.010159 0.124939 0)
(-0.00823445 0.127658 0)
(-0.00635301 0.129808 0)
(-0.00450836 0.131404 0)
(-0.00268979 0.132459 0)
(-0.000892973 0.132449 0)
(-0.0247444 0.0302398 0)
(-0.0239613 0.0409907 0)
(-0.022984 0.0512816 0)
(-0.0218515 0.0610426 0)
(-0.0205894 0.0702179 0)
(-0.0192269 0.0787668 0)
(-0.0177918 0.0866619 0)
(-0.0163097 0.0938881 0)
(-0.0148028 0.100441 0)
(-0.01329 0.106324 0)
(-0.0117857 0.111548 0)
(-0.0103008 0.116128 0)
(-0.00884209 0.120081 0)
(-0.00741308 0.123424 0)
(-0.00601425 0.126178 0)
(-0.00464351 0.128358 0)
(-0.00329704 0.129979 0)
(-0.00196802 0.131051 0)
(-0.00065295 0.131056 0)
(-0.0149352 0.0297576 0)
(-0.0145198 0.0403605 0)
(-0.0139835 0.0505177 0)
(-0.0133464 0.0601624 0)
(-0.0126232 0.0692408 0)
(-0.0118305 0.0777126 0)
(-0.0109848 0.0855496 0)
(-0.0101018 0.0927353 0)
(-0.00919555 0.099263 0)
(-0.00827793 0.105134 0)
(-0.00735874 0.110356 0)
(-0.00644539 0.114941 0)
(-0.00554302 0.118904 0)
(-0.00465463 0.122261 0)
(-0.00378133 0.125028 0)
(-0.00292264 0.127221 0)
(-0.00207672 0.128853 0)
(-0.00124064 0.129933 0)
(-0.000411283 0.129946 0)
(-0.00504867 0.0295074 0)
(-0.00492963 0.0400271 0)
(-0.00476908 0.0501097 0)
(-0.00457205 0.0596912 0)
(-0.00434282 0.0687191 0)
(-0.00408662 0.0771534 0)
(-0.00380892 0.0849654 0)
(-0.00351508 0.0921374 0)
(-0.00321004 0.0986613 0)
(-0.00289815 0.104536 0)
(-0.00258308 0.109769 0)
(-0.0022677 0.114368 0)
(-0.00195412 0.118347 0)
(-0.00164373 0.121722 0)
(-0.00133723 0.124506 0)
(-0.00103473 0.126714 0)
(-0.000735928 0.128358 0)
(-0.000440147 0.129446 0)
(-0.000145889 0.129466 0)
)
;

boundaryField
{
    leftWall
    {
        type            calculated;
        value           uniform (0 0 0);
    }
    rightWall
    {
        type            calculated;
        value           uniform (0 0 0);
    }
    lowerWall
    {
        type            calculated;
        value           uniform (0 0 0);
    }
    atmosphere
    {
        type            calculated;
        value           nonuniform List<vector> 
46
(
(-0.000195788 -0.138923 0)
(-0.000618826 -0.138935 0)
(-0.00106103 -0.137743 0)
(-0.00148974 -0.135942 0)
(-0.00190979 -0.133534 0)
(-0.00232089 -0.130521 0)
(-0.0027213 -0.126904 0)
(-0.00310851 -0.122685 0)
(-0.00347957 -0.117869 0)
(-0.00383111 -0.112461 0)
(-0.0041595 -0.106473 0)
(-0.0044609 -0.0999167 0)
(-0.00473138 -0.0928119 0)
(-0.00496707 -0.0851823 0)
(-0.00516433 -0.077058 0)
(-0.00531995 -0.0684757 0)
(-0.00543134 -0.0594788 0)
(-0.00549684 -0.0501172 0)
(-0.00551603 -0.0404474 0)
(-0.00549038 -0.0305309 0)
(-0.00542476 -0.0204326 0)
(-0.00533095 -0.0102169 0)
(-0.00522707 3.85959e-05 0)
(-0.00519913 0.00755199 0)
(-0.00517187 0.012334 0)
(-0.00514568 0.0170699 0)
(-0.00511516 0.0217567 0)
(-0.00504867 0.0295123 0)
(-0.00492963 0.0400307 0)
(-0.00476908 0.0501118 0)
(-0.00457205 0.0596916 0)
(-0.00434282 0.0687178 0)
(-0.00408662 0.0771504 0)
(-0.00380892 0.0849608 0)
(-0.00351508 0.0921314 0)
(-0.00321004 0.0986538 0)
(-0.00289815 0.104528 0)
(-0.00258308 0.109759 0)
(-0.0022677 0.114357 0)
(-0.00195412 0.118336 0)
(-0.00164373 0.12171 0)
(-0.00133723 0.124493 0)
(-0.00103473 0.126701 0)
(-0.000735928 0.128345 0)
(-0.000440147 0.129432 0)
(-0.000145889 0.129452 0)
)
;
    }
    defaultFaces
    {
        type            empty;
    }
}


// ************************************************************************* //
