/*--------------------------------*- C++ -*----------------------------------*\
| =========                 |                                                 |
| \\      /  F ield         | OpenFOAM: The Open Source CFD Toolbox           |
|  \\    /   O peration     | Version:  2.4.0                                 |
|   \\  /    A nd           | Web:      www.OpenFOAM.org                      |
|    \\/     M anipulation  |                                                 |
\*---------------------------------------------------------------------------*/
FoamFile
{
    version     2.0;
    format      ascii;
    class       volScalarField;
    location    "0.5";
    object      alphas;
}
// * * * * * * * * * * * * * * * * * * * * * * * * * * * * * * * * * * * * * //

dimensions      [0 0 0 0 0 0 0];

internalField   nonuniform List<scalar> 
575
(
3
3
3
3
3
3
3
3
3
3
3
3
3
3
3
3
3
3
3
3
3
3
3
3
3
3
3
3
3
3
3
3
3
3
3
3
2.99999
3
3
2.99999
3
3
2.99999
2.99999
2.99999
2.99999
2.99999
2.99999
3
3
2.99999
2.99999
3
3
3
2.99999
3
3
3
2.99999
3
3
3
2.99999
3
3
3
3
3
3
3
3
3
3
3
3
3
3
3
3
3
3
3
3
3
3
3
3
3
3
3
3
3
3
3
3
3
3
3
3
3
3
3
2.99999
3
3
3
3
3
3
3.00001
3
3
3
3
3
2.9994
1.91345
1.08977
3
3
2.99999
2.99999
3
3
3
3
3
3
3
3
3
3
3
3
3
1.987
1.06707
3
3
3
2.99999
2.99999
3
3
3
3
3
3
3
3
3
3
3
3
2.58105
1.14022
3
3
3
3
3
3
3
3
3
3
3
3
3
3
3
3
3
2.92199
1.32142
3
3
3
3
3
3
3
3
3
3
3
3
3
3
3
3
3
2.9888
1.44264
3
3
3
3
3
3
3
3
3
3
3
3
3
3
3
3
3
2.99832
1.45622
3
3
3
3
3
3
3
3
3
3
3
3
3
3
3
3
3
2.99971
1.5338
3
3
3
3
3
3
3
3
3
3
3
3
3
3
3
3
3
2.99994
1.67619
3
3
3
3
3
3
3
3
3
3
3
3
3
3
3
3
3
2.99997
1.71557
2.99999
2.99999
2.99999
2.99999
2.99999
3
3
3
3
3
3
3
3
3
3
3
3
2.99997
1.76065
2.99999
2.99999
2.99999
2.99999
2.99999
2.99999
3
3
3
3
3
3
3
3
3
2.99999
3
2.99992
1.86831
2.99999
2.99999
2.99999
2.99999
2.99999
2.99999
3
3
3
3
3
3
3
3
3
2.99997
2.99998
2.99925
2.29862
2.99999
2.99999
2.99999
2.99999
2.99999
2.99999
3
3
3
3
3
3
3
3
3
2.99991
2.99997
2.99698
2.8202
2.99999
2.99999
2.99999
2.99999
2.99999
2.99999
3
3
3
3
3
3
3
3
2.99999
2.99969
2.99997
2.9983
2.98684
2.99999
2.99999
2.99999
2.99999
2.99999
2.99999
3
3
3
3
3
3
3
3
2.99999
2.99954
2.99933
2.99904
2.99902
2.99999
2.99999
2.99999
2.99999
2.99999
3
3
3
3
3
3
3
3
3
3
2.99962
2.99632
2.99537
2.99187
2.99999
2.99999
2.99999
2.99999
2.99999
3
3
3
3
3
3
3
3
3
3
2.99972
2.99168
2.91996
2.5235
2.99999
2.99999
2.99999
2.99999
3
3
3
3
3
3
3
3
3
3
3
2.9993
2.96401
2.5796
1.34961
3
2.99999
2.99999
2.99999
3
3
3
3
3
3
3
3
3
3
3
2.99894
2.90512
1.96578
1.03208
3
3
3
3
3
3
3
3
3
3
3
3
3
3
3
2.99967
2.93533
1.79224
1.02835
3
3
3
3
3
3
3
3
3
3
3
3
3
3
3
2.99999
2.99083
1.98024
1.02835
3
3
3
3
3
3
3
3
3
3
3
3
3
3
3
3
2.99983
2.49952
1.02944
3
3
3
3
3
3
3
3
3
3
3
3
3
3
3
3
3
2.89082
1.0919
3
3
3
3
3
3
3
3
3
3
3
3
3
3
3
3
3
2.98896
1.40543
3
3
3
3
3
3
3
3
3
3
3
3
3
3
3
3
3
2.99974
2.2134
)
;

boundaryField
{
    leftWall
    {
        type            zeroGradient;
    }
    rightWall
    {
        type            zeroGradient;
    }
    lowerWall
    {
        type            zeroGradient;
    }
    atmosphere
    {
        type            zeroGradient;
    }
    defaultFaces
    {
        type            empty;
    }
    procBoundary3to1
    {
        type            processor;
        value           nonuniform List<scalar> 
23
(
3
3
3
3
3
3
3
3
3
3
3
3
3
3.00001
3
3
3
3
3
3
2.99501
2.43873
1.18467
)
;
    }
    procBoundary3to2
    {
        type            processor;
        value           nonuniform List<scalar> 
25
(
3
3
3
3
3
3
3
2.99999
2.99999
2.99999
2.99999
2.99999
2.99999
2.99999
3
3
3
3
3
3
3
3
3
3
3
)
;
    }
}


// ************************************************************************* //
