/*--------------------------------*- C++ -*----------------------------------*\
| =========                 |                                                 |
| \\      /  F ield         | OpenFOAM: The Open Source CFD Toolbox           |
|  \\    /   O peration     | Version:  2.4.0                                 |
|   \\  /    A nd           | Web:      www.OpenFOAM.org                      |
|    \\/     M anipulation  |                                                 |
\*---------------------------------------------------------------------------*/
FoamFile
{
    version     2.0;
    format      ascii;
    class       volScalarField;
    location    "0.75";
    object      alphas;
}
// * * * * * * * * * * * * * * * * * * * * * * * * * * * * * * * * * * * * * //

dimensions      [0 0 0 0 0 0 0];

internalField   nonuniform List<scalar> 
575
(
2.99999
3
2.99999
2.99999
3
3
3
3
3
3
3
3
3
3
3
3
3
3
3
3
3
3
3
3
3
3
3
3
3
3
3
2.99999
2.99999
2.99999
2.99999
2.99999
2.99999
2.99999
2.99999
2.99999
2.99999
2.99999
2.99999
2.99999
2.99999
2.99999
2.99999
2.99999
2.99999
2.99999
2.99999
2.99999
2.99999
2.99999
2.99999
2.99999
2.99999
2.99999
2.99999
2.99999
2.99999
2.99999
2.99999
2.99999
2.99999
2.99999
2.99999
2.99999
2.99999
2.99999
2.99999
2.99999
2.99999
2.99999
2.99999
2.99999
2.99999
2.99999
2.99999
2.99999
2.99999
2.99999
2.99999
2.99999
3
2.99999
2.99999
2.99999
3
2.99999
2.99999
2.99999
3
2.99999
2.99999
2.99999
2.99999
2.99999
2.99999
3
2.99999
2.99999
2.99999
3
3
3
3
2.99999
3
3
3
3
3
3
3
3
2.99999
2.99998
2.99995
2.99999
2.99999
2.99999
2.99999
2.99999
3
3
3
3
3
3
3
3
3
3
3
3
2.99854
2.98202
2.99999
2.99999
2.99999
2.99999
2.99999
2.99999
3
3
3
3
3
3
3
3
3
2.99999
2.99868
2.95039
2.61704
2.99999
2.99999
2.99999
2.99999
2.99999
2.99999
3
3
3
3
3
3
3
3
2.99993
2.99697
2.96288
2.52071
1.52715
2.99999
2.99999
2.99999
2.99999
2.99999
2.99999
3
3
3
3
3
3
3
3
2.99912
2.97162
2.75393
1.70605
1.05081
2.99999
2.99999
2.99999
2.99999
2.99999
3
3
3
3
3
3
3
3
3
2.99759
2.93903
2.52321
1.44537
1.02835
2.99999
2.99999
2.99999
2.99999
2.99999
3
3
3
3
3
3
3
3
3
2.99627
2.92973
2.58513
2.09448
1.02835
2.99999
2.99999
2.99999
2.99999
2.99999
3
3
3
3
3
3
3
3
3
2.99542
2.96799
2.95826
2.80719
1.05785
2.99999
2.99999
2.99999
2.99999
3
3
3
3
3
3
3
3
3
2.99997
2.9964
2.99914
2.99917
2.89294
1.50044
2.99999
2.99999
2.99999
2.99999
3
3
3
3
3
3
3
3
3
2.99989
2.99961
2.99999
2.99913
2.91623
2.63086
2.99999
2.99999
2.99999
2.99999
3
3
3
3
3
3
3
3
3
2.99989
2.99998
2.99999
2.99861
2.98603
2.99673
2.99999
2.99999
2.99999
2.99999
3
3
3
3
3
3
3
3
3
2.99992
2.99999
2.99999
2.99975
2.99988
2.99999
2.99999
2.99999
2.99999
2.99999
3
3
3
3
3
3
3
3
3
2.99998
2.99999
2.99999
2.99999
3
3
2.99999
2.99999
2.99999
2.99999
3
3
3
3
3
3
3
3
3
2.99999
2.99999
3
3
3
3
2.99999
2.99999
2.99999
2.99999
3
3
3
3
3
3
3
3
3
3
2.99999
2.99999
3
3
3
2.99999
2.99999
2.99999
2.99999
3
3
3
3
3
3
3
3
3
3
2.99999
2.99999
2.99999
3
3
2.99999
2.99999
2.99999
2.99999
3
3
3
3
3
3
3
3
3
3
2.99999
2.99999
2.99999
3
3
2.99999
2.99999
2.99999
3
3
3
3
3
3
3
3
3
3
3
2.99999
2.99999
3
3
3
2.99999
2.99999
3
3
3
3
3
3
3
3
3
3
3
3
2.99999
3
3
3
3
2.99999
2.99999
3
3
3
3
3
3
3
3
3
3
3
3
3
3
3
3
3
3
3
3
3
3
3
3
3
3
3
3
3
3
3
3
3
3
3
3
3
3
3
3
3
3
3
3
3
3
3
3
3
3
3
3
3
3
3
3
3
3
3
3
3
3
3
3
3
3
3
3
3
3
3
3
3
3
3
3
3
3
3
3
3
3
3
3
3
3
3
3
3
3
3
3
3
3
3
3
3
3
3
3
3
3
3
3
3
3
3
3
3
3
3
3
)
;

boundaryField
{
    leftWall
    {
        type            zeroGradient;
    }
    rightWall
    {
        type            zeroGradient;
    }
    lowerWall
    {
        type            zeroGradient;
    }
    atmosphere
    {
        type            zeroGradient;
    }
    defaultFaces
    {
        type            empty;
    }
    procBoundary3to1
    {
        type            processor;
        value           nonuniform List<scalar> 
23
(
2.99999
2.99999
2.99999
2.99999
2.99999
2.99999
3
3
3
3
2.99968
2.99746
2.99504
2.9944
2.99625
2.99852
2.99875
2.99711
2.9887
2.9707
2.95994
2.9763
2.99429
)
;
    }
    procBoundary3to2
    {
        type            processor;
        value           nonuniform List<scalar> 
25
(
2.99999
3
3
3
3
3
3
3
2.99999
2.99999
2.99999
2.99999
2.99999
2.99999
2.99999
2.99999
3
3
3
3
3
3
3
3
3
)
;
    }
}


// ************************************************************************* //
