/*--------------------------------*- C++ -*----------------------------------*\
| =========                 |                                                 |
| \\      /  F ield         | OpenFOAM: The Open Source CFD Toolbox           |
|  \\    /   O peration     | Version:  2.4.0                                 |
|   \\  /    A nd           | Web:      www.OpenFOAM.org                      |
|    \\/     M anipulation  |                                                 |
\*---------------------------------------------------------------------------*/
FoamFile
{
    version     2.0;
    format      ascii;
    class       volScalarField;
    location    "0.3";
    object      alphas;
}
// * * * * * * * * * * * * * * * * * * * * * * * * * * * * * * * * * * * * * //

dimensions      [0 0 0 0 0 0 0];

internalField   nonuniform List<scalar> 
575
(
3
3
2.99999
2.99999
3
3
3
2.99999
3
3
3
3
3
3
3
3
3
3
3
3
3
3
3
3
3
3
3
3
3
3
3
3
2.99999
2.99999
2.99999
3
2.99999
2.99999
2.99999
2.99999
2.99999
2.99999
2.99999
2.99999
2.99999
2.99999
2.99999
2.99999
2.99999
2.99999
2.99999
2.99999
2.99999
2.99999
2.99999
2.99999
2.99999
2.99999
2.99999
2.99999
2.99999
2.99999
2.99999
2.99999
3
2.99999
2.99999
2.99999
3
3
3
3
3
3
3
3
3
3
3
3
3
3
3
3
3
3
3
3
3
3
3
3
3
3
3
3
3
3
3
3
2.99999
2.99999
2.99999
2.99999
2.99999
3
3
3
3
3
3
3
3
3
3
3
3
2.66964
1.03349
2.99999
2.99999
2.99999
2.99999
2.99999
2.99999
3
3
3
3
3
3
3
3
3
3
3
2.89671
1.10917
3
2.99999
2.99999
2.99999
2.99999
2.99999
3
3
3
3
3
3
3
3
3
3
3
2.98335
1.29864
3
3
3
2.99999
2.99999
2.99999
3
3
3
3
3
3
3
3
3
3
3
2.99865
1.70918
3
3
3
3
3
3
3
3
3
3
3
3
3
3
3
3
3
2.99998
2.40904
3
3
3
3
3
3
3
3
3
3
3
3
3
3
3
3
3
3
2.89098
3
3
3
3
3
3
3
3
3
3
3
3
3
3
3
3
2.99999
2.9996
2.99344
3
3
3
3
3
3
3
3
3
3
3
3
3
3
3
3
2.99991
2.9996
2.99978
3
3
3
3
3
3
3
3
3
3
3
3
3
3
3
3
2.99998
2.99993
3
2.99999
2.99999
3
3
3
3
3
3
3
3
3
3
3
3
3
3
3
3
3
2.99999
2.99999
2.99999
3
3
3
3
3
3
3
3
3
3
3
3
3
3
3
3
2.99999
2.99999
2.99999
2.99999
3
3
3
3
3
3
3
3
3
3
3
3
3
3
3
2.99999
2.99999
2.99999
2.99999
2.99999
3
3
3
3
3
3
3
3
3
3
3
3
3
3
2.99999
2.99999
2.99999
2.99999
2.99999
3
3
3
3
3
3
3
3
3
3
3
3
3
3
2.99999
2.99999
2.99999
2.99999
2.99999
3
3
3
3
3
3
3
3
3
3
3
3
3
3
2.99999
2.99999
2.99999
2.99999
2.99999
3
3
3
3
3
3
3
3
3
3
3
3
3
3
2.99999
2.99999
2.99999
2.99999
2.99999
3
3
3
3
3
3
3
3
3
3
3
3
3
3
2.99999
2.99999
2.99999
2.99999
3
3
3
3
3
3
3
3
3
3
3
3
3
3
3
3
3
3
3
3
3
3
3
3
3
3
3
3
3
3
3
3
3
3
3
3
3
3
3
3
3
3
3
3
3
3
3
3
3
3
3
3
3
3
3
3
3
3
3
3
3
3
3
3
3
3
3
3
3
3
3
3
3
3
3
3
3
3
3
3
3
3
3
3
3
3
3
3
3
3
3
3
3
3
3
3
3
3
3
3
3
3
3
3
3
3
3
3
3
3
3
3
3
3
3
3
3
3
3
3
3
3
3
3
3
3
3
3
3
3
3
3
3
3
3
3
3
3
3
3
3
3
3
3
3
3
3
3
)
;

boundaryField
{
    leftWall
    {
        type            zeroGradient;
    }
    rightWall
    {
        type            zeroGradient;
    }
    lowerWall
    {
        type            zeroGradient;
    }
    atmosphere
    {
        type            zeroGradient;
    }
    defaultFaces
    {
        type            empty;
    }
    procBoundary3to1
    {
        type            processor;
        value           nonuniform List<scalar> 
23
(
3
3
3
3
3
2.99999
3
3
3
3
3
3
3
3
3
3
3
3
3
3
2.99999
2.48478
1.02835
)
;
    }
    procBoundary3to2
    {
        type            processor;
        value           nonuniform List<scalar> 
25
(
3
3
3
3
3
3
3
3
2.99999
2.99999
2.99999
2.99999
2.99999
2.99999
3
3
3
3
3
3
3
3
3
3
3
)
;
    }
}


// ************************************************************************* //
