/*--------------------------------*- C++ -*----------------------------------*\
| =========                 |                                                 |
| \\      /  F ield         | OpenFOAM: The Open Source CFD Toolbox           |
|  \\    /   O peration     | Version:  2.4.0                                 |
|   \\  /    A nd           | Web:      www.OpenFOAM.org                      |
|    \\/     M anipulation  |                                                 |
\*---------------------------------------------------------------------------*/
FoamFile
{
    version     2.0;
    format      ascii;
    class       volVectorField;
    location    "0.65";
    object      U;
}
// * * * * * * * * * * * * * * * * * * * * * * * * * * * * * * * * * * * * * //

dimensions      [0 1 -1 0 0 0 0];

internalField   nonuniform List<vector> 
2268
(
(0.013151 0.00091501 0)
(0.036283 -0.000217646 0)
(0.063927 0.0045021 0)
(0.0773026 -2.82029e-05 0)
(0.110014 -0.00076497 0)
(0.136324 0.00381854 0)
(0.148214 0.00600267 0)
(0.162356 0.0103028 0)
(0.173106 0.0101092 0)
(0.191112 0.0163744 0)
(0.193275 0.0349808 0)
(0.177458 0.0387455 0)
(0.141989 0.0325313 0)
(0.0843254 0.0224991 0)
(0.0269896 0.0101789 0)
(-0.0201037 -0.0058667 0)
(-0.0471597 -0.00489818 0)
(-0.0732601 -0.00682586 0)
(-0.0810208 0.0005623 0)
(-0.0853457 -0.00824173 0)
(-0.0511242 -0.00445431 0)
(-0.0374011 -0.000703912 0)
(-0.0347174 -0.00617304 0)
(0.0141641 -0.0286868 0)
(0.0350144 -0.0307641 0)
(0.0640224 -0.0248582 0)
(0.0802246 -0.0303446 0)
(0.109965 -0.0305842 0)
(0.134816 -0.0247218 0)
(0.150941 -0.0257304 0)
(0.166608 -0.0247029 0)
(0.185534 -0.0292983 0)
(0.1992 -0.0330105 0)
(0.19393 -0.0334943 0)
(0.172543 -0.0196759 0)
(0.134549 0.0112529 0)
(0.0825248 0.031003 0)
(0.0218466 0.0381752 0)
(-0.0222842 0.0356942 0)
(-0.0477349 0.0274112 0)
(-0.0681169 0.0187936 0)
(-0.0811518 0.00521688 0)
(-0.0739564 -0.00596493 0)
(-0.0557454 -0.0176752 0)
(-0.031098 -0.00770714 0)
(-0.0239694 -0.0280044 0)
(0.0151005 -0.0072004 0)
(0.032798 -0.00942381 0)
(0.0625417 -0.00138835 0)
(0.0869016 -0.00934086 0)
(0.104941 -0.0103597 0)
(0.130466 -0.00228989 0)
(0.147741 0.00130408 0)
(0.167141 0.00814689 0)
(0.18448 0.00947085 0)
(0.184464 0.0258845 0)
(0.184017 0.0638302 0)
(0.186228 0.091131 0)
(0.161693 0.086053 0)
(0.111141 0.0771403 0)
(0.0417653 0.0567561 0)
(-0.0232219 0.0328157 0)
(-0.0641087 0.0248618 0)
(-0.0817365 0.0155129 0)
(-0.0940173 0.00659255 0)
(-0.0703132 -0.0186266 0)
(-0.0478049 -0.0252693 0)
(-0.0103949 -0.0154648 0)
(0.00467378 -0.0306335 0)
(0.0159915 -0.1008 0)
(0.0291804 -0.10234 0)
(0.0564695 -0.0970815 0)
(0.0890715 -0.102068 0)
(0.0981839 -0.0998211 0)
(0.119192 -0.0932421 0)
(0.14632 -0.0918699 0)
(0.172539 -0.088811 0)
(0.189446 -0.086434 0)
(0.194267 -0.0771412 0)
(0.193088 -0.0646168 0)
(0.173413 -0.0403236 0)
(0.131893 0.0385279 0)
(0.0826399 0.111219 0)
(0.0172996 0.107689 0)
(-0.034265 0.0737031 0)
(-0.0673087 0.044775 0)
(-0.0820143 0.0216907 0)
(-0.0938364 0.00152201 0)
(-0.0712133 -0.029518 0)
(-0.0582088 -0.0461852 0)
(-0.0112941 -0.030193 0)
(0.00219982 -0.0306933 0)
(0.00830501 0.127809 0)
(0.0190489 0.133302 0)
(0.0345444 0.124757 0)
(0.0586424 0.136468 0)
(0.0637798 0.141479 0)
(0.0697823 0.1396 0)
(0.0918135 0.151095 0)
(0.101301 0.157798 0)
(0.0992655 0.175002 0)
(0.10074 0.195106 0)
(0.0905325 0.21988 0)
(0.105967 0.180268 0)
(0.111914 0.0961922 0)
(0.0595639 0.0915257 0)
(-0.0134145 0.108993 0)
(-0.0597907 0.0823933 0)
(-0.0813606 0.057157 0)
(-0.0869588 0.0333012 0)
(-0.0916249 -0.00132873 0)
(-0.0684756 -0.0359208 0)
(-0.0722528 -0.0544971 0)
(-0.0238559 -0.0469286 0)
(0.00575776 -0.0347339 0)
(-0.0059604 -0.171174 0)
(-0.000732696 -0.173338 0)
(-0.00695967 -0.175506 0)
(-0.0095879 -0.176351 0)
(-0.00405237 -0.173916 0)
(-0.00476998 -0.178863 0)
(-0.00674419 -0.177702 0)
(-0.0164218 -0.171942 0)
(-0.0190185 -0.170588 0)
(-0.014874 -0.170406 0)
(0.00971182 -0.148796 0)
(0.0553138 -0.014435 0)
(0.0633584 0.249123 0)
(-0.0555261 0.216501 0)
(-0.0678443 0.126766 0)
(-0.120624 0.0898637 0)
(-0.120531 0.0518764 0)
(-0.107004 0.0313151 0)
(-0.0929587 -0.00126814 0)
(-0.0663056 -0.0348512 0)
(-0.0773093 -0.0631236 0)
(-0.0494998 -0.0647863 0)
(-0.00156409 -0.0397079 0)
(-0.00573742 0.0140642 0)
(-0.0118509 0.017427 0)
(-0.0148157 0.009479 0)
(-0.0122709 0.0207225 0)
(-0.011643 0.0277697 0)
(-0.00069162 0.0237906 0)
(0.00871489 0.043534 0)
(-0.00430373 0.0577988 0)
(-0.0189077 0.0729764 0)
(-0.0455631 0.0842351 0)
(-0.0973567 0.0942148 0)
(-0.147214 0.0486009 0)
(-0.107432 0.0467068 0)
(-0.142463 0.241836 0)
(-0.196871 0.176205 0)
(-0.190963 0.102588 0)
(-0.179197 0.0500545 0)
(-0.139005 0.00385875 0)
(-0.106364 -0.0272219 0)
(-0.0792355 -0.0437147 0)
(-0.0809752 -0.0646916 0)
(-0.0550839 -0.0798444 0)
(-0.00299424 -0.0564012 0)
(-0.00533243 -0.0616755 0)
(-0.00953019 -0.0670605 0)
(-0.01482 -0.0741896 0)
(-0.0167003 -0.0770859 0)
(-0.0090452 -0.0783662 0)
(-0.0103065 -0.0837393 0)
(-0.0134649 -0.0726528 0)
(-0.0254699 -0.0642115 0)
(-0.0267367 -0.0630175 0)
(-0.0320232 -0.054397 0)
(-0.02695 -0.0200985 0)
(-0.0506949 0.0537711 0)
(-0.123915 0.153431 0)
(-0.172229 0.231677 0)
(-0.372474 0.216315 0)
(-0.333139 0.0666526 0)
(-0.307017 0.0299707 0)
(-0.230818 0.0188621 0)
(-0.172591 -0.0151999 0)
(-0.11552 -0.0344119 0)
(-0.0803091 -0.0713031 0)
(-0.0451361 -0.0978731 0)
(0.00273834 -0.0609689 0)
(-0.322422 -0.374321 0)
(-0.341032 -0.276767 0)
(-0.054196 -0.241653 0)
(0.214109 -0.209343 0)
(0.439514 -0.193008 0)
(0.585993 -0.182052 0)
(0.699002 -0.179995 0)
(0.774548 -0.193391 0)
(0.804097 -0.22386 0)
(0.801222 -0.247006 0)
(0.786826 -0.258654 0)
(0.763268 -0.28029 0)
(0.693 -0.299383 0)
(0.613809 -0.29254 0)
(0.554696 -0.261878 0)
(0.465763 -0.207228 0)
(0.292131 -0.14063 0)
(-0.0940005 -0.172742 0)
(-0.0116241 -0.242796 0)
(-0.317752 0.408234 0)
(-0.124408 0.0992837 0)
(0.18248 -0.139324 0)
(0.324403 -0.0890753 0)
(0.490804 -0.0300176 0)
(0.601728 0.0130133 0)
(0.674479 0.0305426 0)
(0.750876 0.0654919 0)
(0.790564 0.107903 0)
(0.802888 0.133628 0)
(0.834565 0.143109 0)
(0.875382 0.181486 0)
(0.853981 0.231696 0)
(0.79712 0.227835 0)
(0.703363 0.213157 0)
(0.634619 0.261134 0)
(0.469163 0.287006 0)
(0.0551372 0.214978 0)
(-0.00356696 0.109215 0)
(-0.281778 0.25581 0)
(0.118216 -0.229588 0)
(0.323333 -0.319234 0)
(0.486576 -0.27685 0)
(0.57961 -0.196461 0)
(0.623532 -0.140014 0)
(0.632215 -0.119126 0)
(0.651896 -0.0902686 0)
(0.674515 -0.0637429 0)
(0.689275 -0.0588782 0)
(0.6953 -0.0571052 0)
(0.705664 -0.0362343 0)
(0.693485 -0.011318 0)
(0.657398 0.00482923 0)
(0.566655 0.022736 0)
(0.469765 0.106399 0)
(0.40021 0.253501 0)
(0.0168373 0.1854 0)
(-0.0823648 -0.0798994 0)
(-0.130288 0.299169 0)
(0.362559 -0.284559 0)
(0.459979 -0.36106 0)
(0.554538 -0.27822 0)
(0.648088 -0.147085 0)
(0.662144 -0.0606323 0)
(0.662768 -0.0368577 0)
(0.641591 -0.00799284 0)
(0.612102 -0.00182116 0)
(0.589474 0.0117603 0)
(0.555991 0.0318755 0)
(0.556866 0.0620134 0)
(0.547896 0.128682 0)
(0.509633 0.154138 0)
(0.442742 0.188029 0)
(0.20938 0.38251 0)
(0.24797 0.363568 0)
(-0.111287 0.27209 0)
(-0.0553041 -0.00676991 0)
(0.284669 0.183061 0)
(0.444047 -0.344392 0)
(0.507612 -0.433282 0)
(0.539609 -0.330121 0)
(0.631847 -0.112721 0)
(0.712664 -0.0546946 0)
(0.734653 -0.0167877 0)
(0.734928 0.0123185 0)
(0.708608 0.0501593 0)
(0.616737 0.0509269 0)
(0.509349 0.00704484 0)
(0.466671 0.0409729 0)
(0.452166 0.0867335 0)
(0.42513 0.103472 0)
(0.356415 0.125316 0)
(0.222854 0.293978 0)
(0.0578322 0.470588 0)
(-0.251473 0.300155 0)
(0.0186168 -0.127018 0)
(0.423222 -0.0553878 0)
(0.447354 -0.395919 0)
(0.519761 -0.438655 0)
(0.535028 -0.316482 0)
(0.506878 -0.240864 0)
(0.593934 -0.10205 0)
(0.640681 -0.0685276 0)
(0.663613 -0.0630572 0)
(0.710511 -0.0264462 0)
(0.706152 0.0252114 0)
(0.582495 0.0748087 0)
(0.46195 0.0599058 0)
(0.42575 0.092405 0)
(0.39527 0.150786 0)
(0.270556 0.192087 0)
(0.222521 0.333991 0)
(0.0153258 0.638485 0)
(-0.283203 0.362468 0)
(0.0998007 -0.137941 0)
(0.391517 -0.257152 0)
(0.407541 -0.461844 0)
(0.487162 -0.432877 0)
(0.515021 -0.331723 0)
(0.478115 -0.224811 0)
(0.48257 -0.154971 0)
(0.539538 -0.0848397 0)
(0.563551 -0.0482061 0)
(0.617579 -0.000557485 0)
(0.628655 0.0398606 0)
(0.569006 0.0795451 0)
(0.470488 0.0981164 0)
(0.440167 0.0931683 0)
(0.38335 0.162517 0)
(0.230465 0.215354 0)
(0.176088 0.365017 0)
(0.0811051 0.658618 0)
(-0.268295 0.425335 0)
(0.182542 -0.192697 0)
(0.41021 -0.38166 0)
(0.401866 -0.450032 0)
(0.475481 -0.429705 0)
(0.499557 -0.323408 0)
(0.472351 -0.213815 0)
(0.455937 -0.137986 0)
(0.481312 -0.086309 0)
(0.495114 -0.0398971 0)
(0.523837 -0.015469 0)
(0.546258 0.0668814 0)
(0.529586 0.112733 0)
(0.506098 0.0951645 0)
(0.476425 0.121771 0)
(0.391419 0.249458 0)
(0.159948 0.265013 0)
(0.048472 0.438972 0)
(0.131523 0.681017 0)
(-0.272929 0.43949 0)
(0.262876 -0.228016 0)
(-0.00611606 -0.0598785 0)
(-0.0140983 -0.0600202 0)
(-0.0168346 -0.0629603 0)
(-0.00930842 -0.0582728 0)
(0.00494446 -0.04884 0)
(0.0138308 -0.0485958 0)
(0.0304409 -0.0173032 0)
(0.0190155 0.0133103 0)
(-0.00872138 0.0455376 0)
(-0.057637 0.0639018 0)
(-0.109076 0.0640978 0)
(-0.127799 0.0398792 0)
(-0.121647 0.0798543 0)
(-0.0818366 0.218712 0)
(-0.107394 0.304515 0)
(-0.246726 0.190222 0)
(-0.277938 -0.0411637 0)
(-0.275568 -0.160614 0)
(-0.252456 -0.168005 0)
(-0.183192 -0.151069 0)
(-0.0817383 -0.160409 0)
(-0.0121035 -0.176842 0)
(0.0510351 -0.123645 0)
(-0.00493793 0.0213642 0)
(-0.0121125 0.00606289 0)
(-0.0143268 -0.0237057 0)
(-0.0070946 -0.0482741 0)
(0.0126545 -0.0489906 0)
(0.0206683 -0.0598086 0)
(0.0334122 -0.0272595 0)
(0.0259617 0.00747717 0)
(0.0309958 0.0349345 0)
(0.0230669 0.0616824 0)
(0.00156016 0.0919057 0)
(-0.00789227 0.115733 0)
(-0.02814 0.159252 0)
(-0.0032648 0.215592 0)
(0.0793095 0.26532 0)
(0.1629 0.253575 0)
(0.131778 0.221043 0)
(0.0431671 0.127935 0)
(0.0081034 -0.0109901 0)
(0.0540355 -0.130872 0)
(0.132882 -0.188775 0)
(0.15654 -0.125867 0)
(0.231383 -0.102411 0)
(-0.0106014 -0.087128 0)
(-0.0382952 -0.101069 0)
(-0.0531021 -0.118309 0)
(-0.0306993 -0.134127 0)
(0.0137491 -0.12894 0)
(0.0302445 -0.126173 0)
(0.0472381 -0.0749282 0)
(0.0130825 -0.025678 0)
(-0.0191038 0.00275739 0)
(-0.0509206 0.029197 0)
(-0.0539603 0.0469879 0)
(-0.0455665 0.0555672 0)
(-0.0271419 0.102636 0)
(0.0294463 0.144329 0)
(0.100417 0.14835 0)
(0.189451 0.0975491 0)
(0.276381 0.041339 0)
(0.329612 -0.00728109 0)
(0.402101 -0.110977 0)
(0.42912 -0.178178 0)
(0.428606 -0.186632 0)
(0.450641 -0.206719 0)
(0.512397 -0.224607 0)
(-0.0363593 0.0989656 0)
(-0.0909229 0.0916468 0)
(-0.0874209 0.0240596 0)
(-0.0660007 -0.0583364 0)
(-0.068491 -0.0515601 0)
(-0.127037 -0.0311535 0)
(-0.135813 0.0443356 0)
(-0.121095 0.11038 0)
(-0.117294 0.130041 0)
(-0.114825 0.129447 0)
(-0.0982891 0.10418 0)
(-0.0968323 0.0749899 0)
(-0.0689695 0.0441191 0)
(-0.0187569 0.0387539 0)
(0.0350297 0.0407439 0)
(0.115491 0.00996505 0)
(0.19254 -0.0153109 0)
(0.244975 -0.0906597 0)
(0.342239 -0.161217 0)
(0.356407 -0.249271 0)
(0.408695 -0.31572 0)
(0.442367 -0.361672 0)
(0.488982 -0.394465 0)
(-0.0140667 -0.00374059 0)
(-0.0407919 -0.0501702 0)
(-0.0899801 -0.214349 0)
(-0.348476 -0.255227 0)
(-0.602632 -0.123973 0)
(-0.68406 -0.105249 0)
(-0.690438 -0.104294 0)
(-0.601954 -0.0493999 0)
(-0.513391 -0.0229506 0)
(-0.425002 0.0303473 0)
(-0.35341 0.0621706 0)
(-0.309279 0.05952 0)
(-0.205315 0.0859428 0)
(-0.108684 0.0857589 0)
(-0.0292903 0.0503923 0)
(0.0560232 -0.0257091 0)
(0.124707 -0.0848678 0)
(0.149434 -0.175397 0)
(0.238461 -0.221918 0)
(0.219126 -0.288772 0)
(0.267066 -0.321076 0)
(0.282124 -0.325296 0)
(0.325271 -0.350586 0)
(0.0222226 0.200655 0)
(0.0225203 0.31211 0)
(-0.16596 0.514304 0)
(-0.496763 0.393284 0)
(-0.561854 0.256252 0)
(-0.650088 0.490001 0)
(-0.743264 0.139153 0)
(-0.668009 -0.215948 0)
(-0.616727 -0.270279 0)
(-0.589608 -0.244267 0)
(-0.579175 -0.193484 0)
(-0.511559 -0.198588 0)
(-0.42039 -0.204345 0)
(-0.323477 -0.164931 0)
(-0.255841 -0.158183 0)
(-0.172691 -0.142689 0)
(-0.105939 -0.162532 0)
(-0.0650089 -0.213916 0)
(0.034208 -0.258038 0)
(0.0571419 -0.300933 0)
(0.0575914 -0.31426 0)
(-0.0210114 -0.177558 0)
(-0.157688 0.406078 0)
(-0.0675217 0.109762 0)
(-0.0618954 0.360999 0)
(-0.0143406 0.623373 0)
(-0.0901186 0.754477 0)
(-0.219049 0.576853 0)
(0.0238414 -0.0369178 0)
(0.422551 -0.0681553 0)
(0.562008 0.142529 0)
(0.250667 0.4531 0)
(-0.119256 0.745975 0)
(-0.293596 1.03851 0)
(-0.562321 0.883512 0)
(-0.359523 0.510762 0)
(-0.343149 0.25157 0)
(-0.287705 0.106487 0)
(-0.254042 0.0592263 0)
(-0.251745 0.246705 0)
(-0.311916 0.363285 0)
(-0.534512 0.478826 0)
(-0.823957 0.594754 0)
(-1.12573 0.211085 0)
(-1.22003 -0.113855 0)
(-1.21032 -0.121853 0)
(-0.253759 0.206488 0)
(-0.264431 0.161114 0)
(-0.0992629 0.222956 0)
(-0.00751919 0.295273 0)
(0.263098 -0.0744189 0)
(0.324484 -0.376691 0)
(0.24413 -0.370714 0)
(0.110961 -0.157746 0)
(-0.137256 0.121007 0)
(-0.20545 -0.153902 0)
(-0.214851 -0.326955 0)
(0.0810879 -0.742896 0)
(0.0872248 -0.681152 0)
(0.131135 -0.354678 0)
(0.0434024 -0.12782 0)
(-0.0637851 -0.085087 0)
(-0.183178 -0.206443 0)
(-0.224886 -0.282696 0)
(-0.290303 -0.322938 0)
(-0.164683 -0.440596 0)
(-0.0915795 -0.390168 0)
(-0.165754 -0.306269 0)
(-0.339193 -0.115652 0)
(-0.18624 0.370986 0)
(-0.0199133 0.0796436 0)
(-0.0419224 -0.00349229 0)
(0.123687 0.0736284 0)
(0.297323 -0.043217 0)
(0.228768 -0.15191 0)
(0.228212 -0.0359273 0)
(0.141846 0.30675 0)
(-0.0156193 0.415463 0)
(0.135216 0.445357 0)
(-0.0961619 0.443414 0)
(-0.0550727 0.0644365 0)
(-0.18083 -0.117191 0)
(-0.158475 -0.171737 0)
(-0.0671902 -0.17184 0)
(0.03265 -0.142603 0)
(0.117673 -0.0741666 0)
(0.188141 0.00619046 0)
(0.222039 0.0730584 0)
(0.199646 0.122019 0)
(0.0958111 0.132988 0)
(-0.0578764 0.167368 0)
(-0.181646 0.289847 0)
(-0.00873822 0.428149 0)
(0.088574 0.198287 0)
(-0.0104645 0.134258 0)
(0.0518321 0.0516536 0)
(0.115239 -0.0764185 0)
(0.0661596 -0.211902 0)
(0.00573245 -0.0948219 0)
(0.0971984 0.293643 0)
(0.0829318 0.350932 0)
(0.17235 0.282119 0)
(0.215353 0.0743011 0)
(0.293824 -0.222269 0)
(0.171078 -0.244387 0)
(0.0835087 -0.179676 0)
(0.0747685 -0.0894598 0)
(0.0588039 -0.0363183 0)
(0.0313173 -0.0470474 0)
(-0.000105763 -0.070273 0)
(-0.0254399 -0.078415 0)
(-0.0248689 -0.0548214 0)
(-0.0324846 0.00563812 0)
(-0.0724859 0.0822128 0)
(-0.102228 0.188859 0)
(0.0491867 0.347259 0)
(0.0910543 0.129481 0)
(0.102446 0.00334046 0)
(0.119597 -0.0382489 0)
(0.114595 -0.0661156 0)
(0.0445524 -0.100863 0)
(-0.0683889 -0.0927727 0)
(0.0217384 0.180675 0)
(0.160973 0.212901 0)
(0.249427 0.169769 0)
(0.304441 0.105709 0)
(0.265432 0.0333758 0)
(0.128 -0.0993742 0)
(0.0510479 -0.173941 0)
(0.00723611 -0.199475 0)
(-0.00928276 -0.200399 0)
(-0.0146705 -0.182893 0)
(-0.0160949 -0.14493 0)
(-0.0181055 -0.0810553 0)
(-0.0375226 -0.00663207 0)
(-0.0498814 0.0668951 0)
(-0.0610456 0.135865 0)
(-0.0645416 0.20895 0)
(0.0572359 0.248049 0)
(0.0916633 0.145991 0)
(0.0873115 0.0767783 0)
(0.066315 0.0251386 0)
(0.0463642 -0.0174172 0)
(0.0188011 -0.0595757 0)
(-0.0479938 -0.0531584 0)
(-0.0409067 0.0126264 0)
(0.0670768 0.108607 0)
(0.167386 0.135882 0)
(0.159156 0.110212 0)
(0.142756 0.0415973 0)
(0.124575 -0.0325627 0)
(0.0692795 -0.0715909 0)
(0.0199248 -0.0723658 0)
(-0.0165435 -0.0565073 0)
(-0.0473541 -0.0399941 0)
(-0.0723266 -0.0177223 0)
(-0.097718 0.015114 0)
(-0.121481 0.0582826 0)
(-0.133685 0.114471 0)
(-0.133926 0.170326 0)
(-0.112336 0.225453 0)
(0.0362131 0.171774 0)
(0.0695577 0.10894 0)
(0.0841527 0.0446977 0)
(0.0776128 0.0155048 0)
(0.0584758 0.00231777 0)
(0.0230225 -0.00491533 0)
(-0.0205686 -0.00132187 0)
(-0.0419776 0.0362123 0)
(-0.0393092 0.0462386 0)
(0.0180794 0.0966874 0)
(0.0419733 0.0925873 0)
(0.053748 0.0393674 0)
(0.0357393 -0.0148284 0)
(0.00490232 -0.0552727 0)
(-0.0287594 -0.076991 0)
(-0.0548708 -0.0799433 0)
(-0.080761 -0.0737658 0)
(-0.106453 -0.0574096 0)
(-0.123663 -0.0248063 0)
(-0.129573 0.018074 0)
(-0.129251 0.0690202 0)
(-0.125023 0.124988 0)
(-0.107396 0.175471 0)
(0.0229722 0.137884 0)
(0.0472104 0.0972756 0)
(0.0577261 0.0601952 0)
(0.0493738 0.039026 0)
(0.03533 0.0254699 0)
(0.0185293 0.0165831 0)
(-0.00237203 0.0187136 0)
(-0.0131456 0.0344378 0)
(-0.0174147 0.0427294 0)
(-0.00721712 0.0634511 0)
(0.0224232 0.0729204 0)
(0.0274653 0.0558532 0)
(0.0159716 0.0163684 0)
(-0.00781862 -0.0185832 0)
(-0.0366918 -0.0390572 0)
(-0.059412 -0.043111 0)
(-0.0778198 -0.0330554 0)
(-0.0944151 -0.013407 0)
(-0.109831 0.0179874 0)
(-0.119946 0.0496057 0)
(-0.119239 0.0835693 0)
(-0.107234 0.119917 0)
(-0.0847739 0.149328 0)
(0.0123639 0.108747 0)
(0.0287698 0.0739903 0)
(0.0355835 0.0547839 0)
(0.0307053 0.044583 0)
(0.0228585 0.0371032 0)
(0.0134862 0.033337 0)
(0.00218235 0.0347571 0)
(-0.00165023 0.040183 0)
(-0.00266186 0.0430229 0)
(0.00066903 0.0569528 0)
(0.0130934 0.0600878 0)
(0.0209162 0.0495085 0)
(0.018499 0.0265752 0)
(0.00379662 0.00695682 0)
(-0.0190294 -0.00906416 0)
(-0.0411191 -0.0189599 0)
(-0.0593683 -0.0154888 0)
(-0.0740955 -0.00262209 0)
(-0.0847916 0.0200287 0)
(-0.0914562 0.0474694 0)
(-0.0930322 0.0768754 0)
(-0.0836995 0.10843 0)
(-0.0676083 0.135406 0)
(0.00810972 0.094239 0)
(0.0168759 0.068094 0)
(0.0200697 0.0566938 0)
(0.0188251 0.0477784 0)
(0.0154695 0.0410925 0)
(0.0109639 0.0381558 0)
(0.00697605 0.0373887 0)
(0.00572115 0.0412074 0)
(0.00465143 0.0424508 0)
(0.00788135 0.0502927 0)
(0.0154309 0.0514461 0)
(0.0200331 0.0462295 0)
(0.0227786 0.0316654 0)
(0.0167485 0.017591 0)
(0.00456856 0.00498985 0)
(-0.00998195 -0.00350467 0)
(-0.0297212 -0.00461797 0)
(-0.0444994 0.00489709 0)
(-0.0557194 0.0257456 0)
(-0.0642968 0.0483218 0)
(-0.0698399 0.0685121 0)
(-0.063623 0.0919984 0)
(-0.0498527 0.115986 0)
(0.00476701 0.0851773 0)
(0.0101871 0.0624345 0)
(0.0135318 0.05537 0)
(0.0139346 0.0494531 0)
(0.0122869 0.044207 0)
(0.0102136 0.0410028 0)
(0.00804753 0.0396937 0)
(0.00746134 0.0407663 0)
(0.00728866 0.0417908 0)
(0.0098514 0.0462938 0)
(0.0152685 0.0472599 0)
(0.0201632 0.0425442 0)
(0.0226451 0.0319554 0)
(0.0199252 0.0234476 0)
(0.011362 0.0156553 0)
(0.000863382 0.0123336 0)
(-0.0152728 0.0150812 0)
(-0.0303357 0.0235416 0)
(-0.04175 0.0400818 0)
(-0.0472596 0.0614806 0)
(-0.0527487 0.0747936 0)
(-0.0500961 0.0858869 0)
(-0.0386542 0.102495 0)
(0.00286994 0.0790617 0)
(0.00709765 0.0580262 0)
(0.0101337 0.0533723 0)
(0.0112642 0.0492102 0)
(0.0107436 0.0456052 0)
(0.00908203 0.0428678 0)
(0.00705723 0.0414432 0)
(0.00555843 0.0412578 0)
(0.00452105 0.0413549 0)
(0.00521998 0.0423807 0)
(0.00910779 0.0413177 0)
(0.0128608 0.0373172 0)
(0.0124609 0.0330296 0)
(0.00921259 0.029801 0)
(0.00227434 0.0251817 0)
(-0.00752812 0.0254449 0)
(-0.0211242 0.0284955 0)
(-0.0299745 0.0350912 0)
(-0.0358941 0.0465083 0)
(-0.0402281 0.0637456 0)
(-0.0384408 0.074651 0)
(-0.0348785 0.0804434 0)
(-0.0241388 0.0907743 0)
(0.00201904 0.0750124 0)
(0.00546484 0.0547154 0)
(0.00780325 0.051558 0)
(0.00824129 0.0487517 0)
(0.00789323 0.0464705 0)
(0.00621258 0.0446314 0)
(0.00438939 0.0434725 0)
(0.00284551 0.0429533 0)
(0.00145838 0.0424321 0)
(0.00119177 0.0412338 0)
(0.00133271 0.0396117 0)
(0.00179024 0.0374974 0)
(-0.000256714 0.0353493 0)
(-0.00247969 0.0321983 0)
(-0.00776314 0.0318856 0)
(-0.0141639 0.0348141 0)
(-0.0206673 0.0354673 0)
(-0.0262405 0.0382137 0)
(-0.0304665 0.0486909 0)
(-0.0318956 0.0615369 0)
(-0.0273044 0.0688124 0)
(-0.020933 0.070543 0)
(-0.0119382 0.0787326 0)
(0.00181508 0.0713792 0)
(0.00398515 0.0523289 0)
(0.0047948 0.0509672 0)
(0.00541375 0.0492745 0)
(0.00530631 0.0476281 0)
(0.00491596 0.0463623 0)
(0.00423308 0.0450632 0)
(0.00334725 0.0443349 0)
(0.00251347 0.0434791 0)
(0.00169258 0.0422299 0)
(0.000394203 0.0409834 0)
(-0.000424907 0.0397416 0)
(-0.00282522 0.0380909 0)
(-0.00594344 0.036905 0)
(-0.00914701 0.0373897 0)
(-0.0119316 0.0383296 0)
(-0.0132153 0.0397614 0)
(-0.0173743 0.0444772 0)
(-0.0212656 0.0522524 0)
(-0.0192769 0.0603723 0)
(-0.0151651 0.0640075 0)
(-0.0101369 0.0655443 0)
(-0.0031112 0.0721295 0)
(0.00124085 0.0690698 0)
(0.00252557 0.0513565 0)
(0.00358966 0.0500729 0)
(0.00442994 0.0485406 0)
(0.00469035 0.0474291 0)
(0.00496238 0.0465222 0)
(0.00491447 0.0456939 0)
(0.00459364 0.04519 0)
(0.00425336 0.0447455 0)
(0.00356943 0.0438676 0)
(0.00204708 0.0418605 0)
(0.000545602 0.0401746 0)
(-0.00122116 0.0405236 0)
(-0.00365626 0.039514 0)
(-0.00608038 0.0390265 0)
(-0.00876573 0.0391329 0)
(-0.0109107 0.0432473 0)
(-0.0140624 0.0476904 0)
(-0.0151125 0.0518656 0)
(-0.0136063 0.0575496 0)
(-0.0109208 0.0598905 0)
(-0.00651367 0.0599022 0)
(-0.00287141 0.0647898 0)
(0.000886054 0.067559 0)
(0.00196384 0.049893 0)
(0.0032143 0.0488916 0)
(0.00372806 0.0478355 0)
(0.0039821 0.0470514 0)
(0.0040477 0.046223 0)
(0.00396975 0.0455666 0)
(0.00401096 0.0449597 0)
(0.00417814 0.044285 0)
(0.00427771 0.0440239 0)
(0.00342365 0.0433808 0)
(0.0017706 0.0427435 0)
(0.0011498 0.042466 0)
(-4.35318e-05 0.0418303 0)
(-0.00206515 0.0416378 0)
(-0.00483833 0.0424071 0)
(-0.0074748 0.0441225 0)
(-0.00766327 0.0467882 0)
(-0.00695311 0.0506174 0)
(-0.00518628 0.0549975 0)
(-0.00201276 0.0562432 0)
(0.00225685 0.0565468 0)
(0.00437213 0.0606823 0)
(0.000793605 0.066103 0)
(0.00165247 0.0491608 0)
(0.0018967 0.0484942 0)
(0.00221671 0.0479769 0)
(0.00227953 0.0471765 0)
(0.00223397 0.0462721 0)
(0.00203326 0.0455009 0)
(0.0017524 0.0449317 0)
(0.00149409 0.044815 0)
(0.00112795 0.0448522 0)
(0.000991317 0.0447844 0)
(-0.000263058 0.0439255 0)
(-0.00131551 0.0427861 0)
(-0.00211768 0.0435067 0)
(-0.00308181 0.0440881 0)
(-0.00420396 0.045884 0)
(-0.0059044 0.0469497 0)
(-0.00720329 0.0480494 0)
(-0.00678661 0.0511286 0)
(-0.00550996 0.0530992 0)
(-0.00274266 0.053772 0)
(-0.000319476 0.0549491 0)
(0.00333768 0.0583817 0)
(0.000555916 0.0651017 0)
(0.00120682 0.0486148 0)
(0.00154482 0.0480878 0)
(0.00195564 0.0474811 0)
(0.00205462 0.0469896 0)
(0.00207211 0.0466452 0)
(0.00187043 0.0461573 0)
(0.00151978 0.0455181 0)
(0.00105156 0.0447605 0)
(0.000512513 0.0448127 0)
(4.2063e-05 0.0445148 0)
(-0.000416895 0.0437275 0)
(-0.00184821 0.0439665 0)
(-0.00306671 0.0433547 0)
(-0.00438886 0.043587 0)
(-0.00463309 0.0447519 0)
(-0.00362089 0.04553 0)
(-0.00320056 0.0473388 0)
(-0.00301916 0.0485548 0)
(-0.00120653 0.0495417 0)
(0.0013689 0.0500337 0)
(0.00179269 0.0503956 0)
(0.00609355 0.051642 0)
(0.000616339 0.0640612 0)
(0.00126753 0.0480859 0)
(0.00159567 0.0477357 0)
(0.00194529 0.0474903 0)
(0.00209536 0.0471973 0)
(0.00208389 0.0467529 0)
(0.00205584 0.046376 0)
(0.00191385 0.046065 0)
(0.00160883 0.0458532 0)
(0.000919799 0.0452125 0)
(0.000704059 0.0451191 0)
(0.000568566 0.0456653 0)
(0.000334521 0.0455947 0)
(-0.000346166 0.0454364 0)
(-0.00157577 0.0457013 0)
(-0.00215584 0.0456967 0)
(-0.00379617 0.046594 0)
(-0.00414357 0.0482 0)
(-0.00344597 0.0484798 0)
(-0.00145952 0.0494946 0)
(-0.00054745 0.0498868 0)
(0.00165092 0.0501868 0)
(0.00475888 0.0483269 0)
(0.000374212 0.0634977 0)
(0.000725397 0.047792 0)
(0.000935541 0.0474001 0)
(0.00122367 0.0471289 0)
(0.00132435 0.0468525 0)
(0.0013101 0.0465597 0)
(0.00118024 0.0462212 0)
(0.00092707 0.0458946 0)
(0.000600102 0.0457511 0)
(0.000280029 0.0460201 0)
(-0.000244534 0.0458876 0)
(-0.0012434 0.0453595 0)
(-0.00175114 0.0454564 0)
(-0.00202469 0.0462935 0)
(-0.002492 0.0462914 0)
(-0.00333397 0.0461399 0)
(-0.00303135 0.0469152 0)
(-0.00206377 0.046066 0)
(-0.000775776 0.0469243 0)
(-0.00111419 0.047184 0)
(0.000702748 0.0480366 0)
(0.00196403 0.0463476 0)
(0.00446322 0.045253 0)
(0.000389783 0.0627243 0)
(0.000832173 0.0473786 0)
(0.00101248 0.0470432 0)
(0.00130273 0.0469159 0)
(0.0014257 0.0468222 0)
(0.00157491 0.0467975 0)
(0.00156231 0.0466583 0)
(0.00141488 0.0465306 0)
(0.00117898 0.0463915 0)
(0.00103536 0.0462064 0)
(0.000666596 0.0461175 0)
(0.000126413 0.0462626 0)
(-0.000585352 0.0458695 0)
(-0.00151796 0.0458298 0)
(-0.00125897 0.0456688 0)
(-0.000902173 0.0465235 0)
(-0.0014585 0.0463902 0)
(-0.00199439 0.0471946 0)
(-0.00262683 0.0475696 0)
(-0.00196017 0.0468984 0)
(-0.000244146 0.0452755 0)
(0.00115643 0.0451521 0)
(0.00218679 0.0439327 0)
(0.00032769 0.0623597 0)
(0.000668353 0.0473045 0)
(0.000811933 0.0470405 0)
(0.00102141 0.0469324 0)
(0.00100451 0.046806 0)
(0.00100456 0.0466388 0)
(0.000896572 0.046503 0)
(0.000657969 0.0464061 0)
(0.000289299 0.046289 0)
(-0.000119896 0.0462444 0)
(-0.000299273 0.0466518 0)
(2.71853e-05 0.0466673 0)
(-0.000292121 0.0468955 0)
(-0.000633999 0.0467962 0)
(-0.00189899 0.0472676 0)
(-0.00296636 0.04661 0)
(-0.00317852 0.0467265 0)
(-0.00275515 0.0467948 0)
(-0.00154538 0.0454119 0)
(-0.000472672 0.04545 0)
(-0.00106806 0.0460923 0)
(-0.000922348 0.0442711 0)
(0.000719751 0.0416989 0)
(0.000305668 0.0616452 0)
(0.000684769 0.0468402 0)
(0.000896209 0.0465944 0)
(0.00123859 0.0466314 0)
(0.00143251 0.0467174 0)
(0.00154844 0.046778 0)
(0.00156465 0.0468464 0)
(0.00150459 0.0469034 0)
(0.00134481 0.046965 0)
(0.000969234 0.0469748 0)
(0.000252052 0.0467524 0)
(-0.000813175 0.0469714 0)
(-0.00131028 0.0470852 0)
(-0.00164112 0.0472085 0)
(-0.00146636 0.0466966 0)
(-0.000983698 0.0463576 0)
(-0.00102729 0.0464193 0)
(-0.00155601 0.0461709 0)
(-0.00239642 0.0471279 0)
(-0.00316719 0.0462335 0)
(-0.00219042 0.0441302 0)
(-0.00165774 0.0431854 0)
(-0.00173565 0.0417801 0)
(0.000258001 0.0613828 0)
(0.00057354 0.0468138 0)
(0.000708047 0.0465322 0)
(0.000937792 0.0465601 0)
(0.00100006 0.046568 0)
(0.00100372 0.0465814 0)
(0.000893729 0.0466496 0)
(0.000705648 0.0467963 0)
(0.000462926 0.0469985 0)
(0.000230843 0.0472929 0)
(0.000133729 0.0476678 0)
(0.000314565 0.0476919 0)
(0.000122592 0.0475064 0)
(-0.000279938 0.047398 0)
(-0.000933578 0.047633 0)
(-0.00211425 0.0477882 0)
(-0.00301594 0.0475907 0)
(-0.0033306 0.0474199 0)
(-0.00313462 0.045839 0)
(-0.00258427 0.0452051 0)
(-0.00315798 0.0450277 0)
(-0.00374891 0.0434506 0)
(-0.003716 0.0414282 0)
(0.000280022 0.06073 0)
(0.000775225 0.0463432 0)
(0.00106389 0.0461059 0)
(0.00145888 0.0462722 0)
(0.00166839 0.0464667 0)
(0.00181641 0.0466915 0)
(0.00181198 0.0469144 0)
(0.00165617 0.0470855 0)
(0.00135574 0.0472138 0)
(0.000916079 0.0472867 0)
(0.000303311 0.0472957 0)
(-0.00053457 0.0475045 0)
(-0.00120607 0.047773 0)
(-0.0017568 0.0478105 0)
(-0.00214697 0.0476634 0)
(-0.00218792 0.0472668 0)
(-0.00221225 0.046946 0)
(-0.00259524 0.0468677 0)
(-0.00333334 0.0470579 0)
(-0.00418396 0.0462966 0)
(-0.00454384 0.04484 0)
(-0.0050341 0.0436329 0)
(-0.00580705 0.0421025 0)
(0.000281808 0.0603801 0)
(0.000706558 0.0461508 0)
(0.000933043 0.0458929 0)
(0.00126131 0.0461208 0)
(0.00139975 0.0463861 0)
(0.00150761 0.0467244 0)
(0.00151101 0.0471198 0)
(0.00141927 0.0475352 0)
(0.00122675 0.0479395 0)
(0.000969239 0.0482957 0)
(0.000656843 0.0486054 0)
(0.000326418 0.0486382 0)
(-7.75498e-05 0.0486119 0)
(-0.000579049 0.048684 0)
(-0.00121969 0.0487051 0)
(-0.00205872 0.0486976 0)
(-0.00299561 0.0485282 0)
(-0.00375228 0.0479957 0)
(-0.00426705 0.0471471 0)
(-0.00470358 0.0464612 0)
(-0.00550814 0.0457188 0)
(-0.00656037 0.0444763 0)
(-0.00759726 0.043004 0)
(0.00036786 0.059656 0)
(0.000951738 0.0455929 0)
(0.00125441 0.0453723 0)
(0.00170497 0.0456865 0)
(0.00193901 0.0460102 0)
(0.00215209 0.046398 0)
(0.00223604 0.0468133 0)
(0.0021885 0.0472301 0)
(0.00197726 0.0476196 0)
(0.00161185 0.0479425 0)
(0.00109426 0.0482468 0)
(0.000427085 0.0486181 0)
(-0.000311303 0.0488634 0)
(-0.00103782 0.0489452 0)
(-0.0017382 0.0489432 0)
(-0.00238113 0.0488092 0)
(-0.00298857 0.0485854 0)
(-0.00372063 0.0483816 0)
(-0.00462361 0.0481072 0)
(-0.00558439 0.0474943 0)
(-0.00655847 0.0465952 0)
(-0.00774588 0.0455678 0)
(-0.00914154 0.0443426 0)
(0.00042836 0.0590397 0)
(0.000966276 0.0453973 0)
(0.00118464 0.0451755 0)
(0.00159817 0.0455882 0)
(0.00179567 0.0460179 0)
(0.00201842 0.0465175 0)
(0.00220601 0.0471008 0)
(0.00237297 0.0477377 0)
(0.00242672 0.0483856 0)
(0.0022974 0.0490325 0)
(0.00194098 0.0494911 0)
(0.00135678 0.0497316 0)
(0.000593449 0.0498318 0)
(-0.00032064 0.0499116 0)
(-0.00127505 0.0499487 0)
(-0.00226948 0.0499237 0)
(-0.00326207 0.0497636 0)
(-0.00422866 0.0494326 0)
(-0.00518432 0.0489789 0)
(-0.00619457 0.0484538 0)
(-0.00735371 0.0477958 0)
(-0.00877794 0.0469428 0)
(-0.0104101 0.0459413 0)
(0.000620252 0.0581517 0)
(0.00104798 0.0448279 0)
(0.0010282 0.0446039 0)
(0.00133376 0.0450301 0)
(0.00141811 0.0454779 0)
(0.00157592 0.045987 0)
(0.0017404 0.0465909 0)
(0.00190293 0.0472642 0)
(0.00202767 0.0479839 0)
(0.00208794 0.0487838 0)
(0.00202467 0.0495883 0)
(0.00178163 0.0503156 0)
(0.00129906 0.0508571 0)
(0.000525179 0.0511027 0)
(-0.000530688 0.0510651 0)
(-0.00177702 0.0508315 0)
(-0.00306088 0.0505669 0)
(-0.00428584 0.0503552 0)
(-0.00548004 0.0500897 0)
(-0.00670165 0.0496837 0)
(-0.00801642 0.0491411 0)
(-0.00955514 0.0484928 0)
(-0.0113521 0.0477596 0)
(0.00070349 0.0574418 0)
(0.000863532 0.0450725 0)
(0.000305879 0.0449222 0)
(0.000283648 0.0453336 0)
(3.6047e-05 0.0458038 0)
(-3.05603e-05 0.0462908 0)
(-0.000126988 0.0467656 0)
(-0.00015936 0.0473497 0)
(-0.00010974 0.0480803 0)
(8.9919e-07 0.0488769 0)
(0.0001061 0.0497047 0)
(0.000152296 0.0504739 0)
(6.1228e-05 0.0511606 0)
(-0.000203197 0.0517627 0)
(-0.000647124 0.052224 0)
(-0.00133236 0.0524721 0)
(-0.00238112 0.0523552 0)
(-0.00387402 0.0518706 0)
(-0.00548258 0.051326 0)
(-0.00695345 0.0509539 0)
(-0.00845144 0.0506141 0)
(-0.0100892 0.0501973 0)
(-0.0119878 0.049725 0)
(0.000719964 0.0566851 0)
(0.000248844 0.0455088 0)
(-0.00124106 0.0453659 0)
(-0.00192079 0.0455986 0)
(-0.00278322 0.0459592 0)
(-0.003361 0.0463312 0)
(-0.00386352 0.0467623 0)
(-0.00419077 0.0472544 0)
(-0.00434068 0.0478493 0)
(-0.00428943 0.0485414 0)
(-0.00405774 0.0493635 0)
(-0.003736 0.0502423 0)
(-0.00343817 0.0510568 0)
(-0.00317844 0.0518004 0)
(-0.00302986 0.052366 0)
(-0.00311271 0.0527944 0)
(-0.00346521 0.0531514 0)
(-0.00400822 0.053406 0)
(-0.0049726 0.0532602 0)
(-0.00657277 0.0527192 0)
(-0.00849926 0.0522088 0)
(-0.0102939 0.0519401 0)
(-0.0123045 0.0517552 0)
(0.000565358 0.0564534 0)
(-0.000850319 0.046941 0)
(-0.00343761 0.0467959 0)
(-0.00508259 0.0468049 0)
(-0.00686163 0.0469418 0)
(-0.00823224 0.0471735 0)
(-0.00944146 0.0474169 0)
(-0.0103594 0.0476775 0)
(-0.0110009 0.0479689 0)
(-0.011285 0.0483572 0)
(-0.0111652 0.0489063 0)
(-0.0106295 0.0496072 0)
(-0.00978891 0.050417 0)
(-0.00888021 0.0512115 0)
(-0.00801157 0.0520008 0)
(-0.00731583 0.052673 0)
(-0.00684922 0.0531896 0)
(-0.0065157 0.0535527 0)
(-0.00657135 0.0539491 0)
(-0.00695831 0.0543518 0)
(-0.0079563 0.0543199 0)
(-0.00990019 0.0540175 0)
(-0.0122367 0.0539031 0)
(0.00018659 0.0567442 0)
(-0.00217234 0.0492936 0)
(-0.00562281 0.049099 0)
(-0.00821326 0.0488693 0)
(-0.0109016 0.0487517 0)
(-0.0131678 0.0486948 0)
(-0.0151373 0.0486816 0)
(-0.0167903 0.0487189 0)
(-0.0181261 0.0488131 0)
(-0.0190606 0.048833 0)
(-0.0196295 0.0488691 0)
(-0.0197437 0.0490359 0)
(-0.0192994 0.0493876 0)
(-0.018287 0.049911 0)
(-0.0167819 0.0505731 0)
(-0.0149094 0.0513985 0)
(-0.0129499 0.052295 0)
(-0.0114107 0.0531285 0)
(-0.0103891 0.0537823 0)
(-0.00977959 0.0543577 0)
(-0.00955879 0.0551854 0)
(-0.00991905 0.0560581 0)
(-0.0117212 0.0564415 0)
(-0.000197382 0.0581402 0)
(-0.00295721 0.0527469 0)
(-0.00678504 0.0524913 0)
(-0.00982419 0.0520819 0)
(-0.0129376 0.0516942 0)
(-0.0157342 0.0512653 0)
(-0.0181918 0.050891 0)
(-0.0202995 0.0505127 0)
(-0.0219227 0.0500873 0)
(-0.0232445 0.0497281 0)
(-0.024188 0.0493989 0)
(-0.0247402 0.0491896 0)
(-0.0249203 0.0490905 0)
(-0.0247293 0.0490551 0)
(-0.0241214 0.0491515 0)
(-0.0230539 0.0494349 0)
(-0.0214904 0.0499628 0)
(-0.0193872 0.0508333 0)
(-0.0169327 0.0520267 0)
(-0.0147082 0.0534513 0)
(-0.0131159 0.0549547 0)
(-0.0124118 0.0563359 0)
(-0.0122263 0.057808 0)
(-0.000497312 0.0599617 0)
(-0.00326616 0.0562385 0)
(-0.00674448 0.0558245 0)
(-0.00969341 0.0552674 0)
(-0.0127528 0.0547181 0)
(-0.0156058 0.0541146 0)
(-0.0182782 0.05346 0)
(-0.0206954 0.0527717 0)
(-0.022894 0.0520863 0)
(-0.0247582 0.0514146 0)
(-0.0262259 0.0507561 0)
(-0.0272855 0.0500943 0)
(-0.0278851 0.0494924 0)
(-0.0280521 0.048994 0)
(-0.0278356 0.0486318 0)
(-0.027253 0.0484569 0)
(-0.0262763 0.0485206 0)
(-0.0248944 0.0488691 0)
(-0.0231278 0.0496252 0)
(-0.0209964 0.0508244 0)
(-0.0185653 0.0526248 0)
(-0.0161881 0.0550895 0)
(-0.0143948 0.0576442 0)
(-0.000841895 0.0633721 0)
(-0.00375338 0.060969 0)
(-0.00711418 0.0606023 0)
(-0.0100608 0.0599853 0)
(-0.0131213 0.0592899 0)
(-0.0159869 0.0584362 0)
(-0.0187155 0.0574682 0)
(-0.0212346 0.0563962 0)
(-0.0235039 0.0552421 0)
(-0.0254949 0.0540372 0)
(-0.0271917 0.0528092 0)
(-0.0285631 0.0515783 0)
(-0.0295693 0.0503723 0)
(-0.0301344 0.0493254 0)
(-0.0302238 0.0483066 0)
(-0.0298232 0.0475381 0)
(-0.0290389 0.0470301 0)
(-0.0279019 0.046818 0)
(-0.0264273 0.0470596 0)
(-0.0247357 0.0478441 0)
(-0.0228324 0.0492371 0)
(-0.0207629 0.0514382 0)
(-0.0185414 0.0545775 0)
(0.107859 -0.219422 0)
(0.209525 -0.205806 0)
(0.267828 -0.266964 0)
(0.3904 -0.267862 0)
(0.28981 -0.0954044 0)
(0.342495 -0.0981356 0)
(0.379033 -0.144204 0)
(0.438003 -0.181238 0)
(0.552578 -0.271802 0)
(0.605765 -0.306178 0)
(0.63097 -0.356164 0)
(0.683245 -0.420092 0)
(0.514582 -0.437425 0)
(0.519611 -0.465073 0)
(0.536921 -0.509392 0)
(0.546638 -0.531088 0)
(0.341917 -0.361852 0)
(0.327348 -0.40069 0)
(0.186012 -0.378853 0)
(-0.0242931 0.0443038 0)
(-0.562244 0.748756 0)
(-1.11492 0.801583 0)
(-1.56505 1.11696 0)
(-1.72842 1.59466 0)
(-1.00879 0.345573 0)
(-0.992848 0.729809 0)
(-1.22476 1.03602 0)
(-1.1866 1.3621 0)
(-0.463114 0.202372 0)
(-0.465909 0.561244 0)
(-0.376173 0.797789 0)
(-0.230772 0.990826 0)
(-0.218766 0.442536 0)
(-0.169247 0.572143 0)
(-0.0712463 0.688859 0)
(0.0675912 0.784247 0)
(-0.104143 0.311236 0)
(-0.0676822 0.405596 0)
(-0.00794497 0.484671 0)
(0.0736915 0.547789 0)
(-0.0589046 0.267002 0)
(-0.0364041 0.305604 0)
(-0.000922432 0.343362 0)
(0.0425373 0.373311 0)
(-0.0907001 0.258379 0)
(-0.064798 0.276468 0)
(-0.0343042 0.293126 0)
(-0.000620608 0.30115 0)
(-0.0865619 0.196486 0)
(-0.0653417 0.209042 0)
(-0.0431418 0.219884 0)
(-0.0188885 0.223067 0)
(-0.0677832 0.159596 0)
(-0.0540824 0.168447 0)
(-0.0391134 0.174933 0)
(-0.0244324 0.176385 0)
(-0.0562786 0.144747 0)
(-0.0468629 0.149366 0)
(-0.0356211 0.152298 0)
(-0.0258082 0.153054 0)
(-0.0393705 0.12645 0)
(-0.0319703 0.129496 0)
(-0.0244702 0.131131 0)
(-0.0183769 0.133883 0)
(-0.0291563 0.110809 0)
(-0.0216969 0.113672 0)
(-0.0148531 0.116732 0)
(-0.00986994 0.119628 0)
(-0.0155799 0.0987891 0)
(-0.00989571 0.101495 0)
(-0.00429586 0.106462 0)
(-0.000413778 0.110207 0)
(-0.00643547 0.0858568 0)
(-0.00217461 0.0881337 0)
(0.00215413 0.0937213 0)
(0.00545691 0.0976165 0)
(0.00215122 0.0809538 0)
(0.00553664 0.0835555 0)
(0.0091175 0.0878152 0)
(0.0127676 0.0907559 0)
(0.00181086 0.0731712 0)
(0.00558253 0.0757894 0)
(0.0100357 0.0782594 0)
(0.0144655 0.0799671 0)
(0.00779703 0.0652193 0)
(0.0108384 0.0660869 0)
(0.0154866 0.0671695 0)
(0.0197418 0.0691308 0)
(0.00737025 0.0607409 0)
(0.0105337 0.0609591 0)
(0.0144612 0.0595274 0)
(0.0184949 0.0591892 0)
(0.00988653 0.0522528 0)
(0.0123821 0.0527722 0)
(0.0151809 0.0521279 0)
(0.0180582 0.0511924 0)
(0.00777545 0.0478363 0)
(0.00963096 0.0484229 0)
(0.0123319 0.0475443 0)
(0.0149906 0.0459544 0)
(0.00597815 0.0447261 0)
(0.0076199 0.0431635 0)
(0.00939959 0.0421227 0)
(0.0114544 0.0399941 0)
(0.00436257 0.0409148 0)
(0.00511954 0.0405007 0)
(0.00618213 0.0389318 0)
(0.0072905 0.0376639 0)
(0.00126744 0.0403291 0)
(0.00172671 0.0385761 0)
(0.00227314 0.0374796 0)
(0.00259335 0.0355025 0)
(-0.00115886 0.0392338 0)
(-0.0010766 0.0379858 0)
(-0.00105055 0.0364475 0)
(-0.00120959 0.0349272 0)
(-0.003827 0.0397038 0)
(-0.00407959 0.0381639 0)
(-0.00437288 0.0367982 0)
(-0.00511277 0.0352641 0)
(-0.00621136 0.0403653 0)
(-0.00670171 0.0390884 0)
(-0.00725892 0.0377487 0)
(-0.00829073 0.036406 0)
(-0.00836342 0.0416382 0)
(-0.00906653 0.0405207 0)
(-0.00978475 0.0393511 0)
(-0.0110388 0.0381609 0)
(-0.0101732 0.0432216 0)
(-0.0110381 0.0423457 0)
(-0.0118938 0.0413753 0)
(-0.0132562 0.0403838 0)
(-0.0116409 0.0450838 0)
(-0.012626 0.0444261 0)
(-0.0135762 0.043682 0)
(-0.0149773 0.042902 0)
(-0.0127407 0.0471477 0)
(-0.0138067 0.0466987 0)
(-0.0148352 0.0461762 0)
(-0.016232 0.045612 0)
(-0.0134772 0.049347 0)
(-0.0146007 0.0490814 0)
(-0.0156961 0.0487709 0)
(-0.0170604 0.0484183 0)
(-0.0138582 0.0516192 0)
(-0.0149994 0.0515151 0)
(-0.0161443 0.0513979 0)
(-0.0174795 0.051246 0)
(-0.0138393 0.053961 0)
(-0.01502 0.0539981 0)
(-0.0161844 0.0540272 0)
(-0.0174937 0.0540416 0)
(-0.0134332 0.0564414 0)
(-0.0146109 0.0565486 0)
(-0.0158174 0.0566889 0)
(-0.0171189 0.0568656 0)
(-0.0128538 0.0586682 0)
(-0.013701 0.059079 0)
(-0.014723 0.059364 0)
(-0.0159618 0.0596129 0)
(-0.0141371 0.0593804 0)
(-0.0139801 0.0604832 0)
(-0.0141513 0.0614358 0)
(-0.0145731 0.0622833 0)
(-0.0175913 0.0570576 0)
(-0.0169375 0.0586293 0)
(-0.0164904 0.0601523 0)
(-0.0161564 0.0616347 0)
(0.486177 -0.443487 0)
(0.486741 -0.456845 0)
(0.511084 -0.41336 0)
(0.508798 -0.30021 0)
(0.4847 -0.169995 0)
(0.462493 -0.108359 0)
(0.444166 -0.0801821 0)
(0.443406 -0.0374783 0)
(0.417914 -0.00688733 0)
(0.433614 0.00731105 0)
(0.473586 0.0953618 0)
(0.451979 0.166646 0)
(0.281391 0.181999 0)
(0.282812 0.365423 0)
(-0.02436 0.332943 0)
(-0.0977376 0.361316 0)
(0.218904 0.721549 0)
(-0.179192 0.42547 0)
(0.32726 -0.224049 0)
(0.524616 -0.410528 0)
(0.586765 -0.549812 0)
(0.631274 -0.564394 0)
(0.659309 -0.42938 0)
(0.606424 -0.31835 0)
(0.470949 -0.164375 0)
(0.391797 -0.0498155 0)
(0.408023 -0.0373394 0)
(0.398722 0.00445115 0)
(0.349976 0.0270702 0)
(0.324938 0.100698 0)
(0.307671 0.182492 0)
(0.21338 0.216819 0)
(0.173614 0.597672 0)
(0.00807243 0.657335 0)
(-0.0806667 0.292543 0)
(0.219873 0.658224 0)
(0.0479216 0.397852 0)
(0.350491 -0.141751 0)
(0.683384 -0.507601 0)
(0.588013 -0.504546 0)
(0.0613291 -0.385117 0)
(-0.337785 0.265256 0)
(-0.388229 0.0880241 0)
(0.131473 0.00863341 0)
(0.363709 -0.0535695 0)
(0.410714 -0.0677097 0)
(0.407374 0.0497455 0)
(0.419332 0.103717 0)
(0.362732 0.170418 0)
(0.311034 0.230728 0)
(0.219366 0.277862 0)
(0.126711 0.588665 0)
(0.223024 0.568259 0)
(0.164244 0.363499 0)
(0.354722 0.500751 0)
(0.200908 0.454318 0)
(0.351087 0.0354946 0)
(0.367939 -0.500026 0)
(-1.13462 -0.0287911 0)
(-2.838 0.53445 0)
(-2.3906 -0.0157688 0)
(-1.78738 -0.513847 0)
(-1.46609 -0.438534 0)
(-0.692666 -0.438103 0)
(-0.00871322 -0.178782 0)
(0.356076 0.0608179 0)
(0.454092 0.0195359 0)
(0.431088 0.168454 0)
(0.407087 0.316143 0)
(0.347992 0.39562 0)
(0.33032 0.468628 0)
(0.417103 0.47323 0)
(0.428137 0.365643 0)
(0.50008 0.399998 0)
(0.344679 0.582373 0)
(0.399979 0.286588 0)
(-2.11104 2.10645 0)
(-2.49913 2.19803 0)
(-1.39293 -0.197855 0)
(-0.896251 -0.962519 0)
(-0.673187 -0.908088 0)
(-0.552245 -0.891957 0)
(-0.468368 -0.871188 0)
(-0.350323 -0.712466 0)
(0.0184609 -0.419371 0)
(0.561515 0.11248 0)
(0.654165 0.318036 0)
(0.488999 0.259105 0)
(0.371263 0.381122 0)
(0.372331 0.44702 0)
(0.421586 0.424286 0)
(0.46021 0.343811 0)
(0.512558 0.392565 0)
(0.436681 0.659946 0)
(0.432867 0.616798 0)
(-1.96168 1.84206 0)
(-1.87813 1.597 0)
(-0.816384 -0.768625 0)
(-0.739879 -1.02869 0)
(-0.657611 -1.0427 0)
(-0.56629 -1.0031 0)
(-0.454278 -0.968123 0)
(-0.320351 -0.897835 0)
(-0.135056 -0.78135 0)
(0.125073 -0.426653 0)
(0.640134 0.15641 0)
(0.72345 0.710845 0)
(0.490365 0.4858 0)
(0.383054 0.427225 0)
(0.388846 0.38221 0)
(0.439197 0.296984 0)
(0.481915 0.342165 0)
(0.445569 0.640165 0)
(0.446496 0.932353 0)
(-1.16719 1.48067 0)
(-0.703778 0.880534 0)
(-0.68435 -0.847335 0)
(-0.864096 -0.953129 0)
(-0.767958 -1.05179 0)
(-0.66078 -1.14579 0)
(-0.54274 -1.13247 0)
(-0.431108 -1.05915 0)
(-0.31984 -0.926263 0)
(-0.137176 -0.732983 0)
(0.119361 -0.203362 0)
(0.748648 0.448352 0)
(0.731389 0.676338 0)
(0.45224 0.562736 0)
(0.323739 0.311565 0)
(0.264534 0.234314 0)
(0.31191 0.382146 0)
(0.174444 0.910183 0)
(0.254081 1.48611 0)
(-0.0855122 1.18135 0)
(0.30072 0.937999 0)
(-0.0824435 -0.370537 0)
(-0.947348 -0.679158 0)
(-1.00864 -0.884445 0)
(-0.777125 -1.13665 0)
(-0.522399 -1.18757 0)
(-0.39889 -1.17302 0)
(-0.327813 -1.07947 0)
(-0.228947 -0.86083 0)
(-0.147113 -0.611172 0)
(0.236811 0.0212529 0)
(0.512913 0.905318 0)
(0.293384 0.686074 0)
(0.16247 0.422273 0)
(0.0200211 0.242929 0)
(-0.0220637 0.590419 0)
(-0.774106 1.39914 0)
(-0.0658327 0.878661 0)
(0.283555 0.909758 0)
(0.606795 0.77494 0)
(0.585005 0.228741 0)
(0.174753 -0.406567 0)
(-0.256726 -0.797139 0)
(-0.523139 -1.07908 0)
(-0.434384 -1.30345 0)
(-0.385455 -1.20516 0)
(-0.333022 -1.13356 0)
(-0.277221 -0.944579 0)
(-0.264716 -0.650063 0)
(-0.245321 -0.289269 0)
(-0.0373332 1.03968 0)
(-0.0614035 0.980585 0)
(-0.0660287 0.438931 0)
(-0.143995 0.323887 0)
(-0.347254 0.829069 0)
(-0.520808 1.47002 0)
(0.274343 0.343261 0)
(0.238704 0.620521 0)
(0.506162 0.600484 0)
(0.63419 0.247332 0)
(0.544725 -0.162371 0)
(0.471457 -0.587143 0)
(-0.0668494 -1.05065 0)
(0.276837 -1.50597 0)
(-0.340863 -1.23472 0)
(-0.360417 -1.13635 0)
(-0.367255 -0.953109 0)
(-0.397081 -0.65245 0)
(-0.394613 -0.229996 0)
(-0.538825 0.747349 0)
(-0.249569 0.986303 0)
(-0.260825 0.533908 0)
(-0.253027 0.404477 0)
(-0.394231 0.75384 0)
(-0.28012 1.40714 0)
(0.287374 0.399072 0)
(0.143131 0.412378 0)
(0.304942 0.363874 0)
(0.496082 0.191934 0)
(0.487107 -0.162349 0)
(0.536629 -0.519755 0)
(0.00484599 -0.867761 0)
(0.511593 -1.23616 0)
(-0.247568 -1.05254 0)
(-0.408933 -1.03781 0)
(-0.445926 -0.917525 0)
(-0.512903 -0.616992 0)
(-0.516721 -0.184087 0)
(-0.627154 0.474557 0)
(-0.392044 0.807642 0)
(-0.44543 0.759398 0)
(-0.240107 0.442008 0)
(-0.240614 0.633268 0)
(-0.0524549 0.879751 0)
(0.215599 0.517764 0)
(0.0688678 0.305271 0)
(0.170169 0.234026 0)
(0.279191 0.0773501 0)
(0.274516 -0.147632 0)
(0.31312 -0.423079 0)
(-0.180303 -0.742536 0)
(0.277494 -0.866881 0)
(-0.314809 -0.905987 0)
(-0.490766 -0.917517 0)
(-0.568264 -0.845701 0)
(-0.625521 -0.553241 0)
(-0.668155 -0.0949375 0)
(-0.794463 0.445979 0)
(-0.643572 0.694965 0)
(-0.376243 0.507978 0)
(-0.302095 0.482912 0)
(-0.0796441 0.504762 0)
(-0.0407543 0.744222 0)
(0.147576 0.591168 0)
(0.0292715 0.221777 0)
(0.0896993 0.165757 0)
(0.128569 0.0606265 0)
(0.0929462 -0.0957984 0)
(-0.0101382 -0.275805 0)
(-0.301125 -0.603658 0)
(-0.332909 -0.858867 0)
(-0.544727 -0.875015 0)
(-0.632994 -0.861042 0)
(-0.691364 -0.805864 0)
(-0.743409 -0.519485 0)
(-0.800582 0.00839384 0)
(-1.00694 0.356582 0)
(-0.650413 0.437273 0)
(-0.420544 0.269443 0)
(-0.521491 0.420734 0)
(-0.0709742 0.438419 0)
(-0.0471052 0.693008 0)
(0.0889659 0.624419 0)
(0.00366876 0.174104 0)
(0.033555 0.139441 0)
(0.034062 0.0819117 0)
(-0.0217492 0.00274325 0)
(-0.169152 -0.0945658 0)
(-0.374461 -0.291455 0)
(-0.595183 -0.80491 0)
(-0.740076 -0.846457 0)
(-0.797462 -0.825034 0)
(-0.818129 -0.771569 0)
(-0.851182 -0.520344 0)
(-0.830823 0.0363836 0)
(-0.969369 0.340098 0)
(-0.668209 0.37692 0)
(-0.420231 0.354461 0)
(-0.633486 0.0447895 0)
(-0.154695 0.322633 0)
(-0.0711965 0.591625 0)
(0.0440042 0.628805 0)
(-0.00668032 0.151843 0)
(0.00916612 0.135609 0)
(-0.000679078 0.115816 0)
(-0.0543041 0.0977701 0)
(-0.187312 0.0994403 0)
(-0.397661 -0.00401141 0)
(-0.768586 -0.684364 0)
(-0.888403 -0.815088 0)
(-0.930638 -0.793364 0)
(-0.933984 -0.75455 0)
(-0.930866 -0.556415 0)
(-0.852663 -0.13905 0)
(-0.51113 0.28652 0)
(-0.277743 -0.315084 0)
(-0.39424 -0.334389 0)
(-0.155531 0.0537967 0)
(-0.13152 0.264245 0)
(-0.143194 0.48835 0)
(-0.0368932 0.589505 0)
(-0.00684988 0.136495 0)
(0.00174254 0.133365 0)
(-0.0019154 0.139765 0)
(-0.0209017 0.161232 0)
(-0.0534144 0.22936 0)
(-0.0935885 0.301128 0)
(-0.395048 -0.168165 0)
(-0.861865 -0.784126 0)
(-0.952563 -0.778305 0)
(-1.00784 -0.71483 0)
(-0.99166 -0.604961 0)
(-0.957667 -0.307996 0)
(-0.708352 0.0545084 0)
(-0.526401 0.0641401 0)
(-0.510939 0.0844294 0)
(-0.496407 0.180371 0)
(-0.437168 0.314203 0)
(-0.313414 0.445318 0)
(-0.0771184 0.474985 0)
(0.00159026 0.125049 0)
(0.0132928 0.13133 0)
(0.0199462 0.142998 0)
(0.0250531 0.165903 0)
(0.0375673 0.218257 0)
(0.0777587 0.309789 0)
(0.0639294 0.26789 0)
(-0.335677 -0.437908 0)
(-0.868842 -0.811492 0)
(-1.00693 -0.681068 0)
(-1.04512 -0.552283 0)
(-1.06061 -0.386162 0)
(-1.02148 -0.152527 0)
(-0.882264 -0.0287254 0)
(-0.844209 0.0123835 0)
(-0.784749 0.0347281 0)
(-0.634969 0.0855208 0)
(-0.395081 0.180828 0)
(-0.155271 0.20239 0)
(0.00958256 0.115579 0)
(0.0206242 0.123488 0)
(0.0333745 0.136124 0)
(0.0502388 0.156532 0)
(0.0766816 0.189008 0)
(0.127335 0.231658 0)
(0.203888 0.260267 0)
(0.152907 0.217706 0)
(-0.26928 -0.407302 0)
(-0.847173 -0.770033 0)
(-0.999624 -0.541519 0)
(-1.00485 -0.352812 0)
(-1.0325 -0.171138 0)
(-1.02849 -0.0707516 0)
(-0.958092 -0.0159315 0)
(-0.934765 0.0200828 0)
(-0.786982 0.00608119 0)
(-0.488742 -0.0411885 0)
(-0.216308 -0.0474438 0)
(0.0155121 0.102593 0)
(0.0288679 0.108845 0)
(0.0473061 0.116259 0)
(0.0721435 0.130623 0)
(0.100535 0.14873 0)
(0.152044 0.168501 0)
(0.212442 0.180961 0)
(0.318696 0.156859 0)
(0.269104 0.18863 0)
(0.00391401 -0.0185113 0)
(-0.645627 -0.612321 0)
(-0.951792 -0.388587 0)
(-0.888717 -0.230543 0)
(-0.842422 -0.122486 0)
(-0.790881 -0.0833398 0)
(-0.681732 -0.126236 0)
(-0.590631 -0.270287 0)
(-0.383498 -0.492255 0)
(-0.239881 -0.625878 0)
(0.0223237 0.0928539 0)
(0.0369134 0.0966001 0)
(0.0546822 0.100859 0)
(0.0789163 0.109399 0)
(0.108693 0.115656 0)
(0.155626 0.116342 0)
(0.202747 0.110324 0)
(0.28604 0.0883622 0)
(0.322628 0.0706544 0)
(0.398725 0.117717 0)
(0.416645 0.327098 0)
(-0.232863 -0.12759 0)
(-0.6973 -0.263699 0)
(-0.729311 -0.137969 0)
(-0.64521 -0.148149 0)
(-0.546128 -0.122828 0)
(-0.648502 0.0980816 0)
(-0.345233 -0.397446 0)
(-0.126104 -0.716662 0)
(0.0235942 0.0783979 0)
(0.0391894 0.0786885 0)
(0.0593872 0.0791627 0)
(0.080044 0.0814548 0)
(0.109879 0.0799456 0)
(0.150649 0.0717164 0)
(0.190572 0.0581031 0)
(0.2566 0.0322454 0)
(0.29885 0.0289081 0)
(0.391994 -0.00297018 0)
(0.542536 0.126422 0)
(0.510481 0.378571 0)
(0.101691 0.221791 0)
(-0.326036 -0.145707 0)
(-0.378405 -0.11123 0)
(-0.358145 -0.0927069 0)
(-0.190272 -0.0594393 0)
(-0.320407 -0.081854 0)
(-0.0538412 -0.804347 0)
(0.0278635 0.0683844 0)
(0.0402715 0.0647259 0)
(0.0570887 0.0638307 0)
(0.0761048 0.0612431 0)
(0.102105 0.0512492 0)
(0.138311 0.0340852 0)
(0.172219 0.0153773 0)
(0.235222 -0.0177305 0)
(0.276805 -0.0474813 0)
(0.399423 -0.0744916 0)
(0.483253 0.0307869 0)
(0.588641 0.43232 0)
(0.48734 0.468203 0)
(-0.0179831 0.133086 0)
(-0.278565 -0.243899 0)
(-0.310625 -0.401524 0)
(0.0215586 -0.491236 0)
(-0.00170036 -0.724359 0)
(0.00303677 -1.14803 0)
(0.025526 0.0571227 0)
(0.0370857 0.0524962 0)
(0.051599 0.0482274 0)
(0.0681185 0.0402622 0)
(0.090187 0.0255264 0)
(0.117321 0.00472355 0)
(0.144435 -0.0223232 0)
(0.200096 -0.0670949 0)
(0.224847 -0.127749 0)
(0.364288 -0.161525 0)
(0.363004 -0.0623251 0)
(0.561798 0.410535 0)
(0.528489 0.619856 0)
(0.344918 0.509314 0)
(0.0688479 0.121397 0)
(-0.118585 -0.343496 0)
(0.0739745 -0.41115 0)
(-0.116794 -0.526134 0)
(-0.00852833 -1.00973 0)
(0.0240931 0.0481957 0)
(0.031945 0.0422376 0)
(0.0436556 0.0358474 0)
(0.0567269 0.0253286 0)
(0.0721276 0.00730809 0)
(0.0923158 -0.0169093 0)
(0.109427 -0.0505346 0)
(0.149665 -0.10055 0)
(0.150956 -0.177895 0)
(0.266723 -0.234001 0)
(0.214917 -0.159788 0)
(0.470443 0.341428 0)
(0.455025 0.65746 0)
(0.35782 0.597894 0)
(0.246247 0.283617 0)
(0.117684 -0.27074 0)
(0.173368 -0.453803 0)
(-0.0596037 -0.558767 0)
(0.0308556 -0.925834 0)
(0.0196991 0.042414 0)
(0.0256237 0.0345335 0)
(0.0342285 0.0265322 0)
(0.0433361 0.0136819 0)
(0.0524532 -0.00505573 0)
(0.064484 -0.0294848 0)
(0.0715653 -0.0654381 0)
(0.0900704 -0.115285 0)
(0.0705852 -0.196445 0)
(0.134615 -0.261855 0)
(0.0289142 -0.283258 0)
(0.306458 0.343942 0)
(0.285595 0.662637 0)
(0.295903 0.600867 0)
(0.267873 0.336865 0)
(0.25083 -0.218319 0)
(0.27139 -0.373287 0)
(0.100816 -0.464316 0)
(0.0551929 -0.938223 0)
(0.0154455 0.0361201 0)
(0.0185842 0.0296898 0)
(0.0240377 0.0201172 0)
(0.0292941 0.00788609 0)
(0.0326006 -0.0105316 0)
(0.0370342 -0.0343051 0)
(0.0346568 -0.066758 0)
(0.0314602 -0.112081 0)
(0.00321317 -0.181763 0)
(-0.0145985 -0.24193 0)
(-0.12686 -0.272228 0)
(-0.0424753 0.248971 0)
(0.135779 0.654055 0)
(0.168925 0.58235 0)
(0.234627 0.321241 0)
(0.294411 -0.198548 0)
(0.289057 -0.333058 0)
(0.139394 -0.377524 0)
(0.0304078 -0.91997 0)
(0.0093559 0.0344696 0)
(0.0116062 0.0260129 0)
(0.0136517 0.0172339 0)
(0.0159776 0.00522148 0)
(0.0148929 -0.011158 0)
(0.0129294 -0.0317886 0)
(0.00330743 -0.0584896 0)
(-0.0133853 -0.093811 0)
(-0.0480304 -0.140339 0)
(-0.111287 -0.185911 0)
(-0.23353 -0.214314 0)
(-0.274158 0.120443 0)
(-0.0208168 0.50851 0)
(0.0445078 0.47405 0)
(0.210108 0.21353 0)
(0.270603 -0.193918 0)
(0.23329 -0.269176 0)
(0.071243 -0.27637 0)
(0.015196 -0.854955 0)
(0.00445837 0.0317977 0)
(0.00470227 0.02542 0)
(0.00436081 0.0165537 0)
(0.00412466 0.00607174 0)
(-0.000258702 -0.00793077 0)
(-0.00654187 -0.0246769 0)
(-0.0201121 -0.0448438 0)
(-0.0414772 -0.0688782 0)
(-0.0790916 -0.0946068 0)
(-0.138297 -0.11806 0)
(-0.249358 -0.122053 0)
(-0.333121 0.058688 0)
(-0.169887 0.30665 0)
(-0.0578065 0.306072 0)
(0.156239 0.0537972 0)
(0.114614 -0.159557 0)
(0.0871822 -0.183881 0)
(-0.031812 -0.208464 0)
(0.0255909 -0.858177 0)
(-0.000913075 0.0319388 0)
(-0.00160492 0.025567 0)
(-0.00372402 0.0179705 0)
(-0.00605249 0.00897646 0)
(-0.0123392 -0.00233934 0)
(-0.0210085 -0.0151654 0)
(-0.0358766 -0.0291173 0)
(-0.0575494 -0.0438306 0)
(-0.0918894 -0.0562699 0)
(-0.139771 -0.060024 0)
(-0.20891 -0.0419455 0)
(-0.27524 0.0699808 0)
(-0.200564 0.198525 0)
(-0.106152 0.162576 0)
(0.0113535 0.0182347 0)
(-0.101046 -0.105264 0)
(-0.104527 -0.136711 0)
(-0.136014 -0.242885 0)
(0.0415891 -0.904295 0)
(-0.0054204 0.0324149 0)
(-0.00706633 0.0272526 0)
(-0.0105216 0.0206924 0)
(-0.0142654 0.0133758 0)
(-0.0215403 0.00465967 0)
(-0.0311104 -0.00465538 0)
(-0.0454742 -0.0136771 0)
(-0.0650846 -0.0215737 0)
(-0.0932198 -0.025378 0)
(-0.126125 -0.0178289 0)
(-0.169868 0.00647443 0)
(-0.207283 0.0783992 0)
(-0.169479 0.155646 0)
(-0.156532 0.120756 0)
(-0.162541 0.0696736 0)
(-0.347407 -0.0254134 0)
(-0.359884 -0.134211 0)
(-0.225598 -0.392969 0)
(0.0428318 -0.864442 0)
(-0.00942586 0.0340081 0)
(-0.0117395 0.0296362 0)
(-0.0159297 0.024324 0)
(-0.0205855 0.0185706 0)
(-0.0281778 0.0121383 0)
(-0.0377822 0.00571985 0)
(-0.0508303 0.000557876 0)
(-0.067322 -0.0025216 0)
(-0.0883364 -0.00185168 0)
(-0.111179 0.00982515 0)
(-0.13593 0.0344273 0)
(-0.161449 0.0871324 0)
(-0.142779 0.151755 0)
(-0.196158 0.162804 0)
(-0.34439 0.199527 0)
(-0.668931 0.160016 0)
(-0.640783 -0.105765 0)
(-0.158482 -0.486883 0)
(0.0773275 -0.796703 0)
(-0.0127093 0.0361192 0)
(-0.0155154 0.0326556 0)
(-0.0201293 0.0284909 0)
(-0.0252956 0.0241044 0)
(-0.0327575 0.0195357 0)
(-0.0417073 0.0153424 0)
(-0.053016 0.0125921 0)
(-0.0662661 0.0114514 0)
(-0.0811572 0.0143459 0)
(-0.0951103 0.0251344 0)
(-0.107375 0.0467124 0)
(-0.120982 0.0945776 0)
(-0.112868 0.17927 0)
(-0.204056 0.27471 0)
(-0.541461 0.459636 0)
(-0.739795 0.314993 0)
(-0.181038 -0.777156 0)
(-0.0290397 -0.991321 0)
(0.064792 -0.983758 0)
(-0.0153316 0.0387275 0)
(-0.0184916 0.0360566 0)
(-0.0232648 0.032938 0)
(-0.0286497 0.0297106 0)
(-0.035792 0.0265787 0)
(-0.0440714 0.0238412 0)
(-0.0537968 0.0220707 0)
(-0.0642671 0.0218325 0)
(-0.0753806 0.02475 0)
(-0.0816938 0.0336773 0)
(-0.0801089 0.0531235 0)
(-0.0746356 0.103294 0)
(-0.0476059 0.219025 0)
(-0.17995 0.431447 0)
(-0.505645 0.600712 0)
(-0.399445 0.0481025 0)
(-0.037454 -0.949093 0)
(-0.0672901 -0.997132 0)
(0.050057 -0.982407 0)
(-0.0173038 0.0416233 0)
(-0.0206963 0.0396722 0)
(-0.0255034 0.0374711 0)
(-0.0309562 0.0352547 0)
(-0.0377057 0.0332641 0)
(-0.0453628 0.0316244 0)
(-0.0539672 0.0306145 0)
(-0.0625469 0.030186 0)
(-0.0690959 0.0300855 0)
(-0.0685928 0.0299723 0)
(-0.0578245 0.0328249 0)
(-0.0439642 0.0730843 0)
(-0.045256 0.25735 0)
(-0.215208 0.612035 0)
(-0.346625 0.697804 0)
(-0.173159 -0.140154 0)
(-0.038867 -0.974217 0)
(-0.0841683 -0.993632 0)
(0.0645874 -0.984835 0)
(-0.0186922 0.0446968 0)
(-0.022239 0.04339 0)
(-0.026952 0.0419882 0)
(-0.0323451 0.0406879 0)
(-0.0387828 0.0397062 0)
(-0.0461143 0.0390468 0)
(-0.054606 0.0388438 0)
(-0.0641452 0.0386327 0)
(-0.0748631 0.036988 0)
(-0.0848767 0.0315657 0)
(-0.0977731 0.0319235 0)
(-0.120824 0.107518 0)
(-0.161883 0.388914 0)
(-0.17172 0.652429 0)
(-0.20666 0.6609 0)
(-0.029532 -0.185515 0)
(-0.0313993 -0.967955 0)
(-0.119855 -1.00744 0)
(0.11155 -0.993172 0)
(-0.0195415 0.0478547 0)
(-0.0231478 0.0471143 0)
(-0.027702 0.046421 0)
(-0.0329041 0.0459087 0)
(-0.0389426 0.0458145 0)
(-0.0458133 0.0461648 0)
(-0.053879 0.0472695 0)
(-0.0634901 0.0491381 0)
(-0.076061 0.0519406 0)
(-0.0932853 0.0561902 0)
(-0.125639 0.0729962 0)
(-0.170123 0.155206 0)
(-0.169953 0.396759 0)
(-0.135977 0.599643 0)
(-0.0238781 0.563027 0)
(0.14394 -0.210159 0)
(0.228268 -0.934089 0)
(-0.246446 -1.08059 0)
(0.191332 -0.984412 0)
(-0.0199288 0.0510109 0)
(-0.0235302 0.0507689 0)
(-0.0278642 0.0507092 0)
(-0.0327837 0.0508859 0)
(-0.0383372 0.051561 0)
(-0.0445475 0.0528174 0)
(-0.0516408 0.0551264 0)
(-0.0598733 0.0590317 0)
(-0.0702249 0.0659061 0)
(-0.0832234 0.0783007 0)
(-0.105018 0.104331 0)
(-0.135325 0.172569 0)
(-0.116908 0.345103 0)
(-0.0232429 0.462143 0)
(0.239324 0.340854 0)
(0.334262 -0.253423 0)
(0.592695 -0.791454 0)
(-0.360629 -1.00559 0)
(0.296817 -0.953138 0)
(-0.0198813 0.0540757 0)
(-0.0234156 0.0542661 0)
(-0.0274971 0.0546656 0)
(-0.0320467 0.0552936 0)
(-0.0369855 0.0564459 0)
(-0.0422859 0.0581935 0)
(-0.0478373 0.0610565 0)
(-0.0534325 0.0656266 0)
(-0.058974 0.0733815 0)
(-0.0617983 0.0864565 0)
(-0.0603574 0.109233 0)
(-0.0568888 0.156561 0)
(0.0349634 0.241375 0)
(0.172907 0.296626 0)
(0.426347 0.161652 0)
(0.429901 -0.245977 0)
(0.675094 -0.566256 0)
(-0.348797 -0.85653 0)
(0.430971 -0.886239 0)
(-0.0194424 0.0571973 0)
(-0.0229476 0.0577698 0)
(-0.0268449 0.0586144 0)
(-0.0311277 0.0596747 0)
(-0.0357643 0.0611928 0)
(-0.0405328 0.0632 0)
(-0.0451874 0.0659196 0)
(-0.0491457 0.0698592 0)
(-0.0515782 0.0758312 0)
(-0.0490156 0.0849419 0)
(-0.0352825 0.0974686 0)
(-0.0220114 0.114514 0)
(0.0795824 0.135499 0)
(0.180486 0.127587 0)
(0.434726 -0.00488423 0)
(0.415372 -0.316851 0)
(0.615553 -0.425992 0)
(-0.036156 -0.68157 0)
(0.589378 -0.706214 0)
(-0.0183457 0.0600523 0)
(-0.0217671 0.0609146 0)
(-0.0256503 0.0619462 0)
(-0.0296105 0.0632577 0)
(-0.0337147 0.0648709 0)
(-0.0378734 0.0668106 0)
(-0.041735 0.0690849 0)
(-0.0448045 0.0716318 0)
(-0.0464148 0.0743517 0)
(-0.0437049 0.0766484 0)
(-0.0278138 0.0761421 0)
(-0.018846 0.0655267 0)
(0.061945 0.0477864 0)
(0.107703 -0.0278039 0)
(0.287679 -0.171393 0)
(0.271809 -0.324418 0)
(0.435106 -0.316351 0)
(0.0951375 -0.611687 0)
(0.433256 -0.538387 0)
(-0.0159081 0.0634403 0)
(-0.0189936 0.0646359 0)
(-0.0228361 0.0658732 0)
(-0.027248 0.0673328 0)
(-0.0320493 0.0691002 0)
(-0.0369892 0.071085 0)
(-0.0418414 0.0730967 0)
(-0.0461198 0.0745579 0)
(-0.0491256 0.0747368 0)
(-0.0492402 0.0725595 0)
(-0.0422506 0.0646811 0)
(-0.0434762 0.042767 0)
(0.00619863 0.0122416 0)
(0.0183293 -0.0708463 0)
(0.163862 -0.201511 0)
(0.0371088 -0.396233 0)
(0.29353 -0.333595 0)
(0.0655315 -0.542249 0)
(0.237554 -0.446191 0)
(-0.0160165 0.0640699 0)
(-0.0167041 0.0668561 0)
(-0.0182966 0.0693165 0)
(-0.0205409 0.0716466 0)
(-0.0232527 0.0739907 0)
(-0.0264457 0.0763923 0)
(-0.0301274 0.0786878 0)
(-0.0343044 0.08024 0)
(-0.0390293 0.0799832 0)
(-0.0431001 0.0757081 0)
(-0.0427756 0.0616269 0)
(-0.0484195 0.023523 0)
(0.003014 -0.0215164 0)
(-0.017519 -0.172957 0)
(0.158396 -0.220394 0)
(0.00782655 -0.433338 0)
(0.253118 -0.369367 0)
(0.0324406 -0.48451 0)
(0.203316 -0.330126 0)
)
;

boundaryField
{
    leftWall
    {
        type            calculated;
        value           uniform (0 0 0);
    }
    rightWall
    {
        type            calculated;
        value           uniform (0 0 0);
    }
    lowerWall
    {
        type            calculated;
        value           uniform (0 0 0);
    }
    atmosphere
    {
        type            calculated;
        value           nonuniform List<vector> 
46
(
(-0.000841895 0.0633762 0)
(-0.00375338 0.0609754 0)
(-0.00711418 0.0606086 0)
(-0.0100608 0.0599909 0)
(-0.0131213 0.059295 0)
(-0.0159869 0.0584409 0)
(-0.0187155 0.0574725 0)
(-0.0212346 0.0563999 0)
(-0.0235039 0.0552451 0)
(-0.0254949 0.0540398 0)
(-0.0271917 0.052811 0)
(-0.0285631 0.0515789 0)
(-0.0295693 0.0503715 0)
(-0.0301344 0.049323 0)
(-0.0302238 0.0483034 0)
(-0.0298232 0.0475345 0)
(-0.0290389 0.0470262 0)
(-0.0279019 0.0468133 0)
(-0.0264273 0.0470547 0)
(-0.0247357 0.0478389 0)
(-0.0228324 0.0492309 0)
(-0.0207629 0.0514304 0)
(-0.0185414 0.0545679 0)
(-0.0175913 0.0570479 0)
(-0.0169375 0.0586207 0)
(-0.0164904 0.0601454 0)
(-0.0161564 0.0616291 0)
(-0.0160165 0.0640653 0)
(-0.0167041 0.0668502 0)
(-0.0182966 0.0693106 0)
(-0.0205409 0.0716434 0)
(-0.0232527 0.0739934 0)
(-0.0264457 0.076401 0)
(-0.0301274 0.0787027 0)
(-0.0343044 0.0802571 0)
(-0.0390293 0.0799907 0)
(-0.0431001 0.0756726 0)
(-0.0427756 0.0614652 0)
(-0.0484195 0.0227194 0)
(0.003014 -0.0228212 0)
(-0.017519 -0.174838 0)
(0.158396 -0.221891 0)
(0.00782655 -0.433272 0)
(0.253118 -0.3688 0)
(0.0324406 -0.481246 0)
(0.203316 -0.326111 0)
)
;
    }
    defaultFaces
    {
        type            empty;
    }
}


// ************************************************************************* //
