/*--------------------------------*- C++ -*----------------------------------*\
| =========                 |                                                 |
| \\      /  F ield         | OpenFOAM: The Open Source CFD Toolbox           |
|  \\    /   O peration     | Version:  2.4.0                                 |
|   \\  /    A nd           | Web:      www.OpenFOAM.org                      |
|    \\/     M anipulation  |                                                 |
\*---------------------------------------------------------------------------*/
FoamFile
{
    version     2.0;
    format      ascii;
    class       volVectorField;
    location    "0.7";
    object      U;
}
// * * * * * * * * * * * * * * * * * * * * * * * * * * * * * * * * * * * * * //

dimensions      [0 1 -1 0 0 0 0];

internalField   nonuniform List<vector> 
2268
(
(0.0120559 0.00183958 0)
(0.0333792 0.000385051 0)
(0.0594238 0.00494463 0)
(0.069859 0.00209051 0)
(0.0957005 3.84602e-07 0)
(0.120157 0.00380765 0)
(0.127897 0.00695971 0)
(0.131796 0.0148016 0)
(0.12345 0.0222723 0)
(0.116758 0.0348523 0)
(0.0934209 0.0520829 0)
(0.0482926 0.0524831 0)
(-0.0178939 0.0382013 0)
(-0.0850132 0.019507 0)
(-0.12079 0.00152672 0)
(-0.130688 -0.00746572 0)
(-0.129731 -0.00566562 0)
(-0.126765 -0.00683478 0)
(-0.115451 -0.00321531 0)
(-0.101163 -0.0105085 0)
(-0.0594898 -0.0051889 0)
(-0.0436683 -0.000771751 0)
(-0.0355271 -0.00785356 0)
(0.0135108 -0.0200464 0)
(0.0314557 -0.0219376 0)
(0.0587643 -0.0168474 0)
(0.0736059 -0.0192681 0)
(0.0966501 -0.020711 0)
(0.118047 -0.0147966 0)
(0.13024 -0.0137495 0)
(0.137545 -0.011805 0)
(0.141022 -0.0159712 0)
(0.130071 -0.0252913 0)
(0.0958553 -0.021107 0)
(0.0370255 0.00139877 0)
(-0.0319804 0.0310036 0)
(-0.0940588 0.0295619 0)
(-0.126099 0.0180834 0)
(-0.131502 0.0103718 0)
(-0.128189 0.00362688 0)
(-0.124265 -0.00125946 0)
(-0.11437 -0.00822683 0)
(-0.0903925 -0.0158258 0)
(-0.0614903 -0.0215545 0)
(-0.0340466 -0.0108895 0)
(-0.0188835 -0.0299312 0)
(0.014691 -0.0285097 0)
(0.0295914 -0.0313775 0)
(0.0558937 -0.0220771 0)
(0.0807353 -0.0271409 0)
(0.0942351 -0.029693 0)
(0.113037 -0.0193301 0)
(0.124676 -0.0098914 0)
(0.132067 0.00816124 0)
(0.13207 0.0297775 0)
(0.117699 0.0690507 0)
(0.0938493 0.117686 0)
(0.0491442 0.112667 0)
(-0.0113234 0.0846689 0)
(-0.0763071 0.054348 0)
(-0.119665 0.0211642 0)
(-0.139951 -0.00273023 0)
(-0.140638 -0.00770599 0)
(-0.130677 -0.0130033 0)
(-0.118722 -0.0173716 0)
(-0.0815159 -0.0335727 0)
(-0.0548359 -0.031983 0)
(-0.014651 -0.0195193 0)
(0.00234007 -0.0321462 0)
(0.015897 -0.0706836 0)
(0.0261146 -0.0708356 0)
(0.0481166 -0.0705054 0)
(0.0829888 -0.0694549 0)
(0.0880508 -0.0671638 0)
(0.0973394 -0.0633091 0)
(0.119206 -0.0613118 0)
(0.142803 -0.0579139 0)
(0.161119 -0.0520827 0)
(0.144378 -0.0309879 0)
(0.0893314 -0.0160252 0)
(0.0152811 0.0606048 0)
(-0.0401247 0.114408 0)
(-0.0934079 0.0859264 0)
(-0.128767 0.044527 0)
(-0.143494 0.014933 0)
(-0.143025 -0.0018404 0)
(-0.129627 -0.0146954 0)
(-0.114281 -0.0301343 0)
(-0.0803358 -0.0476672 0)
(-0.0679657 -0.0542808 0)
(-0.0177521 -0.0359442 0)
(0.000822646 -0.0348372 0)
(0.00485267 0.040205 0)
(0.0168162 0.0428575 0)
(0.0251772 0.0371507 0)
(0.0381435 0.0423104 0)
(0.0411068 0.0508249 0)
(0.0382502 0.0500302 0)
(0.0460411 0.0688884 0)
(0.0498133 0.11266 0)
(0.0458685 0.197138 0)
(0.00758844 0.278758 0)
(-0.000886299 0.229993 0)
(-0.042065 0.122796 0)
(-0.0948944 0.11589 0)
(-0.14315 0.0915928 0)
(-0.160428 0.0482981 0)
(-0.158667 0.0115673 0)
(-0.147017 -0.0119891 0)
(-0.124929 -0.0265416 0)
(-0.102332 -0.0426682 0)
(-0.077856 -0.053709 0)
(-0.0800397 -0.0626756 0)
(-0.0347802 -0.0552217 0)
(0.00298584 -0.0409552 0)
(-0.00363467 -0.127307 0)
(0.00213263 -0.126184 0)
(-0.00199309 -0.125501 0)
(-0.0106448 -0.118993 0)
(-0.0207376 -0.108174 0)
(-0.0341371 -0.105574 0)
(-0.0530983 -0.111446 0)
(-0.0784675 -0.132305 0)
(-0.0791599 -0.155938 0)
(-0.0471522 -0.124493 0)
(-0.000544397 0.0378894 0)
(-0.136872 0.244899 0)
(-0.177366 0.154213 0)
(-0.197889 0.100693 0)
(-0.218325 0.0418199 0)
(-0.205321 0.00479229 0)
(-0.171615 -0.0175726 0)
(-0.129333 -0.0344669 0)
(-0.0932173 -0.0505679 0)
(-0.0747178 -0.0548675 0)
(-0.0807328 -0.069795 0)
(-0.0540608 -0.0706516 0)
(-0.00408158 -0.0502084 0)
(-0.00268174 0.0116416 0)
(-0.00358868 0.0141773 0)
(-0.00165962 0.0109175 0)
(0.00348239 0.023538 0)
(-0.00227455 0.0363029 0)
(-0.00755827 0.0352932 0)
(-0.0156491 0.0627558 0)
(-0.0523054 0.106157 0)
(-0.0982175 0.157571 0)
(-0.175472 0.172983 0)
(-0.198797 0.159054 0)
(-0.204553 0.191515 0)
(-0.353513 0.211201 0)
(-0.288256 0.112833 0)
(-0.2783 0.0591478 0)
(-0.259009 -0.00639352 0)
(-0.219711 -0.0469996 0)
(-0.156597 -0.0593094 0)
(-0.107879 -0.0602607 0)
(-0.0821831 -0.055571 0)
(-0.0767912 -0.0732878 0)
(-0.0509004 -0.0871587 0)
(-0.0042713 -0.067198 0)
(-0.00236568 -0.0753622 0)
(-0.000287362 -0.0765422 0)
(-0.00439523 -0.0775512 0)
(-0.0118219 -0.0697008 0)
(-0.0155055 -0.0594271 0)
(-0.0344456 -0.0553721 0)
(-0.055944 -0.0608033 0)
(-0.0670515 -0.069928 0)
(-0.0645084 -0.0622689 0)
(-0.0701712 -0.00658019 0)
(-0.115126 0.107975 0)
(-0.173176 0.237144 0)
(-0.419634 0.221158 0)
(-0.427763 0.0675237 0)
(-0.406065 0.0113659 0)
(-0.369691 -0.0211036 0)
(-0.280518 -0.0601057 0)
(-0.216593 -0.090817 0)
(-0.171799 -0.100321 0)
(-0.0997275 -0.0730526 0)
(-0.0571796 -0.105255 0)
(-0.0351881 -0.118047 0)
(0.00477874 -0.0848655 0)
(-0.255695 -0.139557 0)
(-0.23716 -0.225281 0)
(0.0110337 -0.201314 0)
(0.232512 -0.171014 0)
(0.412822 -0.156452 0)
(0.507152 -0.160838 0)
(0.575814 -0.169144 0)
(0.644652 -0.172254 0)
(0.707436 -0.173217 0)
(0.7572 -0.183249 0)
(0.779215 -0.197619 0)
(0.778378 -0.205645 0)
(0.764322 -0.212137 0)
(0.722428 -0.217942 0)
(0.611123 -0.213476 0)
(0.434753 -0.174772 0)
(0.228445 -0.113981 0)
(-0.106501 -0.152553 0)
(-0.0260524 -0.198691 0)
(-0.300645 0.226121 0)
(0.0724258 0.0596704 0)
(0.284173 -0.0904971 0)
(0.397544 -0.0743875 0)
(0.499517 0.00209427 0)
(0.575759 0.0499439 0)
(0.612701 0.063102 0)
(0.649714 0.0678385 0)
(0.699058 0.076067 0)
(0.736466 0.099187 0)
(0.742797 0.129111 0)
(0.748178 0.147477 0)
(0.763028 0.167915 0)
(0.78364 0.225321 0)
(0.739882 0.27956 0)
(0.601876 0.299444 0)
(0.388304 0.253629 0)
(0.0401597 0.200758 0)
(-0.0640776 0.0864268 0)
(-0.27937 0.148614 0)
(0.261825 -0.262626 0)
(0.420638 -0.252008 0)
(0.598645 -0.219373 0)
(0.6907 -0.172296 0)
(0.692524 -0.131096 0)
(0.695362 -0.131845 0)
(0.687562 -0.136787 0)
(0.657754 -0.115959 0)
(0.625104 -0.043006 0)
(0.584694 0.0267376 0)
(0.524864 0.0405145 0)
(0.485913 0.0200034 0)
(0.499854 -0.0345177 0)
(0.501721 -0.0134574 0)
(0.521112 0.143929 0)
(0.361468 0.236925 0)
(0.0395865 0.171359 0)
(-0.0932633 -0.103564 0)
(0.0288627 0.173061 0)
(0.399508 -0.313377 0)
(0.518842 -0.305152 0)
(0.62637 -0.18721 0)
(0.741648 0.0660131 0)
(0.729938 0.14722 0)
(0.707349 0.185633 0)
(0.690007 0.204144 0)
(0.670185 0.162021 0)
(0.639733 0.0898229 0)
(0.578516 0.0734789 0)
(0.498609 0.0817911 0)
(0.442563 0.0878727 0)
(0.357379 0.185591 0)
(0.232772 0.291902 0)
(0.151835 0.26186 0)
(0.25984 0.308773 0)
(0.0320179 0.268445 0)
(-0.0613526 0.00669027 0)
(0.410715 -0.0198484 0)
(0.44844 -0.358847 0)
(0.502261 -0.38579 0)
(0.528746 -0.237174 0)
(0.544418 -0.176031 0)
(0.559113 -0.185433 0)
(0.622365 -0.200809 0)
(0.674794 -0.179691 0)
(0.684325 -0.141318 0)
(0.697874 -0.0675695 0)
(0.670739 -0.00583471 0)
(0.588829 0.0160136 0)
(0.425165 0.0146605 0)
(0.242962 0.00990689 0)
(0.280084 0.0861953 0)
(-0.225293 0.374604 0)
(0.139818 0.311072 0)
(-0.0710561 0.319132 0)
(0.0868209 -0.0980238 0)
(0.404968 -0.267848 0)
(0.387162 -0.447876 0)
(0.462626 -0.369171 0)
(0.449754 -0.235918 0)
(0.453343 -0.083309 0)
(0.460239 -0.0157193 0)
(0.496356 0.0272839 0)
(0.537139 0.0327867 0)
(0.58282 0.0525702 0)
(0.627227 0.0608894 0)
(0.632799 0.100877 0)
(0.593231 0.145217 0)
(0.458351 0.171203 0)
(0.226607 0.184669 0)
(0.247402 0.239469 0)
(-0.264795 0.352181 0)
(-0.0814244 0.270804 0)
(-0.222967 0.312246 0)
(0.197078 -0.0151601 0)
(0.34942 -0.360831 0)
(0.344573 -0.419907 0)
(0.410998 -0.360728 0)
(0.39235 -0.231367 0)
(0.384221 -0.132508 0)
(0.404701 -0.109438 0)
(0.435864 -0.099646 0)
(0.461666 -0.0873845 0)
(0.486246 -0.0768328 0)
(0.525241 -0.0420017 0)
(0.571862 0.0322996 0)
(0.561457 0.120013 0)
(0.462881 0.194923 0)
(0.256864 0.227637 0)
(0.192912 0.329769 0)
(-0.193084 0.383236 0)
(-0.149678 0.255515 0)
(-0.311965 0.247734 0)
(0.14443 -0.0369097 0)
(0.393997 -0.5197 0)
(0.340001 -0.478315 0)
(0.383163 -0.370719 0)
(0.364518 -0.199288 0)
(0.35207 -0.123919 0)
(0.387453 -0.0905943 0)
(0.4129 -0.0720113 0)
(0.43143 -0.0574668 0)
(0.433756 -0.0372913 0)
(0.430869 -0.00319942 0)
(0.460476 0.0611512 0)
(0.479619 0.153315 0)
(0.440801 0.238153 0)
(0.348951 0.294762 0)
(0.228837 0.409055 0)
(0.0513561 0.480075 0)
(-0.100742 0.336627 0)
(-0.342199 0.224287 0)
(0.154903 -0.100006 0)
(-0.00383089 -0.0239798 0)
(-0.00780065 -0.0214952 0)
(0.00593198 -0.02211 0)
(0.0346076 5.37519e-06 0)
(0.0449793 0.0332396 0)
(0.0321151 0.0543018 0)
(0.0147085 0.114598 0)
(-0.0393479 0.165627 0)
(-0.102862 0.197137 0)
(-0.175609 0.193354 0)
(-0.19208 0.187877 0)
(-0.139397 0.262129 0)
(-0.118956 0.335859 0)
(-0.248753 0.262975 0)
(-0.311883 0.0651091 0)
(-0.278235 -0.13004 0)
(-0.262228 -0.203505 0)
(-0.2475 -0.193297 0)
(-0.199834 -0.151989 0)
(-0.115934 -0.146417 0)
(-0.00573587 -0.107919 0)
(0.0237666 -0.106302 0)
(0.0409 -0.112231 0)
(0.00314834 -0.0286125 0)
(0.00861187 -0.0451497 0)
(0.0156301 -0.0787292 0)
(0.0187499 -0.0721614 0)
(0.0245873 -0.0413781 0)
(0.0190894 -0.0336213 0)
(0.0181659 -0.00812201 0)
(0.000247718 0.0190261 0)
(-0.00470811 0.052521 0)
(-0.0113143 0.0891359 0)
(-0.0250178 0.132225 0)
(-0.013213 0.188708 0)
(0.0727563 0.244397 0)
(0.163097 0.212852 0)
(0.184974 0.123518 0)
(0.181852 0.0897463 0)
(0.140571 0.072991 0)
(0.109798 -0.0023746 0)
(0.160478 -0.0854522 0)
(0.206613 -0.125941 0)
(0.246822 -0.107368 0)
(0.281658 -0.0438698 0)
(0.340026 0.0211305 0)
(-0.00956237 -0.0891371 0)
(-0.0352305 -0.092239 0)
(-0.00414086 -0.108456 0)
(0.0556162 -0.0689231 0)
(0.0811432 -0.0134058 0)
(0.0407519 0.028772 0)
(-0.00746745 0.0804277 0)
(-0.0600022 0.110518 0)
(-0.0746473 0.12629 0)
(-0.0789695 0.141367 0)
(-0.0663674 0.142574 0)
(-0.0344889 0.141457 0)
(0.0191157 0.163477 0)
(0.104042 0.122762 0)
(0.157456 0.00512058 0)
(0.20225 -0.127348 0)
(0.261939 -0.198982 0)
(0.28869 -0.232279 0)
(0.337285 -0.266312 0)
(0.341383 -0.289966 0)
(0.357432 -0.277515 0)
(0.37485 -0.269402 0)
(0.369256 -0.249233 0)
(-0.0345348 0.055214 0)
(-0.0696366 0.00711889 0)
(-0.0157931 -0.114495 0)
(-0.0385915 -0.094891 0)
(-0.0591292 0.0220277 0)
(-0.127289 0.116128 0)
(-0.117828 0.166935 0)
(-0.12246 0.155335 0)
(-0.123426 0.137736 0)
(-0.118165 0.128208 0)
(-0.104486 0.105761 0)
(-0.0849527 0.0818067 0)
(-0.0353459 0.0434333 0)
(0.0418431 0.0108287 0)
(0.0972566 -0.021747 0)
(0.134931 -0.0698714 0)
(0.193441 -0.102585 0)
(0.199405 -0.173703 0)
(0.281319 -0.222887 0)
(0.283807 -0.258293 0)
(0.325564 -0.281557 0)
(0.360554 -0.227232 0)
(0.315355 -0.10898 0)
(-0.040831 -0.0123378 0)
(-0.117446 -0.123108 0)
(-0.274828 -0.207699 0)
(-0.522406 -0.0283745 0)
(-0.611027 0.0332587 0)
(-0.632733 0.00716675 0)
(-0.556832 0.00576329 0)
(-0.433781 0.0864528 0)
(-0.366929 0.112153 0)
(-0.278709 0.157099 0)
(-0.234089 0.147338 0)
(-0.202903 0.108953 0)
(-0.127402 0.067457 0)
(-0.062828 0.00762735 0)
(0.00246759 -0.0743679 0)
(0.0510363 -0.185552 0)
(0.0968406 -0.258384 0)
(0.0893365 -0.31821 0)
(0.160873 -0.335152 0)
(0.154324 -0.323796 0)
(0.199055 -0.202909 0)
(0.188296 0.172368 0)
(-0.199986 1.07652 0)
(-0.0284964 0.0682539 0)
(-0.148974 0.0540893 0)
(-0.39573 0.113941 0)
(-0.537191 0.140879 0)
(-0.657297 0.182345 0)
(-0.717811 0.152044 0)
(-0.668976 -0.137184 0)
(-0.583746 -0.20069 0)
(-0.532881 -0.176037 0)
(-0.490729 -0.136055 0)
(-0.442117 -0.125037 0)
(-0.396463 -0.168353 0)
(-0.337978 -0.161158 0)
(-0.257211 -0.173757 0)
(-0.218619 -0.241582 0)
(-0.206247 -0.224674 0)
(-0.200574 -0.129639 0)
(-0.253466 0.310725 0)
(-0.282032 0.679163 0)
(-0.385967 0.686635 0)
(-0.436891 -0.0444484 0)
(-0.366525 -0.266394 0)
(-0.381044 0.303739 0)
(0.055378 0.938404 0)
(-0.107833 1.11578 0)
(-0.389721 0.990831 0)
(-0.555042 0.936511 0)
(-0.620683 0.513037 0)
(-0.152459 0.227628 0)
(0.123418 0.166304 0)
(0.252434 0.430798 0)
(0.282123 0.687193 0)
(-0.0773219 0.736284 0)
(-0.183654 0.740314 0)
(-0.230462 0.956105 0)
(-0.346701 0.931633 0)
(-0.55144 0.88347 0)
(-0.757566 0.5817 0)
(-0.966255 0.189398 0)
(-1.02107 -0.0467823 0)
(-0.884815 -0.551331 0)
(-0.747502 -0.811868 0)
(-0.562683 -0.853488 0)
(-0.487846 -0.655143 0)
(-0.674352 -0.101433 0)
(-0.972825 0.959478 0)
(-0.0314723 -0.211213 0)
(0.029928 0.254714 0)
(0.0195352 0.279873 0)
(-0.0536528 0.173271 0)
(0.134558 -0.360505 0)
(0.124759 -0.558909 0)
(0.0341861 -0.545545 0)
(-0.185936 -0.523793 0)
(-0.188671 -0.141038 0)
(-0.288995 -0.0372916 0)
(-0.412363 -0.43201 0)
(-0.314781 -0.647049 0)
(-0.192914 -0.689907 0)
(0.0181572 -0.556275 0)
(0.125543 -0.402821 0)
(0.205907 -0.380612 0)
(0.157862 -0.352311 0)
(0.079357 -0.29875 0)
(-0.134406 -0.178687 0)
(-0.329063 -0.086357 0)
(-0.669942 -0.00876727 0)
(-1.05411 0.360877 0)
(-1.13937 1.13935 0)
(-0.19079 0.511673 0)
(-0.083035 0.458702 0)
(0.0597762 0.455818 0)
(0.180105 0.34268 0)
(0.336918 0.140786 0)
(0.210339 -0.101936 0)
(0.224164 -0.0192416 0)
(0.16088 0.364193 0)
(-0.111002 0.4342 0)
(0.0286784 0.465642 0)
(-0.0330512 0.521482 0)
(-0.110143 0.558348 0)
(-0.155283 0.291054 0)
(-0.125335 0.275245 0)
(-0.110154 0.352897 0)
(-0.129461 0.237709 0)
(-0.16085 0.111504 0)
(-0.211867 -0.0321013 0)
(-0.301594 -0.0659125 0)
(-0.419822 -0.0476694 0)
(-0.595509 0.101541 0)
(-0.830039 0.465354 0)
(-0.97817 1.16865 0)
(-0.131239 0.388339 0)
(-0.0278705 0.282837 0)
(-0.0121999 0.27379 0)
(0.12162 0.136593 0)
(0.178635 -0.154313 0)
(0.145621 -0.268827 0)
(-0.0249166 -0.247471 0)
(0.0656502 0.0649461 0)
(-0.0783439 0.281654 0)
(-0.0226984 0.246806 0)
(-0.144558 0.0563197 0)
(0.0183617 -0.373865 0)
(0.00996702 -0.417022 0)
(-0.0651515 -0.386205 0)
(-0.0163074 -0.340048 0)
(0.0475725 -0.293132 0)
(0.0449222 -0.251443 0)
(-0.0125726 -0.189328 0)
(-0.114693 -0.0791416 0)
(-0.236158 0.109488 0)
(-0.389963 0.331159 0)
(-0.490029 0.58963 0)
(-0.471575 1.03047 0)
(-0.0428616 0.461061 0)
(0.0620929 0.243161 0)
(0.0575252 0.163958 0)
(0.167776 0.0607356 0)
(0.157498 0.00349811 0)
(0.096794 -0.0523028 0)
(-0.0528682 -0.0644819 0)
(-0.00578035 0.212435 0)
(0.0348471 0.315439 0)
(0.147593 0.291146 0)
(0.232134 0.214122 0)
(0.268884 0.234953 0)
(0.102949 0.182015 0)
(0.0110972 0.111484 0)
(-0.0375144 0.121316 0)
(-0.0926142 0.105027 0)
(-0.14563 0.0967681 0)
(-0.204791 0.0992522 0)
(-0.269187 0.161237 0)
(-0.316701 0.247874 0)
(-0.32391 0.409224 0)
(-0.311592 0.614628 0)
(-0.183159 0.853003 0)
(0.0469958 0.416002 0)
(0.0938476 0.239889 0)
(0.0994092 0.160721 0)
(0.107555 0.083563 0)
(0.0725567 0.0114346 0)
(0.0467329 -0.0304175 0)
(-0.0439482 -0.0500912 0)
(-0.0586215 0.0798219 0)
(0.0494867 0.216027 0)
(0.123591 0.189555 0)
(0.110982 0.0992645 0)
(0.0514312 -0.0367809 0)
(0.0328401 -0.0843312 0)
(-0.00441074 -0.115413 0)
(-0.0444535 -0.127056 0)
(-0.0689337 -0.111634 0)
(-0.100998 -0.0830003 0)
(-0.14141 -0.0225163 0)
(-0.189035 0.0839326 0)
(-0.235163 0.223103 0)
(-0.253048 0.387423 0)
(-0.220746 0.555996 0)
(-0.114702 0.708635 0)
(0.0583066 0.311158 0)
(0.0924755 0.219807 0)
(0.101871 0.138082 0)
(0.100151 0.0833759 0)
(0.0802188 0.0522324 0)
(0.0428732 0.0402905 0)
(-0.0256548 0.0271192 0)
(-0.0638879 0.0756913 0)
(-0.0391087 0.110707 0)
(0.03553 0.165468 0)
(0.0469191 0.176141 0)
(0.0421248 0.167897 0)
(0.00547195 0.150677 0)
(-0.0373697 0.131073 0)
(-0.0852985 0.122638 0)
(-0.130129 0.121734 0)
(-0.175211 0.127597 0)
(-0.215493 0.143811 0)
(-0.238419 0.18464 0)
(-0.240073 0.255069 0)
(-0.223813 0.357517 0)
(-0.186069 0.475689 0)
(-0.106768 0.581955 0)
(0.039273 0.249355 0)
(0.0670581 0.196657 0)
(0.085939 0.139728 0)
(0.075698 0.104472 0)
(0.0526356 0.0844145 0)
(0.0277442 0.0714802 0)
(-0.00813418 0.0648524 0)
(-0.036657 0.0881318 0)
(-0.0420627 0.104499 0)
(-0.0293773 0.134207 0)
(-0.0119785 0.149693 0)
(-0.0169436 0.120402 0)
(-0.038109 0.0791495 0)
(-0.0628492 0.0414061 0)
(-0.090024 0.0242577 0)
(-0.111763 0.0322407 0)
(-0.134592 0.0620539 0)
(-0.162436 0.109606 0)
(-0.190219 0.176415 0)
(-0.203479 0.253567 0)
(-0.188679 0.337445 0)
(-0.149987 0.418462 0)
(-0.0858009 0.486091 0)
(0.0207684 0.209012 0)
(0.0431846 0.170195 0)
(0.0553344 0.135637 0)
(0.0467569 0.116926 0)
(0.0332176 0.104029 0)
(0.0181455 0.0969914 0)
(-0.00331809 0.0946581 0)
(-0.0177636 0.10414 0)
(-0.0262228 0.109936 0)
(-0.0291413 0.131471 0)
(-0.0194418 0.143024 0)
(-0.0157904 0.138853 0)
(-0.0229045 0.125475 0)
(-0.0408566 0.114846 0)
(-0.0681392 0.107933 0)
(-0.0948149 0.106892 0)
(-0.116605 0.120218 0)
(-0.132958 0.14769 0)
(-0.143023 0.19201 0)
(-0.146731 0.247529 0)
(-0.135592 0.314218 0)
(-0.103022 0.379769 0)
(-0.0545261 0.431186 0)
(0.0121259 0.185972 0)
(0.0263134 0.157864 0)
(0.0323656 0.137438 0)
(0.0282029 0.123876 0)
(0.021213 0.113747 0)
(0.0122952 0.108612 0)
(0.00126779 0.106136 0)
(-0.00659042 0.112113 0)
(-0.0131737 0.116224 0)
(-0.016626 0.129627 0)
(-0.0120901 0.138442 0)
(-0.00959361 0.139468 0)
(-0.00933142 0.1315 0)
(-0.0185016 0.123129 0)
(-0.033371 0.117643 0)
(-0.0505669 0.118568 0)
(-0.0715449 0.130893 0)
(-0.0858184 0.157584 0)
(-0.0944428 0.196842 0)
(-0.0964944 0.23929 0)
(-0.0865812 0.286306 0)
(-0.0580018 0.338183 0)
(-0.0175075 0.382689 0)
(0.00715497 0.172664 0)
(0.0156519 0.149483 0)
(0.0201874 0.137085 0)
(0.0189406 0.128003 0)
(0.0149741 0.120336 0)
(0.00979748 0.115792 0)
(0.0031706 0.113844 0)
(-0.00157728 0.117045 0)
(-0.00586263 0.120614 0)
(-0.00756633 0.129693 0)
(-0.00473383 0.1365 0)
(-0.00178963 0.137557 0)
(-0.000728626 0.133082 0)
(-0.00478979 0.130518 0)
(-0.0135534 0.129652 0)
(-0.0244073 0.134856 0)
(-0.039995 0.14856 0)
(-0.0527551 0.171201 0)
(-0.0592063 0.204457 0)
(-0.0570542 0.241427 0)
(-0.0501501 0.272912 0)
(-0.0266893 0.305812 0)
(0.00943073 0.340205 0)
(0.00419476 0.163958 0)
(0.0100436 0.143238 0)
(0.0138302 0.135471 0)
(0.0141598 0.129336 0)
(0.0120892 0.124084 0)
(0.00839264 0.12055 0)
(0.0034814 0.119121 0)
(-0.000636628 0.120768 0)
(-0.00438243 0.123187 0)
(-0.00616378 0.128981 0)
(-0.00375366 0.133055 0)
(-0.00090872 0.134384 0)
(-0.000959347 0.13411 0)
(-0.00439871 0.136549 0)
(-0.0111878 0.13891 0)
(-0.0202975 0.147073 0)
(-0.0320902 0.160525 0)
(-0.037273 0.179454 0)
(-0.0373145 0.204528 0)
(-0.0322649 0.235515 0)
(-0.0199752 0.259651 0)
(-8.05285e-05 0.280236 0)
(0.033033 0.303602 0)
(0.00267357 0.158477 0)
(0.00718661 0.138798 0)
(0.0102119 0.133626 0)
(0.0102545 0.129609 0)
(0.00889336 0.126412 0)
(0.00565197 0.12428 0)
(0.00174845 0.123562 0)
(-0.00182615 0.124678 0)
(-0.00511861 0.126507 0)
(-0.00673717 0.129174 0)
(-0.00709289 0.131633 0)
(-0.00628902 0.133861 0)
(-0.00815472 0.136113 0)
(-0.0101036 0.139134 0)
(-0.0144826 0.145005 0)
(-0.0191988 0.155462 0)
(-0.0239342 0.16484 0)
(-0.0245778 0.177383 0)
(-0.0215263 0.198602 0)
(-0.0139596 0.222921 0)
(0.00236028 0.240491 0)
(0.0233732 0.252061 0)
(0.0526464 0.268402 0)
(0.00221335 0.153991 0)
(0.00523551 0.135499 0)
(0.00651261 0.132936 0)
(0.0067484 0.130692 0)
(0.00592145 0.12871 0)
(0.00427956 0.127536 0)
(0.00210324 0.126926 0)
(-0.000233977 0.127691 0)
(-0.00256872 0.128797 0)
(-0.00437283 0.130434 0)
(-0.00552837 0.132849 0)
(-0.00569978 0.135796 0)
(-0.00754119 0.138699 0)
(-0.00918968 0.142783 0)
(-0.0108609 0.149024 0)
(-0.0114682 0.156853 0)
(-0.00904864 0.164967 0)
(-0.00773629 0.176637 0)
(-0.00411562 0.193337 0)
(0.00685518 0.210392 0)
(0.023332 0.221726 0)
(0.0429146 0.229392 0)
(0.0684047 0.240636 0)
(0.00160136 0.1509 0)
(0.00343682 0.133993 0)
(0.00461344 0.132198 0)
(0.00531355 0.130485 0)
(0.00517895 0.129343 0)
(0.00476301 0.128828 0)
(0.00393232 0.128762 0)
(0.00283887 0.129613 0)
(0.00172963 0.131009 0)
(0.000523878 0.132507 0)
(-0.00107378 0.133569 0)
(-0.00197174 0.135726 0)
(-0.00277367 0.139757 0)
(-0.00375278 0.143382 0)
(-0.00359226 0.148173 0)
(-0.00234455 0.153936 0)
(0.000343286 0.163536 0)
(0.00264322 0.174136 0)
(0.00865124 0.18518 0)
(0.0195066 0.197053 0)
(0.0337874 0.204827 0)
(0.0513419 0.208555 0)
(0.0714554 0.215661 0)
(0.00114616 0.148898 0)
(0.00260429 0.132243 0)
(0.00416625 0.13093 0)
(0.004772 0.129828 0)
(0.00492085 0.129289 0)
(0.00485343 0.12902 0)
(0.00452163 0.129231 0)
(0.0042739 0.129996 0)
(0.00429038 0.131106 0)
(0.00447669 0.132986 0)
(0.00415111 0.134699 0)
(0.00355351 0.136931 0)
(0.00431586 0.140442 0)
(0.00503482 0.143414 0)
(0.00588591 0.1472 0)
(0.00687866 0.152194 0)
(0.00910836 0.158844 0)
(0.0147642 0.166957 0)
(0.02252 0.175378 0)
(0.033166 0.184252 0)
(0.0467408 0.189143 0)
(0.0629697 0.190853 0)
(0.0785224 0.195454 0)
(0.00102934 0.147025 0)
(0.00229765 0.13105 0)
(0.00300274 0.130226 0)
(0.00356327 0.129778 0)
(0.00381347 0.129312 0)
(0.00392379 0.12905 0)
(0.00389788 0.129239 0)
(0.00393094 0.129897 0)
(0.0041394 0.131174 0)
(0.00449589 0.133072 0)
(0.00514906 0.135139 0)
(0.00518529 0.136913 0)
(0.00610225 0.138937 0)
(0.00773425 0.142501 0)
(0.00986232 0.146426 0)
(0.0123567 0.151526 0)
(0.0150674 0.156528 0)
(0.0199192 0.161455 0)
(0.0273663 0.167908 0)
(0.0368952 0.173445 0)
(0.0493392 0.175999 0)
(0.0630584 0.17766 0)
(0.0774597 0.180751 0)
(0.000792765 0.145583 0)
(0.00188477 0.130088 0)
(0.00260349 0.129478 0)
(0.00336086 0.129076 0)
(0.00380084 0.128941 0)
(0.00411717 0.129066 0)
(0.00426628 0.129316 0)
(0.0044252 0.129748 0)
(0.00473687 0.130525 0)
(0.00515521 0.132259 0)
(0.0059744 0.13399 0)
(0.0069551 0.135243 0)
(0.00777159 0.137467 0)
(0.00934923 0.139775 0)
(0.011459 0.142872 0)
(0.0148031 0.146886 0)
(0.0204941 0.150358 0)
(0.0264549 0.154375 0)
(0.0333137 0.158285 0)
(0.0426067 0.161241 0)
(0.0541518 0.162488 0)
(0.0642156 0.162737 0)
(0.078145 0.163622 0)
(0.000880687 0.14405 0)
(0.00205253 0.129105 0)
(0.00285115 0.128737 0)
(0.00363719 0.128725 0)
(0.0042341 0.128738 0)
(0.00476332 0.128767 0)
(0.00531081 0.129059 0)
(0.00584727 0.129617 0)
(0.0063839 0.130457 0)
(0.0069296 0.131327 0)
(0.00817517 0.132778 0)
(0.0098918 0.13474 0)
(0.0116577 0.136561 0)
(0.0135973 0.138349 0)
(0.0156749 0.1406 0)
(0.0194362 0.142845 0)
(0.0229392 0.145702 0)
(0.0281045 0.149187 0)
(0.0347733 0.151044 0)
(0.0440114 0.152884 0)
(0.0530096 0.153251 0)
(0.0632279 0.153082 0)
(0.0752836 0.150167 0)
(0.000691942 0.142915 0)
(0.00164477 0.128258 0)
(0.00247378 0.127927 0)
(0.00337721 0.127884 0)
(0.00409766 0.12791 0)
(0.0047629 0.128052 0)
(0.00542298 0.128316 0)
(0.00609863 0.128756 0)
(0.00686719 0.12948 0)
(0.00780567 0.130625 0)
(0.00898231 0.131702 0)
(0.0101715 0.13285 0)
(0.0120738 0.134335 0)
(0.0145378 0.136317 0)
(0.0171204 0.137867 0)
(0.0203446 0.139097 0)
(0.0247883 0.141179 0)
(0.0307976 0.141808 0)
(0.037979 0.142937 0)
(0.0445283 0.143525 0)
(0.0532461 0.144246 0)
(0.0621466 0.141516 0)
(0.0728019 0.13807 0)
(0.000704409 0.141522 0)
(0.00176995 0.127191 0)
(0.0026049 0.126807 0)
(0.00357849 0.126816 0)
(0.00442719 0.127027 0)
(0.00532008 0.127379 0)
(0.00616925 0.127689 0)
(0.00704761 0.128119 0)
(0.00803629 0.128694 0)
(0.00931018 0.129423 0)
(0.0106338 0.130214 0)
(0.0119639 0.131178 0)
(0.0137181 0.131821 0)
(0.0157748 0.132989 0)
(0.0193007 0.133804 0)
(0.0232297 0.135324 0)
(0.0273562 0.135914 0)
(0.0318322 0.136858 0)
(0.036805 0.137555 0)
(0.043098 0.136651 0)
(0.0514815 0.134147 0)
(0.0599266 0.132312 0)
(0.0681191 0.129134 0)
(0.000680012 0.140495 0)
(0.00172 0.126449 0)
(0.00258121 0.126167 0)
(0.00354628 0.1262 0)
(0.00435521 0.126266 0)
(0.0052704 0.126409 0)
(0.00617573 0.126631 0)
(0.0070966 0.126964 0)
(0.00806986 0.127354 0)
(0.00925596 0.127868 0)
(0.0108036 0.128816 0)
(0.0130699 0.129401 0)
(0.0151196 0.130134 0)
(0.0174911 0.130622 0)
(0.0196192 0.131505 0)
(0.0223749 0.131593 0)
(0.026216 0.131752 0)
(0.0309866 0.131846 0)
(0.03701 0.130254 0)
(0.0435435 0.129148 0)
(0.0492675 0.128278 0)
(0.0557699 0.124868 0)
(0.063884 0.119845 0)
(0.000678269 0.139062 0)
(0.00179178 0.125284 0)
(0.00275285 0.125038 0)
(0.00385831 0.125158 0)
(0.00485771 0.12534 0)
(0.00589141 0.125528 0)
(0.00692769 0.125786 0)
(0.00801692 0.126087 0)
(0.00916962 0.126424 0)
(0.0103623 0.126781 0)
(0.0115537 0.126994 0)
(0.0128127 0.127535 0)
(0.0146915 0.128017 0)
(0.0170284 0.128288 0)
(0.0199807 0.128016 0)
(0.0237137 0.127539 0)
(0.027504 0.127295 0)
(0.0315138 0.126429 0)
(0.0356511 0.126241 0)
(0.0401099 0.124363 0)
(0.0462639 0.120846 0)
(0.0526544 0.117488 0)
(0.0586792 0.11336 0)
(0.000638507 0.138038 0)
(0.00170734 0.124438 0)
(0.00263099 0.124077 0)
(0.00370866 0.124149 0)
(0.00468915 0.124258 0)
(0.00569835 0.12439 0)
(0.00670129 0.124586 0)
(0.0077539 0.124855 0)
(0.00889572 0.125166 0)
(0.0101811 0.125505 0)
(0.0117501 0.125839 0)
(0.0137203 0.125981 0)
(0.015759 0.125833 0)
(0.0179873 0.125652 0)
(0.0204272 0.125445 0)
(0.0227778 0.125114 0)
(0.0256338 0.12436 0)
(0.0292208 0.123216 0)
(0.0335377 0.120727 0)
(0.0385887 0.11837 0)
(0.0432669 0.115999 0)
(0.0481192 0.112059 0)
(0.0536172 0.107173 0)
(0.000658716 0.136649 0)
(0.00189657 0.123276 0)
(0.00296123 0.122939 0)
(0.00416 0.123078 0)
(0.00523484 0.123232 0)
(0.00632493 0.123412 0)
(0.00737136 0.123594 0)
(0.00841294 0.123735 0)
(0.00948389 0.123826 0)
(0.0106224 0.123863 0)
(0.0118247 0.123848 0)
(0.0131197 0.123839 0)
(0.0147305 0.123737 0)
(0.016656 0.123327 0)
(0.0189585 0.12268 0)
(0.0217661 0.121548 0)
(0.0249713 0.120253 0)
(0.0283118 0.118884 0)
(0.0317022 0.117234 0)
(0.0353426 0.114607 0)
(0.0395003 0.110964 0)
(0.0439614 0.107025 0)
(0.0483284 0.102345 0)
(0.000644844 0.135529 0)
(0.0018286 0.122245 0)
(0.00285563 0.121858 0)
(0.00402813 0.122021 0)
(0.0050759 0.122212 0)
(0.00616146 0.122444 0)
(0.00722315 0.122692 0)
(0.0082956 0.122909 0)
(0.00939465 0.123066 0)
(0.0105686 0.123107 0)
(0.0118476 0.123028 0)
(0.0132779 0.122697 0)
(0.0149101 0.122193 0)
(0.0167087 0.121579 0)
(0.0186809 0.120721 0)
(0.0208039 0.119587 0)
(0.0231212 0.118112 0)
(0.0258138 0.116085 0)
(0.0289492 0.113463 0)
(0.0324082 0.110535 0)
(0.0358851 0.107188 0)
(0.0394196 0.103012 0)
(0.0431039 0.0982032 0)
(0.00071052 0.134101 0)
(0.00202044 0.120956 0)
(0.00309867 0.120568 0)
(0.00433722 0.12077 0)
(0.00541315 0.120955 0)
(0.006529 0.12117 0)
(0.00759799 0.121369 0)
(0.00864148 0.12152 0)
(0.00965247 0.121584 0)
(0.0106986 0.121521 0)
(0.0117736 0.121328 0)
(0.0128919 0.121017 0)
(0.0141477 0.12046 0)
(0.0156207 0.119615 0)
(0.017307 0.118508 0)
(0.0192428 0.117061 0)
(0.0214399 0.115248 0)
(0.0238081 0.113132 0)
(0.0263306 0.110656 0)
(0.0290386 0.10758 0)
(0.0319469 0.103877 0)
(0.0349327 0.0996449 0)
(0.0379227 0.0948347 0)
(0.000738192 0.132787 0)
(0.00201542 0.119969 0)
(0.00301992 0.119559 0)
(0.00421971 0.119821 0)
(0.00525165 0.120054 0)
(0.00635235 0.120298 0)
(0.007464 0.120539 0)
(0.00862322 0.120742 0)
(0.00976871 0.120861 0)
(0.0108525 0.120879 0)
(0.0118893 0.120635 0)
(0.0128591 0.120074 0)
(0.0138504 0.119207 0)
(0.0149352 0.118174 0)
(0.0161891 0.116906 0)
(0.0176445 0.115341 0)
(0.0193433 0.113391 0)
(0.0212434 0.111035 0)
(0.023333 0.108207 0)
(0.02561 0.104957 0)
(0.0279881 0.101215 0)
(0.030373 0.0969177 0)
(0.0327663 0.0920877 0)
(0.000894234 0.131245 0)
(0.00204263 0.118697 0)
(0.00279932 0.118265 0)
(0.00387879 0.118526 0)
(0.00478603 0.118746 0)
(0.00580649 0.118977 0)
(0.00688298 0.119238 0)
(0.0080177 0.119476 0)
(0.00916916 0.119627 0)
(0.0103128 0.119697 0)
(0.0114166 0.119586 0)
(0.012482 0.119195 0)
(0.0135111 0.118536 0)
(0.0144535 0.117449 0)
(0.0153642 0.115857 0)
(0.0162563 0.113873 0)
(0.0173266 0.11164 0)
(0.0186774 0.109142 0)
(0.0202969 0.106292 0)
(0.0220583 0.102936 0)
(0.0239266 0.0990767 0)
(0.0258109 0.0947352 0)
(0.0276653 0.0899164 0)
(0.000983134 0.129896 0)
(0.00186886 0.118146 0)
(0.00217571 0.117751 0)
(0.00294227 0.117986 0)
(0.00353505 0.11816 0)
(0.00431252 0.118306 0)
(0.00513415 0.118349 0)
(0.00607207 0.118412 0)
(0.00712707 0.118506 0)
(0.00828884 0.118542 0)
(0.00950117 0.11846 0)
(0.0107038 0.118161 0)
(0.0118411 0.117535 0)
(0.0128894 0.116542 0)
(0.0138577 0.115208 0)
(0.014816 0.113435 0)
(0.0157557 0.11106 0)
(0.0165106 0.10805 0)
(0.0172907 0.104738 0)
(0.0184514 0.101271 0)
(0.0198267 0.0974418 0)
(0.0212348 0.0931017 0)
(0.0225943 0.0882798 0)
(0.00100085 0.12845 0)
(0.00127451 0.117817 0)
(0.000731481 0.117345 0)
(0.000856345 0.117425 0)
(0.000822911 0.117516 0)
(0.00110688 0.117519 0)
(0.00144754 0.117478 0)
(0.00201399 0.1174 0)
(0.00280762 0.117328 0)
(0.00385023 0.117209 0)
(0.00510095 0.117038 0)
(0.00646222 0.11672 0)
(0.00782888 0.116132 0)
(0.00925077 0.115251 0)
(0.0106436 0.113979 0)
(0.0119089 0.11226 0)
(0.0129735 0.110135 0)
(0.0138908 0.107631 0)
(0.0147814 0.104404 0)
(0.0153857 0.100439 0)
(0.0158318 0.0962351 0)
(0.0166871 0.0918763 0)
(0.0175559 0.0871307 0)
(0.000823838 0.127576 0)
(0.00023835 0.118309 0)
(-0.00157705 0.117979 0)
(-0.00242522 0.117799 0)
(-0.00341303 0.117682 0)
(-0.00396067 0.117522 0)
(-0.00435029 0.117287 0)
(-0.00441827 0.116951 0)
(-0.0041718 0.116516 0)
(-0.00353927 0.116046 0)
(-0.00246562 0.115598 0)
(-0.000959104 0.115121 0)
(0.000825326 0.114502 0)
(0.00269392 0.113612 0)
(0.00456619 0.112427 0)
(0.0062963 0.110835 0)
(0.00786347 0.10881 0)
(0.00945354 0.106318 0)
(0.0107573 0.103425 0)
(0.0117226 0.10019 0)
(0.0124527 0.0961441 0)
(0.0125896 0.0913788 0)
(0.012623 0.0864867 0)
(0.000477631 0.127411 0)
(-0.00127497 0.119929 0)
(-0.00413289 0.119559 0)
(-0.00608975 0.119113 0)
(-0.00814774 0.118711 0)
(-0.00972803 0.118275 0)
(-0.011015 0.117764 0)
(-0.0119547 0.117175 0)
(-0.0125645 0.116515 0)
(-0.0127229 0.115652 0)
(-0.0124355 0.114658 0)
(-0.011641 0.113593 0)
(-0.0102362 0.112521 0)
(-0.00825533 0.111393 0)
(-0.00578736 0.110111 0)
(-0.00298959 0.108678 0)
(-0.00014634 0.106948 0)
(0.00230143 0.104766 0)
(0.00429412 0.102068 0)
(0.00602876 0.0989063 0)
(0.00738311 0.0954441 0)
(0.00820416 0.0916271 0)
(0.00807258 0.0868652 0)
(9.9124e-05 0.128095 0)
(-0.00238923 0.123014 0)
(-0.00592562 0.122578 0)
(-0.00860346 0.121917 0)
(-0.0113552 0.121194 0)
(-0.0137126 0.120336 0)
(-0.0156932 0.119423 0)
(-0.0172804 0.118383 0)
(-0.018342 0.117164 0)
(-0.0190566 0.115838 0)
(-0.0193525 0.114384 0)
(-0.0192011 0.112887 0)
(-0.0186155 0.111293 0)
(-0.0175827 0.109539 0)
(-0.016058 0.107675 0)
(-0.0140271 0.105726 0)
(-0.0115016 0.1037 0)
(-0.00851034 0.101639 0)
(-0.00525673 0.0994536 0)
(-0.00227675 0.09702 0)
(7.25055e-05 0.0942145 0)
(0.00169216 0.0907986 0)
(0.00260555 0.0868526 0)
(-0.000282977 0.129303 0)
(-0.00289533 0.125816 0)
(-0.00631551 0.125229 0)
(-0.0091091 0.124398 0)
(-0.0120094 0.123484 0)
(-0.0146506 0.122413 0)
(-0.0170595 0.121193 0)
(-0.0191655 0.119821 0)
(-0.0209836 0.118318 0)
(-0.0224331 0.116685 0)
(-0.0234512 0.114902 0)
(-0.0240217 0.11295 0)
(-0.0240988 0.110867 0)
(-0.0237138 0.108647 0)
(-0.0229102 0.106314 0)
(-0.0217007 0.103883 0)
(-0.0200505 0.101391 0)
(-0.0179393 0.0988636 0)
(-0.0154148 0.0963544 0)
(-0.012569 0.0938513 0)
(-0.00951689 0.0914584 0)
(-0.0066136 0.0891203 0)
(-0.00437941 0.0862115 0)
(-0.000739435 0.132717 0)
(-0.00361134 0.130927 0)
(-0.0069631 0.13035 0)
(-0.00987985 0.129408 0)
(-0.012909 0.128299 0)
(-0.0157212 0.126926 0)
(-0.0183749 0.125325 0)
(-0.0207942 0.123499 0)
(-0.0229496 0.121457 0)
(-0.0248006 0.119216 0)
(-0.0263241 0.116787 0)
(-0.0274937 0.114173 0)
(-0.0282669 0.111396 0)
(-0.0285878 0.108544 0)
(-0.0284309 0.105493 0)
(-0.0277851 0.102412 0)
(-0.0267452 0.0992731 0)
(-0.025335 0.0961005 0)
(-0.0235746 0.0930101 0)
(-0.0215702 0.0900461 0)
(-0.0193365 0.087257 0)
(-0.0169636 0.0847758 0)
(-0.0145264 0.0825908 0)
(0.0684891 -0.350575 0)
(0.170205 -0.368277 0)
(0.235097 -0.44075 0)
(0.358695 -0.431538 0)
(0.347758 0.0973466 0)
(0.337752 0.0880129 0)
(0.326917 0.0357026 0)
(0.322856 -0.0579541 0)
(0.350476 -0.2631 0)
(0.36495 -0.30082 0)
(0.371297 -0.370684 0)
(0.353782 -0.398633 0)
(0.0813865 -0.0346961 0)
(-0.180267 -0.0718806 0)
(-0.463243 0.0691059 0)
(-0.786629 0.266693 0)
(-0.504169 1.04825 0)
(-0.458405 0.457089 0)
(-0.626063 0.434702 0)
(-0.813286 0.467557 0)
(-0.763501 1.39858 0)
(-0.92958 0.891569 0)
(-0.822446 0.689575 0)
(-0.839038 0.579151 0)
(-1.05277 1.28464 0)
(-1.26686 1.11845 0)
(-1.41883 0.98411 0)
(-1.51852 0.99628 0)
(-1.15416 1.31317 0)
(-1.21795 1.13711 0)
(-1.35979 0.867198 0)
(-1.39148 0.739841 0)
(-0.948632 1.38039 0)
(-0.923899 1.29795 0)
(-0.932654 1.00303 0)
(-0.869261 0.769631 0)
(-0.369248 1.29561 0)
(-0.255304 1.25693 0)
(-0.17688 1.04517 0)
(-0.116602 0.788342 0)
(-0.017035 0.96029 0)
(0.11429 0.925143 0)
(0.172123 0.789563 0)
(0.223649 0.614434 0)
(0.00897543 0.744813 0)
(0.108552 0.724956 0)
(0.164159 0.656882 0)
(0.210063 0.587187 0)
(-0.0275463 0.60929 0)
(0.0314541 0.610369 0)
(0.0735843 0.593515 0)
(0.102578 0.569058 0)
(-0.0294065 0.509234 0)
(0.00818298 0.522974 0)
(0.0404691 0.529942 0)
(0.0658863 0.531457 0)
(-0.0134002 0.450236 0)
(0.0147173 0.464311 0)
(0.0427838 0.475266 0)
(0.0692859 0.482089 0)
(0.015554 0.40158 0)
(0.0380459 0.41222 0)
(0.0624467 0.421003 0)
(0.0866247 0.429457 0)
(0.0394255 0.35606 0)
(0.06055 0.363766 0)
(0.0826611 0.370185 0)
(0.104719 0.376574 0)
(0.0611111 0.316841 0)
(0.0801223 0.322305 0)
(0.0999878 0.328003 0)
(0.11921 0.332465 0)
(0.075873 0.278069 0)
(0.0920195 0.281162 0)
(0.108917 0.286467 0)
(0.125056 0.289821 0)
(0.0884934 0.249685 0)
(0.101772 0.251751 0)
(0.115461 0.255508 0)
(0.129128 0.257595 0)
(0.088865 0.224136 0)
(0.10071 0.226266 0)
(0.113099 0.22805 0)
(0.125842 0.228432 0)
(0.0924564 0.200109 0)
(0.1023 0.200499 0)
(0.113662 0.20041 0)
(0.125197 0.200613 0)
(0.0901309 0.182484 0)
(0.0991204 0.181811 0)
(0.108977 0.178956 0)
(0.119317 0.176752 0)
(0.089674 0.162831 0)
(0.097546 0.161796 0)
(0.105586 0.159199 0)
(0.113826 0.156313 0)
(0.0853875 0.147486 0)
(0.0918432 0.146699 0)
(0.0989022 0.144239 0)
(0.106091 0.140807 0)
(0.0803803 0.135716 0)
(0.0859923 0.132838 0)
(0.0917732 0.130059 0)
(0.0978343 0.126002 0)
(0.0755778 0.124035 0)
(0.080071 0.12184 0)
(0.0846761 0.118563 0)
(0.0894955 0.115219 0)
(0.0694407 0.116041 0)
(0.0731358 0.112788 0)
(0.076926 0.109852 0)
(0.0805146 0.106128 0)
(0.0635952 0.108554 0)
(0.0666391 0.10558 0)
(0.0696888 0.10232 0)
(0.072642 0.0988897 0)
(0.0575815 0.102921 0)
(0.0600389 0.0997529 0)
(0.062544 0.0965911 0)
(0.0647451 0.0932013 0)
(0.0517046 0.0980452 0)
(0.0537252 0.0950351 0)
(0.0557552 0.091892 0)
(0.0575235 0.0886452 0)
(0.0458891 0.0941069 0)
(0.0475543 0.0911781 0)
(0.0492522 0.0881358 0)
(0.0506644 0.0849911 0)
(0.0402098 0.0908328 0)
(0.041574 0.0880318 0)
(0.043001 0.085079 0)
(0.0441333 0.0820356 0)
(0.0346185 0.0881535 0)
(0.0357138 0.0854426 0)
(0.036903 0.0825779 0)
(0.0378186 0.0796045 0)
(0.0291021 0.0860191 0)
(0.0299571 0.0833747 0)
(0.0309123 0.0805759 0)
(0.0316391 0.0776555 0)
(0.0236427 0.084402 0)
(0.0242512 0.0817938 0)
(0.0249597 0.0790437 0)
(0.0255038 0.0761565 0)
(0.0182238 0.0832861 0)
(0.018604 0.0806959 0)
(0.0190461 0.0779846 0)
(0.0193829 0.0751264 0)
(0.0129018 0.0826883 0)
(0.01301 0.0801216 0)
(0.0131961 0.0774207 0)
(0.0132994 0.0745735 0)
(0.00773007 0.0827719 0)
(0.00754201 0.0801432 0)
(0.00739685 0.0774346 0)
(0.00722311 0.0746302 0)
(0.00276764 0.0833413 0)
(0.00252314 0.0808273 0)
(0.00217427 0.0781032 0)
(0.00166955 0.0752213 0)
(-0.00374921 0.0834555 0)
(-0.00345391 0.0815107 0)
(-0.00338432 0.0792888 0)
(-0.00353346 0.0768355 0)
(-0.0134328 0.0806743 0)
(-0.012685 0.0792964 0)
(-0.012191 0.0776851 0)
(-0.0118319 0.0758647 0)
(0.462581 -0.566219 0)
(0.343055 -0.483694 0)
(0.372473 -0.393408 0)
(0.315994 -0.360234 0)
(0.23458 -0.226795 0)
(0.315743 -0.104715 0)
(0.378484 -0.0825601 0)
(0.397855 -0.0641778 0)
(0.379094 -0.0360812 0)
(0.348608 -0.0149992 0)
(0.356808 0.0192732 0)
(0.402583 0.135934 0)
(0.387121 0.23553 0)
(0.379588 0.371044 0)
(0.260892 0.471372 0)
(0.154042 0.546318 0)
(0.195709 0.554805 0)
(-0.29083 0.23771 0)
(0.209705 -0.15704 0)
(0.354147 -0.440568 0)
(0.1028 -0.488229 0)
(-0.148943 -0.0960432 0)
(-0.431788 0.203971 0)
(-0.348964 -0.236588 0)
(-0.0663091 -0.282128 0)
(0.177329 -0.146076 0)
(0.318733 -0.0571479 0)
(0.346737 -0.018799 0)
(0.323512 0.00297355 0)
(0.270581 0.0361762 0)
(0.266159 0.13806 0)
(0.24165 0.226492 0)
(0.305921 0.410452 0)
(0.195175 0.55522 0)
(0.0580935 0.592681 0)
(0.26895 0.582753 0)
(-0.1257 0.260898 0)
(0.226182 -0.192759 0)
(0.230983 -0.37884 0)
(-0.68264 0.200319 0)
(-0.934943 0.392213 0)
(-0.846439 0.0423324 0)
(-0.718401 -0.375909 0)
(-0.588385 -0.456256 0)
(-0.365575 -0.371597 0)
(0.0399239 -0.190265 0)
(0.2972 -0.00185335 0)
(0.375227 0.0287804 0)
(0.309378 0.101691 0)
(0.255201 0.173442 0)
(0.201808 0.207774 0)
(0.226319 0.394411 0)
(0.12823 0.636829 0)
(-0.0592488 0.478034 0)
(0.215942 0.606696 0)
(-0.0251503 0.315659 0)
(0.230361 -0.122598 0)
(-1.05269 0.318118 0)
(-1.17142 0.0492148 0)
(-0.87317 -0.252589 0)
(-0.751367 -0.336315 0)
(-0.690316 -0.512094 0)
(-0.661154 -0.6525 0)
(-0.535394 -0.683227 0)
(-0.326966 -0.570678 0)
(0.0161822 -0.304899 0)
(0.408091 0.0572374 0)
(0.361551 0.123456 0)
(0.258725 0.22599 0)
(0.198209 0.246608 0)
(0.12986 0.516401 0)
(0.0906728 0.807846 0)
(-0.0639152 0.572073 0)
(0.175084 0.504899 0)
(0.0814789 0.299286 0)
(0.230315 -0.0298465 0)
(-0.950831 0.257825 0)
(-0.896001 0.0471539 0)
(-0.99785 -0.161882 0)
(-1.01413 -0.291501 0)
(-0.929325 -0.544486 0)
(-0.817476 -0.750717 0)
(-0.648846 -0.804296 0)
(-0.444206 -0.828916 0)
(-0.216304 -0.698405 0)
(0.0406561 -0.271599 0)
(0.38105 0.325169 0)
(0.304201 0.305836 0)
(0.17737 0.320366 0)
(0.0534 0.551071 0)
(0.0856246 0.74765 0)
(0.106757 0.573219 0)
(0.244775 0.416772 0)
(0.191922 0.307643 0)
(0.223239 0.138823 0)
(-0.806795 0.52299 0)
(-0.750872 1.17896 0)
(-1.3513 0.801269 0)
(-1.4285 0.178259 0)
(-1.28368 -0.588486 0)
(-0.887315 -0.945411 0)
(-0.651805 -1.09483 0)
(-0.502177 -1.01394 0)
(-0.344367 -0.845849 0)
(-0.174156 -0.577629 0)
(0.21007 0.0753111 0)
(0.419557 0.402407 0)
(0.241413 0.456402 0)
(0.0847998 0.55325 0)
(0.141894 0.637621 0)
(0.247869 0.491773 0)
(0.316675 0.391781 0)
(0.235737 0.369756 0)
(0.236839 0.310861 0)
(-1.67728 0.633943 0)
(-1.46149 0.102147 0)
(-1.14729 -0.0831724 0)
(-0.940647 -0.0145559 0)
(-0.913704 0.00483922 0)
(-0.794739 -0.676645 0)
(-0.634569 -1.1719 0)
(-0.461439 -1.1709 0)
(-0.379603 -1.01052 0)
(-0.24273 -0.736877 0)
(-0.141465 -0.374969 0)
(0.24812 0.277628 0)
(0.267684 0.556587 0)
(0.142719 0.588284 0)
(0.175486 0.533778 0)
(0.278717 0.405468 0)
(0.328495 0.395698 0)
(0.23877 0.447737 0)
(0.24154 0.482495 0)
(-1.40326 0.376531 0)
(-1.17348 -0.0757659 0)
(-1.33915 -0.363415 0)
(-1.07303 -0.791852 0)
(-0.660718 -1.06875 0)
(-0.229785 -0.950632 0)
(-0.46829 -1.2465 0)
(-0.453488 -1.20972 0)
(-0.445552 -1.07982 0)
(-0.428798 -0.855417 0)
(-0.258277 -0.459449 0)
(-0.25328 0.0342881 0)
(0.19768 0.579336 0)
(0.123358 0.595903 0)
(0.167973 0.486632 0)
(0.272685 0.363597 0)
(0.305781 0.417635 0)
(0.17944 0.511348 0)
(0.169283 0.686368 0)
(-0.712758 0.433203 0)
(-0.479193 0.20318 0)
(-0.818944 0.0118608 0)
(-0.707571 -0.504958 0)
(-0.476595 -1.26362 0)
(-0.537293 -1.3071 0)
(-0.541007 -1.25814 0)
(-0.55869 -1.19682 0)
(-0.659077 -1.04632 0)
(-0.741775 -0.786153 0)
(-0.923291 -0.413781 0)
(-0.708707 0.119165 0)
(0.0290205 0.339499 0)
(-0.014524 0.601854 0)
(0.116227 0.401891 0)
(0.156561 0.25223 0)
(0.223045 0.39146 0)
(-0.0178171 0.577947 0)
(0.0757598 0.771539 0)
(-0.136596 0.284242 0)
(-0.157099 -0.108451 0)
(-0.360928 -0.133588 0)
(-0.351797 -0.656989 0)
(-0.590493 -1.38383 0)
(-0.641522 -1.28775 0)
(-0.654458 -1.20314 0)
(-0.721554 -1.11079 0)
(-0.810068 -0.938015 0)
(-1.02857 -0.727189 0)
(-1.12093 -0.661533 0)
(-0.966961 -0.563262 0)
(-0.423106 0.229595 0)
(-0.123291 0.431193 0)
(-0.124985 0.277542 0)
(-0.114441 0.185377 0)
(-0.0480844 0.702624 0)
(-0.216395 0.681876 0)
(0.0714849 0.735076 0)
(0.207014 0.384628 0)
(0.0410353 0.305993 0)
(-0.297958 0.347993 0)
(-0.454436 -0.480148 0)
(-0.756359 -1.27865 0)
(-0.775895 -1.24014 0)
(-0.815833 -1.2058 0)
(-0.844708 -1.08948 0)
(-0.931409 -0.818513 0)
(-1.14979 -0.668711 0)
(-1.12718 -0.631704 0)
(-1.09768 -0.657743 0)
(-1.01755 -0.236839 0)
(-0.324718 0.268222 0)
(-0.341096 0.253331 0)
(-0.451019 0.258869 0)
(-0.590865 0.692043 0)
(-0.653367 0.69827 0)
(0.0664606 0.489578 0)
(0.199827 0.457479 0)
(0.00853291 0.428885 0)
(-0.187651 0.485962 0)
(-0.524846 -0.259102 0)
(-0.852707 -1.14645 0)
(-0.914938 -1.20301 0)
(-0.930513 -1.19736 0)
(-0.935089 -1.05686 0)
(-1.01424 -0.7693 0)
(-1.18628 -0.55875 0)
(-1.10395 -0.606775 0)
(-1.07523 -0.645719 0)
(-1.15649 -0.499061 0)
(-1.06186 0.12071 0)
(-0.677901 0.311292 0)
(-0.762243 0.369074 0)
(-0.875876 0.571063 0)
(-0.452984 0.410114 0)
(0.143069 0.110398 0)
(0.116453 0.54752 0)
(0.0490045 0.560393 0)
(0.0225006 0.672065 0)
(-0.213728 0.259631 0)
(-0.750172 -0.875709 0)
(-0.924285 -1.16556 0)
(-0.964203 -1.16072 0)
(-0.957911 -1.04741 0)
(-0.963004 -0.798922 0)
(-1.02147 -0.449437 0)
(-1.12134 -0.58036 0)
(-1.06003 -0.581203 0)
(-1.19767 -0.45313 0)
(-1.33106 -0.126358 0)
(-1.34244 0.258574 0)
(-0.560374 0.21083 0)
(-0.34115 0.167856 0)
(-0.152455 0.226845 0)
(0.112666 0.0520446 0)
(0.106796 0.538027 0)
(0.127734 0.57157 0)
(0.163839 0.687268 0)
(0.247677 0.585626 0)
(-0.240505 -0.340033 0)
(-0.691887 -1.11463 0)
(-0.944295 -1.14534 0)
(-0.976962 -1.02729 0)
(-0.954195 -0.844098 0)
(-0.889365 -0.532777 0)
(-0.924205 -0.460481 0)
(-1.05196 -0.523719 0)
(-1.03977 -0.384347 0)
(-1.03643 -0.216823 0)
(-0.66812 -0.16289 0)
(-0.367396 -0.109283 0)
(-0.188032 0.0217924 0)
(-0.132533 0.136456 0)
(0.0648717 0.0201305 0)
(0.1121 0.505557 0)
(0.175855 0.52508 0)
(0.249161 0.586742 0)
(0.391823 0.588097 0)
(0.301476 0.210007 0)
(-0.193766 -0.644362 0)
(-0.696053 -1.13158 0)
(-0.972657 -0.970374 0)
(-0.965183 -0.865704 0)
(-0.9117 -0.642517 0)
(-0.790774 -0.429619 0)
(-0.706717 -0.409653 0)
(-0.637975 -0.456168 0)
(-0.570074 -0.41824 0)
(-0.444125 -0.330606 0)
(-0.306746 -0.273977 0)
(-0.275607 -0.145975 0)
(-0.174818 -0.0100295 0)
(-0.0120238 -0.0281121 0)
(0.13205 0.444078 0)
(0.199406 0.456635 0)
(0.278986 0.478875 0)
(0.397848 0.500548 0)
(0.466486 0.294577 0)
(0.23042 0.0276942 0)
(-0.269354 -0.702283 0)
(-0.88635 -0.886505 0)
(-0.991098 -0.822339 0)
(-0.944738 -0.705559 0)
(-0.869531 -0.548825 0)
(-0.791204 -0.501597 0)
(-0.749656 -0.489935 0)
(-0.727884 -0.457357 0)
(-0.685624 -0.37197 0)
(-0.585095 -0.257369 0)
(-0.448118 -0.142044 0)
(-0.315709 -0.117379 0)
(-0.0765227 -0.152609 0)
(0.147731 0.387291 0)
(0.209538 0.391185 0)
(0.278258 0.393004 0)
(0.35802 0.37827 0)
(0.43142 0.303471 0)
(0.395907 0.120712 0)
(0.14121 0.0409808 0)
(-0.490536 -0.666505 0)
(-0.945016 -0.750579 0)
(-0.972825 -0.703232 0)
(-0.928665 -0.574351 0)
(-0.898597 -0.526073 0)
(-0.852813 -0.513644 0)
(-0.824695 -0.490702 0)
(-0.774952 -0.452782 0)
(-0.695148 -0.413456 0)
(-0.551194 -0.336327 0)
(-0.349812 -0.317555 0)
(-0.151444 -0.377631 0)
(0.1564 0.338462 0)
(0.208763 0.336984 0)
(0.265838 0.331085 0)
(0.326133 0.309727 0)
(0.388573 0.270752 0)
(0.410053 0.227886 0)
(0.400832 0.181404 0)
(0.24068 0.156779 0)
(-0.515285 -0.555175 0)
(-0.854578 -0.632277 0)
(-0.872382 -0.619177 0)
(-0.847602 -0.555434 0)
(-0.807414 -0.530745 0)
(-0.764934 -0.513802 0)
(-0.701018 -0.506511 0)
(-0.638568 -0.490238 0)
(-0.541081 -0.481597 0)
(-0.331667 -0.515496 0)
(-0.19937 -0.582936 0)
(0.156948 0.292848 0)
(0.201781 0.288173 0)
(0.251553 0.276749 0)
(0.306112 0.256289 0)
(0.351523 0.227766 0)
(0.408088 0.197754 0)
(0.432741 0.180395 0)
(0.512154 0.155169 0)
(0.457256 0.155422 0)
(0.0796224 -0.123288 0)
(-0.462937 -0.462014 0)
(-0.614057 -0.571536 0)
(-0.612261 -0.577352 0)
(-0.528721 -0.500564 0)
(-0.38242 -0.325533 0)
(-0.249336 -0.0148171 0)
(-0.418176 0.282469 0)
(-0.245541 0.165718 0)
(0.000157843 -0.112572 0)
(0.156192 0.257335 0)
(0.195693 0.250044 0)
(0.237 0.23539 0)
(0.284324 0.216384 0)
(0.322575 0.190839 0)
(0.376521 0.156056 0)
(0.411028 0.129599 0)
(0.480083 0.0917946 0)
(0.553422 0.00281746 0)
(0.596769 0.00240672 0)
(0.537312 -0.0236858 0)
(0.198723 -0.199136 0)
(-0.248485 -0.436914 0)
(-0.468338 -0.600425 0)
(-0.559704 -0.661546 0)
(-0.537314 -0.643691 0)
(-0.356961 -0.730533 0)
(-0.216899 -0.828003 0)
(0.0104409 -0.698581 0)
(0.14921 0.223071 0)
(0.184731 0.212927 0)
(0.223404 0.196151 0)
(0.261292 0.176498 0)
(0.296786 0.151144 0)
(0.343285 0.116584 0)
(0.373674 0.0832279 0)
(0.428535 0.0205799 0)
(0.467692 -0.0158492 0)
(0.485617 -0.118023 0)
(0.571711 -0.165695 0)
(0.555571 -0.108842 0)
(0.455914 -0.122219 0)
(-0.129234 -0.511439 0)
(-0.473783 -0.644704 0)
(-0.474678 -0.736932 0)
(-0.332914 -0.815388 0)
(-0.366928 -1.10666 0)
(-0.130046 -1.52445 0)
(0.145465 0.195579 0)
(0.174701 0.181849 0)
(0.206976 0.165607 0)
(0.238371 0.146435 0)
(0.26895 0.119334 0)
(0.310676 0.0808975 0)
(0.337198 0.0458754 0)
(0.391995 -0.00739035 0)
(0.414007 -0.0514155 0)
(0.4819 -0.115719 0)
(0.52125 -0.139129 0)
(0.584883 -0.062397 0)
(0.538821 0.120044 0)
(0.286964 0.100637 0)
(-0.170075 -0.301698 0)
(-0.25564 -0.578276 0)
(-0.1448 -0.686507 0)
(-0.159342 -0.868685 0)
(-0.030469 -1.23899 0)
(0.136575 0.170561 0)
(0.161968 0.156213 0)
(0.188787 0.139676 0)
(0.214958 0.118652 0)
(0.242047 0.0894247 0)
(0.275974 0.0518493 0)
(0.293667 0.0123484 0)
(0.351094 -0.037708 0)
(0.354377 -0.115186 0)
(0.444398 -0.19343 0)
(0.463679 -0.196497 0)
(0.511906 -0.103426 0)
(0.491973 0.180341 0)
(0.366886 0.204128 0)
(0.142008 -0.0664139 0)
(-0.103635 -0.633156 0)
(-0.0429971 -0.830208 0)
(-0.0491196 -0.954924 0)
(-0.00165973 -1.40625 0)
(0.12853 0.149296 0)
(0.148304 0.13491 0)
(0.1701 0.118121 0)
(0.191762 0.0967352 0)
(0.212441 0.0666792 0)
(0.239296 0.0298474 0)
(0.249045 -0.0146697 0)
(0.300594 -0.066908 0)
(0.289311 -0.150763 0)
(0.368583 -0.241224 0)
(0.378136 -0.233033 0)
(0.409041 -0.0911547 0)
(0.390406 0.274113 0)
(0.280294 0.304846 0)
(0.13676 0.117739 0)
(-0.0252252 -0.468164 0)
(-0.037677 -0.807671 0)
(-0.0534901 -0.968742 0)
(0.0184953 -1.4342 0)
(0.118274 0.133505 0)
(0.134288 0.117956 0)
(0.151607 0.10115 0)
(0.168551 0.0789478 0)
(0.183012 0.0494636 0)
(0.201068 0.0147242 0)
(0.205873 -0.0318556 0)
(0.237455 -0.0849185 0)
(0.21931 -0.16899 0)
(0.275084 -0.275397 0)
(0.262427 -0.282786 0)
(0.288206 -0.0626421 0)
(0.214756 0.324845 0)
(0.0784315 0.3913 0)
(-0.0135405 0.210694 0)
(-0.104333 -0.406941 0)
(-0.181679 -0.772629 0)
(-0.154318 -1.00542 0)
(0.0427859 -1.40048 0)
(0.108511 0.118187 0)
(0.120494 0.104981 0)
(0.133711 0.0877732 0)
(0.146 0.0671796 0)
(0.154542 0.0395134 0)
(0.163781 0.00632603 0)
(0.163664 -0.0368015 0)
(0.168983 -0.0884607 0)
(0.150737 -0.17315 0)
(0.149176 -0.266619 0)
(0.0871457 -0.295274 0)
(0.0352677 0.0455077 0)
(-0.0725452 0.475726 0)
(-0.139592 0.491675 0)
(-0.201117 0.264083 0)
(-0.29903 -0.322974 0)
(-0.414567 -0.704128 0)
(-0.144793 -1.02326 0)
(0.0871107 -1.34255 0)
(0.0973823 0.108642 0)
(0.107411 0.0942726 0)
(0.116569 0.0785767 0)
(0.125058 0.0593162 0)
(0.128916 0.0348747 0)
(0.130778 0.00591643 0)
(0.123781 -0.0301821 0)
(0.11007 -0.0754462 0)
(0.0727278 -0.140314 0)
(0.0158794 -0.213301 0)
(-0.119933 -0.191059 0)
(-0.218595 0.152275 0)
(-0.220487 0.501743 0)
(-0.286106 0.543525 0)
(-0.300616 0.315769 0)
(-0.513559 -0.195959 0)
(-0.224435 -0.958546 0)
(0.0118144 -1.5216 0)
(0.0965006 -1.58911 0)
(0.0875557 0.0990882 0)
(0.0951151 0.0870135 0)
(0.101298 0.0721957 0)
(0.106767 0.0553384 0)
(0.107127 0.0347605 0)
(0.104203 0.0113757 0)
(0.0922229 -0.0157965 0)
(0.0698833 -0.0477028 0)
(0.0230885 -0.0855024 0)
(-0.0465836 -0.117829 0)
(-0.215205 -0.0998245 0)
(-0.310881 0.20746 0)
(-0.280859 0.484422 0)
(-0.312933 0.559634 0)
(-0.333631 0.373454 0)
(-0.473706 -0.290346 0)
(-0.0064849 -1.41333 0)
(-0.0654414 -1.48828 0)
(0.0650721 -1.48741 0)
(0.0777761 0.0926761 0)
(0.0838198 0.081191 0)
(0.0880233 0.0681756 0)
(0.0912886 0.0536897 0)
(0.0898396 0.0371595 0)
(0.0846119 0.0195635 0)
(0.0711743 0.00159042 0)
(0.0474119 -0.0161464 0)
(0.00437659 -0.0302766 0)
(-0.0621523 -0.0280363 0)
(-0.179118 0.015317 0)
(-0.280501 0.228217 0)
(-0.232158 0.464438 0)
(-0.228634 0.553078 0)
(-0.312516 0.444558 0)
(-0.200205 -0.565408 0)
(-0.025847 -1.41287 0)
(-0.0781373 -1.44679 0)
(0.0693142 -1.46354 0)
(0.0689454 0.0871783 0)
(0.0738066 0.0771284 0)
(0.0766165 0.0655506 0)
(0.0786835 0.053431 0)
(0.0768494 0.0404305 0)
(0.0717511 0.0279564 0)
(0.06042 0.0175943 0)
(0.041585 0.0111252 0)
(0.00959398 0.0139119 0)
(-0.035535 0.0366117 0)
(-0.103686 0.0960209 0)
(-0.173927 0.256436 0)
(-0.143346 0.452725 0)
(-0.0949035 0.554339 0)
(-0.18996 0.498436 0)
(-0.115991 -0.642451 0)
(-0.0995139 -1.3779 0)
(-0.099579 -1.44464 0)
(0.0977983 -1.46071 0)
(0.0607793 0.0830272 0)
(0.0647642 0.0738961 0)
(0.0669583 0.063708 0)
(0.0685449 0.0534747 0)
(0.0672704 0.0432334 0)
(0.0637874 0.0343904 0)
(0.05622 0.0290642 0)
(0.0445772 0.0294612 0)
(0.0266707 0.0398956 0)
(0.00438445 0.0723149 0)
(-0.0175503 0.135752 0)
(-0.0324702 0.264864 0)
(0.00385422 0.41854 0)
(0.0487493 0.537198 0)
(-0.013273 0.482621 0)
(-0.0199021 -0.540669 0)
(-0.0898833 -1.35605 0)
(-0.154248 -1.53914 0)
(0.160381 -1.45648 0)
(0.053265 0.0796008 0)
(0.0566557 0.0712644 0)
(0.0585685 0.0621485 0)
(0.0601686 0.0531624 0)
(0.0599963 0.0447482 0)
(0.0588134 0.0380147 0)
(0.0558232 0.0349326 0)
(0.0521319 0.0373053 0)
(0.0484645 0.0494538 0)
(0.0464578 0.080177 0)
(0.0560538 0.134847 0)
(0.0765555 0.241827 0)
(0.130916 0.392518 0)
(0.170166 0.56443 0)
(0.233679 0.495305 0)
(0.103659 -0.384622 0)
(0.153091 -1.37138 0)
(-0.352694 -1.63603 0)
(0.247556 -1.42805 0)
(0.0462079 0.0768106 0)
(0.0491438 0.0689991 0)
(0.0509988 0.0605542 0)
(0.0528516 0.0522699 0)
(0.053882 0.0446382 0)
(0.0548635 0.0384372 0)
(0.0561056 0.0352153 0)
(0.0591505 0.0368443 0)
(0.0659038 0.0464946 0)
(0.0803108 0.0703148 0)
(0.117855 0.115119 0)
(0.169919 0.204677 0)
(0.265926 0.342566 0)
(0.330561 0.496647 0)
(0.43907 0.424066 0)
(0.199146 -0.257345 0)
(0.587466 -1.19104 0)
(-0.712445 -1.66476 0)
(0.330068 -1.3849 0)
(0.0394857 0.0745074 0)
(0.0420217 0.0669487 0)
(0.0438151 0.0588716 0)
(0.045873 0.0507769 0)
(0.0478531 0.0431196 0)
(0.0506761 0.0362628 0)
(0.0551667 0.0312321 0)
(0.0635803 0.0287066 0)
(0.0796868 0.030166 0)
(0.108883 0.0372335 0)
(0.166431 0.0561253 0)
(0.250119 0.104664 0)
(0.348508 0.233605 0)
(0.397341 0.453014 0)
(0.526952 0.392418 0)
(0.254007 -0.203422 0)
(0.68045 -0.899958 0)
(-0.506882 -1.58572 0)
(0.451585 -1.26138 0)
(0.0329229 0.0726263 0)
(0.0350204 0.0651491 0)
(0.036694 0.057172 0)
(0.0387227 0.0489658 0)
(0.0410633 0.0408045 0)
(0.0444921 0.0327233 0)
(0.0499016 0.0249237 0)
(0.059021 0.0169663 0)
(0.0750317 0.0079223 0)
(0.103386 -0.00491058 0)
(0.154691 -0.0128715 0)
(0.223519 0.0308971 0)
(0.309773 0.185986 0)
(0.371802 0.418082 0)
(0.51198 0.354022 0)
(0.326257 -0.171873 0)
(0.687072 -0.812849 0)
(0.118942 -1.35405 0)
(0.43276 -1.12483 0)
(0.0264412 0.0711631 0)
(0.0280496 0.0636726 0)
(0.0294387 0.055636 0)
(0.0311949 0.0471473 0)
(0.033426 0.0383413 0)
(0.0366453 0.0290358 0)
(0.0413433 0.0190342 0)
(0.0488582 0.00739205 0)
(0.0591574 -0.00782262 0)
(0.0732536 -0.0291827 0)
(0.0926244 -0.0514192 0)
(0.114955 -0.0255099 0)
(0.183184 0.12299 0)
(0.289269 0.350522 0)
(0.441576 0.296242 0)
(0.390511 -0.207417 0)
(0.659738 -0.787443 0)
(0.26343 -1.19731 0)
(0.307002 -1.14401 0)
(0.0199561 0.0701578 0)
(0.0209885 0.0626041 0)
(0.0219435 0.0544763 0)
(0.0231996 0.0457081 0)
(0.0249044 0.0363608 0)
(0.0272966 0.0261559 0)
(0.0305206 0.0149436 0)
(0.0348956 0.00200741 0)
(0.0398295 -0.0138867 0)
(0.041741 -0.0321679 0)
(0.0427203 -0.0562629 0)
(0.0329793 -0.0528385 0)
(0.0644515 0.0522877 0)
(0.173632 0.230947 0)
(0.393589 0.166882 0)
(0.464577 -0.282842 0)
(0.613594 -0.757595 0)
(0.27553 -0.985023 0)
(0.260091 -0.976769 0)
(0.0134718 0.0695867 0)
(0.0138747 0.061968 0)
(0.0142713 0.0536609 0)
(0.014914 0.0445459 0)
(0.0159908 0.034672 0)
(0.0176298 0.0237674 0)
(0.0199803 0.0118238 0)
(0.0230807 -0.00143419 0)
(0.0272975 -0.0166597 0)
(0.027566 -0.0314778 0)
(0.0339661 -0.0505281 0)
(0.0195436 -0.0518712 0)
(0.0560847 -0.00977476 0)
(0.145871 0.0559022 0)
(0.40064 -0.0188301 0)
(0.468789 -0.353915 0)
(0.525071 -0.666128 0)
(0.251029 -0.815705 0)
(0.197675 -0.72227 0)
(0.00696988 0.0697307 0)
(0.00660772 0.0620783 0)
(0.00628481 0.0537235 0)
(0.00607203 0.0444427 0)
(0.00607216 0.0342593 0)
(0.00648474 0.022887 0)
(0.00747935 0.0101502 0)
(0.00880926 -0.0039799 0)
(0.0127666 -0.019568 0)
(0.0130818 -0.0348457 0)
(0.0259264 -0.0526981 0)
(0.0206569 -0.0660241 0)
(0.0717936 -0.0650224 0)
(0.122991 -0.0838981 0)
(0.331893 -0.168543 0)
(0.326654 -0.422932 0)
(0.345089 -0.581775 0)
(0.14226 -0.668239 0)
(0.113428 -0.598901 0)
(0.000674204 0.0701992 0)
(-0.000493876 0.062532 0)
(-0.00172981 0.0540374 0)
(-0.00267103 0.0446163 0)
(-0.00343959 0.0341018 0)
(-0.00400137 0.022316 0)
(-0.00425687 0.00913302 0)
(-0.0042494 -0.00577592 0)
(-0.00178048 -0.0222952 0)
(-0.0035781 -0.0422604 0)
(0.0126275 -0.0629139 0)
(0.00580753 -0.0913804 0)
(0.0584493 -0.107239 0)
(0.0690337 -0.167118 0)
(0.223545 -0.254857 0)
(0.156378 -0.426247 0)
(0.224001 -0.512867 0)
(0.0548072 -0.58584 0)
(0.101171 -0.522426 0)
(-0.00417948 0.0722322 0)
(-0.00614924 0.0645018 0)
(-0.00865834 0.0558336 0)
(-0.0114036 0.0462329 0)
(-0.0141306 0.035647 0)
(-0.0167995 0.0236631 0)
(-0.0192598 0.00995354 0)
(-0.0214121 -0.00588817 0)
(-0.0223644 -0.023489 0)
(-0.0254233 -0.0450536 0)
(-0.0143511 -0.0656347 0)
(-0.0223408 -0.0994487 0)
(0.0356795 -0.127181 0)
(0.0380583 -0.223037 0)
(0.18166 -0.276496 0)
(0.115731 -0.416127 0)
(0.185388 -0.460092 0)
(0.0365732 -0.507552 0)
(0.104291 -0.441902 0)
(-0.0116981 0.0724436 0)
(-0.0123112 0.0661962 0)
(-0.0137366 0.0586086 0)
(-0.0157714 0.0496941 0)
(-0.0182568 0.0393928 0)
(-0.0210488 0.0276791 0)
(-0.0241058 0.0142237 0)
(-0.0269932 -0.00169262 0)
(-0.0291734 -0.0210238 0)
(-0.0315749 -0.0467846 0)
(-0.0183083 -0.0771127 0)
(-0.0205999 -0.143807 0)
(0.0539699 -0.182334 0)
(0.0519355 -0.303901 0)
(0.184978 -0.323741 0)
(0.111414 -0.412748 0)
(0.182675 -0.419185 0)
(0.0345687 -0.457161 0)
(0.101581 -0.379416 0)
)
;

boundaryField
{
    leftWall
    {
        type            calculated;
        value           uniform (0 0 0);
    }
    rightWall
    {
        type            calculated;
        value           uniform (0 0 0);
    }
    lowerWall
    {
        type            calculated;
        value           uniform (0 0 0);
    }
    atmosphere
    {
        type            calculated;
        value           nonuniform List<vector> 
46
(
(-0.000739435 0.132715 0)
(-0.00361134 0.130923 0)
(-0.0069631 0.130346 0)
(-0.00987985 0.129403 0)
(-0.012909 0.128294 0)
(-0.0157212 0.126921 0)
(-0.0183749 0.125321 0)
(-0.0207942 0.123495 0)
(-0.0229496 0.121453 0)
(-0.0248006 0.119212 0)
(-0.0263241 0.116782 0)
(-0.0274937 0.114169 0)
(-0.0282669 0.111392 0)
(-0.0285878 0.10854 0)
(-0.0284309 0.10549 0)
(-0.0277851 0.102409 0)
(-0.0267452 0.0992704 0)
(-0.025335 0.0960982 0)
(-0.0235746 0.093008 0)
(-0.0215702 0.0900441 0)
(-0.0193365 0.0872547 0)
(-0.0169636 0.0847736 0)
(-0.0145264 0.0825888 0)
(-0.0134328 0.0806723 0)
(-0.012685 0.0792943 0)
(-0.012191 0.0776829 0)
(-0.0118319 0.0758625 0)
(-0.0116981 0.0724412 0)
(-0.0123112 0.0661936 0)
(-0.0137366 0.0586062 0)
(-0.0157714 0.0496935 0)
(-0.0182568 0.0393971 0)
(-0.0210488 0.027693 0)
(-0.0241058 0.0142521 0)
(-0.0269932 -0.00165336 0)
(-0.0291735 -0.0210678 0)
(-0.0315749 -0.0469419 0)
(-0.0183083 -0.0773758 0)
(-0.0205999 -0.144532 0)
(0.0539699 -0.183445 0)
(0.0519355 -0.304885 0)
(0.184978 -0.324287 0)
(0.111414 -0.412242 0)
(0.182675 -0.417526 0)
(0.0345687 -0.454775 0)
(0.101581 -0.376973 0)
)
;
    }
    defaultFaces
    {
        type            empty;
    }
}


// ************************************************************************* //
