/*--------------------------------*- C++ -*----------------------------------*\
| =========                 |                                                 |
| \\      /  F ield         | OpenFOAM: The Open Source CFD Toolbox           |
|  \\    /   O peration     | Version:  2.4.0                                 |
|   \\  /    A nd           | Web:      www.OpenFOAM.org                      |
|    \\/     M anipulation  |                                                 |
\*---------------------------------------------------------------------------*/
FoamFile
{
    version     2.0;
    format      ascii;
    class       volScalarField;
    location    "0.95";
    object      rho;
}
// * * * * * * * * * * * * * * * * * * * * * * * * * * * * * * * * * * * * * //

dimensions      [1 -3 0 0 0 0 0];

internalField   nonuniform List<scalar> 
2268
(
13529
13529
13529
13529
13529
13529
13529
13529
13529
13529
13529
13529
13529
13529
13529
13529
13529
13529
13529
13529
13529
13528.9
13528.9
13529
13529
13529
13529
13529
13529
13529
13529
13529
13529
13529
13529
13529
13529
13529
13529
13529
13529
13529
13529
13529
13528.9
13528.9
13522.9
13527.8
13528.9
13529
13529
13529
13529
13529
13529
13529
13529
13529
13529
13529
13529
13529
13529
13529
13529
13529
13529
13528.9
13528.8
13192.1
13462.7
13521.3
13527.6
13528.5
13528.7
13528.9
13528.9
13528.9
13528.9
13528.9
13529
13529
13529
13529
13529
13529
13529
13529
13528.9
13528.9
13528.9
13528.8
10937
12991.6
13449
13516.2
13526.2
13526.9
13520
13499
13469.8
13459
13472.5
13497.8
13510.9
13516.4
13518.9
13520.3
13521.7
13520.9
13513.2
13493.8
13477
13501.9
13488.1
6740.68
11563.9
13241.5
13468.9
13456.7
13155.6
12554.4
11623.8
10534
9939.5
10033.2
10848.3
11530.3
11942.3
12145.4
12227.8
12303.8
12276.5
11934.9
11280.6
10844.1
11235.8
9803.08
3166.29
8333.44
12038.1
12525
10400.3
7201.61
4749.37
2883.43
1728.14
1313.23
1249.01
1358.21
1631.24
2040.88
2569.69
2939.11
3095.38
3087.32
2865.41
2360.55
1896.83
1403.77
1194.84
1535.1
3711.76
5411.61
4608.38
2482.13
1383.83
1097.47
1029.61
1011.89
1009.16
1008.08
1003.34
1000.48
1000.17
1000.09
999.891
999.217
998.682
998.735
998.785
996.526
996.369
1049.21
11559.6
9746.23
9218.34
9441.61
10204.3
11396.9
12346.3
12506.3
12611.8
12756.2
12902.7
12916.5
12917.1
12918.6
12934.6
12937.9
12938.5
12939.2
12940.6
2701.98
1386
932.305
971.892
1068.96
1347.39
1689.47
2062.26
2780.5
5018.96
8169.64
10624.4
12010.2
12432
12642.8
12939.8
12939.5
12940.7
12941.7
498.249
578.57
567.725
593.379
692.92
843.666
887.376
886.96
1076.75
3224.23
8200.83
11328.8
12040.5
12320.3
12764.8
12940.5
12941
12941.8
12942.4
614.716
435.927
495.866
506.159
514.729
591.835
740.916
823.359
912.696
1716.41
4283.91
6408.73
7055.36
9218.23
12011
12792.2
12941
12900.2
12943.2
386.654
452.462
506.01
506.292
506.064
518.581
775.892
882.272
886.433
1000.7
1193.34
908.464
971.765
2612.66
8932.01
12816.2
12934.3
12844.4
12803.4
523.597
484.807
502.162
505.123
505.761
508.715
694.338
848.183
878.473
893.536
817.203
635.267
564.796
817.633
3426.32
11404.8
12861.5
12701.1
11973.8
553.841
494.399
500.905
499.931
504.448
517.596
695.475
868.802
884.966
889.347
837.838
648.955
563.974
563.132
887.694
4593.8
9356.57
9485.1
6657.79
555.604
500.859
497.464
499.719
500.157
520.475
679.757
858.583
885.413
889.365
869.717
689.898
574.175
571.014
584.819
779.394
1406.55
1519.71
1106.68
1105.96
1423.44
1530.58
1265.87
1100.61
1041.65
1021.52
1012.04
1009.11
1007.89
1002.07
1000.22
999.258
998.716
998.455
997.786
995.433
993.586
993.039
990.173
988.766
960.931
858.683
1004.39
1015.21
1015.82
1009.21
1009.14
1009.09
1008.87
1008.01
1005.26
1001.43
997.739
991.012
986.043
988.815
990.627
991.821
991.071
987.084
976.53
905.239
873.469
821.369
594.939
1000.27
1002.39
1003.99
1004.25
1003.84
1003.39
1002.17
1000.96
999.519
984.211
936.951
884.999
855.879
880.946
917.047
949.644
968.939
963.226
889.881
707.124
682.579
614.969
544.565
950.266
971.349
988.908
995.093
997.183
998.709
998.753
993.368
960.23
826.77
707.145
650.986
638.605
673.851
772.9
853.074
807.251
710.402
616.209
561.901
547.513
533.941
533.194
659.979
793.293
923.585
972.426
989.26
992.532
970.758
873.957
731.048
583.509
544.478
570.373
585.802
612.401
616.796
606.2
574.291
544.468
529.524
525.517
523.084
520.748
525.682
575.912
634.464
842.667
927.126
945.278
905.852
716.993
570.809
548.539
546.654
543.147
531.162
450.853
297.719
297.076
442.78
507.977
514.778
512.975
503.447
440.204
323.918
322.932
575.516
578.766
709.013
774.11
768.111
665.953
560.677
537.921
535.785
530.449
523.608
452.981
149.556
17.1474
17.1475
56.5861
158.608
293.95
348.16
282.426
96.6049
15.743
6.95465
479.566
570.585
603.446
637.776
593.966
548.01
532.728
510.939
502.029
497.905
488.11
327.206
28.102
1.10175
1.07316
1.38498
3.32212
17.6708
33.5356
25.9757
4.50577
1.08363
1.00492
429.071
467.544
548.676
551.208
539.866
523.434
480.78
421.676
412.263
420.132
276.16
47.0044
2.22539
1.00078
1.00045
1.00045
1.00257
1.06479
1.23383
1.22683
1.02533
1.00084
1.00051
121.284
158.366
399.793
493.592
490.16
348.286
110.335
20.9512
10.9141
16.4791
8.59533
1.75574
1.02917
1.00061
1.0005
1.0004
1.00032
1.00035
1.0005
1.00062
1.0006
1.00056
1.00042
5.24282
14.5695
86.581
151.98
148.576
44.8079
3.1095
1.02001
1.00454
1.02868
1.09004
1.10821
1.01433
1.00058
1.00052
1.00041
1.00032
1.00031
1.00039
1.0005
1.00054
1.00052
1.00067
1.02707
1.40545
4.05279
6.40031
5.96761
1.82394
1.00814
1.00017
1.00013
1.00328
1.05766
1.17762
1.17799
1.13158
1.00077
1.00045
1.00033
1.00029
1.00033
1.00043
1.00051
1.00089
1.00099
1.00005
1.00232
1.01549
1.0213
1.01478
1.00288
1.00017
1.00011
1.00005
1.00006
1.00248
1.05117
1.16792
1.10739
1.00534
1.00056
1.00045
1.00034
1.00027
1.00033
1.00041
1.00045
1.00077
1.00002
1.00001
1.00001
1.00003
1.00004
1.00004
1.00005
1.00005
1.00003
1.00002
1.00004
1.00157
1.01806
1.02594
1.03119
1.02645
1.00198
1.00051
1.00041
1.0003
1.0003
1.00033
1.00033
1.00001
1.00001
1.00001
1.00001
1.00001
1.00001
1.00002
1.00002
1.00001
1.00001
1.00001
1.00002
1.00019
1.00233
1.0271
1.01245
1.02287
1.02252
1.00711
1.00142
1.00068
1.00055
1.00113
1.00001
1.00001
1.00003
1.00003
1.00002
1.00001
1.00001
1.00001
1.00001
1.00001
1.00001
1.00001
1.00002
1.00011
1.00254
1.00151
1.02066
1.03823
1.03816
1.01953
1.00363
1.00277
1.01065
1.00001
1.00002
1.00007
1.00005
1.00003
1.00001
1
1.00001
1.00001
1.00001
1.00001
1.00002
1.00002
1.00003
1.00006
1.00022
1.00399
1.01943
1.01852
1.01023
1.00454
1.01189
1.01231
1.00003
1.0001
1.00009
1.00006
1.00003
1.00001
1
1
1.00001
1.00001
1.00001
1.00002
1.00003
1.00002
1.00003
1.00007
1.00019
1.00132
1.0012
1.00085
1.00125
1.00167
1.00125
1.00011
1.00011
1.00006
1.00005
1.00003
1.00001
1
1
1
1.00001
1.00001
1.00002
1.00003
1.00002
1.00002
1.00002
1.00004
1.00005
1.00006
1.00005
1.00006
1.00006
1.00005
1.00011
1.00009
1.00005
1.00004
1.00002
1
1
1
1
1
1
1.00001
1.00001
1.00001
1.00001
1.00001
1.00001
1.00003
1.00006
1.00004
1.00003
1.00003
1.00003
1.00009
1.00006
1.00005
1.00003
1.00001
1
1
1
1
1
1
1
1
1
1
1
1.00002
1.00006
1.00006
1.00006
1.00005
1.00002
1.00002
1.00006
1.00005
1.00003
1.00001
1
0.999999
1
1
1
1
1
1
1
1
1
1
1.00002
1.00005
1.00006
1.00005
1.00002
1.00001
1.00001
1.00003
1.00002
1.00001
1
0.999999
0.999999
1
1
1
1
1
1
1
1
1
1
1.00001
1.00003
1.00003
1.00002
1.00001
1.00001
1.00001
1.00001
1.00001
1
0.999999
0.999999
1
1
1
1
1
1
1
1
1
1
1
1.00001
1.00001
1.00001
1.00001
1.00001
1
1
1
1
0.999999
0.999999
1
1
1
1
1
1
1
1
1
1
1
1
1
1.00001
1.00001
1.00001
1
1
1
0.999999
0.999999
0.999999
0.999999
1
1
1
1
1
1
1
1
1
1
1
1
1
1
1
1
1
1
1
0.999999
0.999999
0.999999
1
1
1
1
1
1
1
1
1
1
1
1
1
1
1
1
1
1
1
1
0.999999
0.999999
0.999999
1
1
1
1
1
1
1
1
1
1
1
1
1
1
1
1
1
1
1
0.999999
0.999999
0.999999
1
1
1
1
1
1
1
1
1
1
1
1
1
1
1
1
1
1
1
0.999999
0.999999
0.999999
0.999999
1
1
1
1
1
1
1
1
1
1
1
1
1
1
1
1
1
1
1
0.999999
0.999999
0.999999
1
1
1
1
1
1
1
1
1
1
1
1
1
1
1
1
1
1
1
1
1
0.999999
1
1
1
1
1
1
1
1
1
1
1
1
1
1
1
1
1
1
1
1
1
1
0.999999
1
1
1
1
1
1
1
1
1
1
1
1
1
1
1
1
1
1
1
1
1
1
1
1
1
1
1
1
1
1
1
1
1
1
1
1
1
1
1
1
1
1
1
1
1
1
1
1
1
1
1
1
1
1
1
1
1
1
1
1
1
1
1
1
1
1
1
1
1
1
1
1
1
1
1
1
1
1
1
1
1
1
1
1
1
1
1
1
1
1
1
1
1
1
1
1
1
1
1
1
1
1
1
1
1
1
1
1
1
1
1
1
1
1
1
1
1
1
1
1
1
1
1
1
1
1
1
1
1
1
1
1
1
1
1
1
1
1
1
1
1
1
1
1
1
1
1
1
1
1
1
1
1
1
1
1
1
1
1
1
1
1
1
1
1
1
1
1
1
1
1
1
1
1
1
1
1
1
0.999999
0.999999
0.999999
1
1
1
1
1
1
1
1
1
1
1
1
1
1
1
1
1
1
1
1
0.999999
0.999999
0.999999
0.999999
1
0.999999
1
1
1
1
1
1
1
1
1
1
1
1
1
1
1
1
1
0.999999
0.999999
0.999999
0.999999
1
0.999999
1079.61
1161.32
1121.71
1049.99
540.179
541.185
541.334
542.828
541.944
548.21
552.539
555.297
546.86
552.685
559.026
563.951
545.683
555.528
561.761
567.595
455.026
512.157
548.336
564.881
14.1307
92.0253
276.517
416.568
1.0008
1.0035
1.38638
10.3952
1.00038
1.00037
1.00037
1.00039
1.00038
1.00038
1.00037
1.00037
1.00038
1.00038
1.00041
1.00041
1.00099
1.00089
1.00047
1.00054
1.00079
1.00068
1.00062
1.00059
1.00039
1.00064
1.00067
1.00046
1.00253
1.00531
1.00436
1.00122
1.01273
1.01278
1.01045
1.00251
1.01237
1.00403
1.0004
1.00029
1.00058
1.0002
1.00015
1.00017
1.00005
1.00005
1.00007
1.00011
1.00003
1.00003
1.00004
1.00006
1.00002
1.00002
1.00003
1.00006
1.00002
1.00002
1.00001
1.00001
1.00001
1
1.00001
1.00001
1
1
1
1
1
1
1
1
1
1
1
0.999999
1
0.999999
0.999999
0.999999
0.999999
0.999999
0.999999
0.999998
0.999999
0.999999
0.999998
0.999998
0.999999
0.999999
0.999999
0.999998
0.999999
0.999999
0.999999
0.999998
0.999999
0.999999
0.999999
0.999998
0.999999
0.999999
0.999999
0.999998
0.999999
0.999999
0.999999
0.999998
0.999999
0.999999
0.999999
0.999998
0.999999
0.999999
0.999999
0.999998
0.999999
0.999999
0.999998
0.999998
0.999999
0.999999
0.999998
0.999998
0.999999
0.999999
0.999998
0.999998
0.999999
0.999999
0.999998
0.999998
0.999999
0.999998
0.999998
0.999998
0.999998
0.999998
0.999998
0.999999
558.128
513.653
508.752
499.039
504.129
536.664
700.023
855.393
876.498
876.665
878.714
776.964
636.77
594.863
574.943
614.454
698.483
745.686
754.295
542.501
540.054
522.762
510.628
510.573
567.433
725.902
837.106
859.721
862.88
871.185
843.105
730.738
621.745
576.451
572.378
639.323
712.492
739.897
556.506
552.774
538.476
527.207
537.99
617.565
743.848
818.856
846.497
860.087
863.955
853.354
790.411
669.357
575.947
579.432
603.295
690.287
715.683
568.894
572.298
570.4
567.203
594.546
664.935
717.79
734.793
737.872
748.921
783.272
819.332
781.44
670.014
593.674
605.559
625.675
653.686
645.292
578.407
590.362
597.317
606.922
627.402
646.595
654.49
655.502
654.982
660.386
687.017
722.622
725.358
648.834
615.67
626.805
625.704
607.814
600.115
582.593
597.115
606.268
612.219
619.928
628.632
632.22
633.513
635.313
638.345
645.141
657.676
663.807
647.83
633.753
615.294
567.791
451.024
436.132
517.874
578.67
598.806
595.693
609.551
632.534
640.681
642.648
642.898
643.933
645.405
646.346
645.854
631.079
584.141
409.864
179.239
59.8406
51.3779
139.312
422.524
544.772
568.555
585.629
613.922
620.695
618.658
608.586
589.739
567.59
550.526
519.039
416.231
205.227
11.6297
1.01591
1.00247
1.00162
2.46828
42.8575
250.725
443.342
486.809
491.669
493.805
481.119
410.698
303.701
196.737
123.537
48.8083
3.94429
1.01392
1.00275
1.0021
1.00133
1.00074
1.00241
1.26689
10.561
84.5533
200.962
239.813
220.536
112.171
31.8549
4.05694
1.0245
1.005
1.00572
1.00442
1.00412
1.00417
1.00421
1.00177
1.00071
1.00043
1.00056
1.01851
1.43264
3.38763
4.81274
3.05555
1.0374
1.00095
1.00082
1.00069
1.00071
1.001
1.00177
1.00433
1.00458
1.00419
1.00107
1.00071
1.00052
1.00047
1.00043
1.00057
1.00073
1.00042
1.00056
1.00071
1.00069
1.00066
1.00073
1.001
1.00148
1.001
1.00065
1.00081
1.00046
1.00046
1.00063
1.0006
1.00061
1.00053
1.00029
1.00024
1.00014
1.00023
1.00059
1.00072
1.00067
1.00068
1.0008
1.00099
1.00073
1.00062
1.00049
1.00042
1.00044
1.00078
1.00042
1.00057
1.00078
1.0013
1.00056
1.00013
1.00007
1.00013
1.00052
1.00084
1.00087
1.00094
1.00086
1.00084
1.00063
1.00046
1.00037
1.00047
1.0027
1.00037
1.00091
1.00281
1.00264
1.00082
1.00021
1.00007
1.00006
1.00022
1.00058
1.00096
1.00121
1.00119
1.00114
1.00078
1.00037
1.00031
1.00048
1.00329
1.0006
1.0033
1.00404
1.00298
1.00066
1.00027
1.00009
1.00005
1.0002
1.0004
1.00081
1.00109
1.00112
1.0011
1.00055
1.00023
1.00023
1.00138
1.0033
1.00072
1.00369
1.00404
1.00249
1.00057
1.00021
1.00008
1.00005
1.00014
1.00025
1.00035
1.00063
1.00096
1.00088
1.00028
1.00009
1.00019
1.00235
1.00311
1.00031
1.0007
1.00172
1.00104
1.00042
1.00014
1.00008
1.00004
1.00003
1.00007
1.00011
1.00015
1.00026
1.00019
1.00012
1.00006
1.00023
1.00234
1.00083
1.00028
1.00042
1.00054
1.00056
1.00028
1.0001
1.00005
1.00002
1.00001
1.00002
1.00003
1.00004
1.00004
1.00003
1.00003
1.00004
1.00022
1.002
1.00066
1.00019
1.00026
1.0002
1.00013
1.00009
1.00005
1.00002
1.00001
1
1
1
1
1.00001
1.00001
1.00003
1.00006
1.00023
1.00065
1.00067
1.0001
1.00009
1.00007
1.00004
1.00002
1.00001
1
1
0.999999
0.999999
0.999999
1
1.00001
1.00003
1.00005
1.00012
1.0003
1.00054
1.00066
1.00004
1.00004
1.00002
1.00001
1
1
0.999999
0.999998
0.999998
0.999999
1
1
1.00001
1.00005
1.00008
1.00026
1.0004
1.00059
1.00066
1.00002
1.00001
1
1
1
0.999999
0.999998
0.999998
0.999998
0.999999
1
1.00001
1.00002
1.00013
1.00021
1.0004
1.00051
1.00074
1.00063
1
1
1
0.999999
0.999998
0.999998
0.999998
0.999998
0.999998
0.999999
1
1.00001
1.00002
1.00025
1.00145
1.00068
1.00064
1.00083
1.00061
1
0.999999
0.999999
0.999998
0.999998
0.999998
0.999998
0.999998
0.999998
0.999999
1
1.00001
1.00002
1.0003
1.00748
1.00362
1.00082
1.00117
1.00172
0.999999
0.999998
0.999998
0.999998
0.999997
0.999997
0.999997
0.999998
0.999998
0.999999
1
1.00001
1.00003
1.00036
1.01264
1.01291
1.00348
1.00739
1.00341
0.999998
0.999998
0.999998
0.999997
0.999997
0.999997
0.999997
0.999998
0.999998
0.999999
1
1.00002
1.00004
1.00034
1.00483
1.0171
1.01609
1.01581
1.00152
0.999998
0.999998
0.999997
0.999997
0.999997
0.999997
0.999997
0.999998
0.999999
1
1
1.00002
1.00005
1.00028
1.00079
1.01657
1.01665
1.00463
1.00059
0.999998
0.999997
0.999997
0.999997
0.999997
0.999997
0.999998
0.999998
0.999999
1
1.00001
1.00002
1.00005
1.00026
1.00067
1.00135
1.01053
1.00134
1.00041
0.999998
0.999997
0.999997
0.999996
0.999997
0.999997
0.999998
0.999998
0.999999
1
1.00001
1.00003
1.00005
1.00026
1.00052
1.00078
1.00086
1.00067
1.00033
0.999997
0.999997
0.999996
0.999996
0.999997
0.999997
0.999998
0.999999
0.999999
1
1.00001
1.00005
1.00011
1.00031
1.00045
1.00062
1.00069
1.00055
1.00023
0.999997
0.999997
0.999996
0.999997
0.999997
0.999998
0.999998
0.999999
1
1
1.00002
1.00007
1.00023
1.00041
1.00049
1.00057
1.00061
1.00038
1.00016
0.999997
0.999997
0.999997
0.999997
0.999998
0.999998
0.999999
0.999999
1
1.00001
1.00002
1.0001
1.00035
1.00056
1.00081
1.00124
1.00053
1.00026
1.00006
0.999997
0.999997
0.999997
0.999997
0.999998
0.999999
0.999999
0.999999
1
1.00001
1.00003
1.00013
1.00043
1.00098
1.00139
1.00134
1.00038
1.0001
1.00003
0.999997
0.999997
0.999997
0.999998
0.999998
0.999999
0.999999
0.999999
1
1.00001
1.00002
1.00012
1.00037
1.00052
1.0012
1.00058
1.0002
1.00004
1.00001
0.999997
0.999997
0.999998
0.999998
0.999999
0.999999
0.999999
0.999999
1
1
1.00001
1.00007
1.00023
1.00031
1.00034
1.00023
1.00009
1.00001
1
0.999998
0.999998
0.999998
0.999999
0.999999
0.999999
0.999999
0.999999
1
1
1
1.00002
1.00011
1.00013
1.00014
1.00009
1.00004
1.00001
1
0.999998
0.999998
0.999999
0.999999
0.999999
0.999999
0.999999
0.999999
1
1
1
1
1.00003
1.00004
1.00004
1.00003
1.00001
1
1
0.999998
0.999999
0.999999
0.999999
0.999999
0.999999
0.999999
0.999999
1
1
1
1
1
1.00001
1.00001
1.00001
1
1
1
0.999998
0.999999
0.999999
0.999999
0.999999
0.999999
0.999999
1
1
1
1
1
1
1
1
1
1
1
1
0.999999
0.999999
0.999999
0.999999
0.999999
1
1
1
1
1
1
1
1
1
1
1
1
1
1
0.999999
1
1
1
1
1
1
1
1
1
1
1
1
1
1
1
1
1
1
)
;

boundaryField
{
    leftWall
    {
        type            calculated;
        value           nonuniform List<scalar> 
50
(
13529
13529
13522.9
13192.1
10937
6740.68
3166.29
1535.1
1105.96
1004.39
1000.27
950.266
659.979
575.912
575.516
479.566
429.071
121.284
5.24282
1.02707
1.00005
1.00002
1.00001
1.00001
1.00001
1.00003
1.00011
1.00011
1.00009
1.00006
1.00003
1.00001
1
0.999999
0.999999
0.999999
0.999999
0.999999
0.999999
1
1
1
1
1
1
1
1
1
1
1
)
;
    }
    rightWall
    {
        type            calculated;
        value           nonuniform List<scalar> 
50
(
12940.6
12941.7
12942.4
12943.2
12803.4
11973.8
6657.79
1106.68
754.295
739.897
715.683
645.292
600.115
436.132
51.3779
1.00162
1.00074
1.00071
1.00071
1.00063
1.00078
1.0027
1.00329
1.0033
1.00311
1.00083
1.00066
1.00067
1.00066
1.00066
1.00063
1.00061
1.00172
1.00341
1.00152
1.00059
1.00041
1.00033
1.00023
1.00016
1.00006
1.00003
1.00001
1
1
1
1
1
1
1
)
;
    }
    lowerWall
    {
        type            calculated;
        value           nonuniform List<scalar> 
62
(
13529
13529
13529
13529
13529
13529
13529
13529
13529
13529
13529
13529
13529
13529
13529
13529
13529
13529
13529
13529
13529
13528.9
13528.9
13528.9
13528.9
13528.8
13528.8
13488.1
9803.08
1194.84
1049.21
1079.61
1161.32
1121.71
1049.99
11559.6
2701.98
498.249
614.716
386.654
523.597
553.841
555.604
11559.6
9746.23
9218.34
9441.61
10204.3
11396.9
12346.3
12506.3
12611.8
12756.2
12902.7
12916.5
12917.1
12918.6
12934.6
12937.9
12938.5
12939.2
12940.6
)
;
    }
    atmosphere
    {
        type            calculated;
        value           nonuniform List<scalar> 
46
(
1
1
1
1
1
1
1
1
1
1
1
1
1
1
1
1
1
0.999999
0.999999
0.999999
0.999999
1
0.999999
0.999998
1
1
1
1
1
1
1
1
1
1
1
1
1
1
1
1
1
1
1
1
1
1
)
;
    }
    defaultFaces
    {
        type            empty;
    }
}


// ************************************************************************* //
