/*--------------------------------*- C++ -*----------------------------------*\
| =========                 |                                                 |
| \\      /  F ield         | OpenFOAM: The Open Source CFD Toolbox           |
|  \\    /   O peration     | Version:  2.4.0                                 |
|   \\  /    A nd           | Web:      www.OpenFOAM.org                      |
|    \\/     M anipulation  |                                                 |
\*---------------------------------------------------------------------------*/
FoamFile
{
    version     2.0;
    format      ascii;
    class       volVectorField;
    location    "0.95";
    object      U;
}
// * * * * * * * * * * * * * * * * * * * * * * * * * * * * * * * * * * * * * //

dimensions      [0 1 -1 0 0 0 0];

internalField   nonuniform List<vector> 
2268
(
(-0.0664916 -0.0337351 0)
(-0.173147 -0.0311506 0)
(-0.24367 -0.0168719 0)
(-0.277701 -0.00599204 0)
(-0.282429 0.00332941 0)
(-0.274537 0.00716042 0)
(-0.256445 0.00536142 0)
(-0.232713 0.00369474 0)
(-0.211644 0.00295769 0)
(-0.198441 0.000971784 0)
(-0.189953 -0.00289315 0)
(-0.177243 -0.00588401 0)
(-0.158395 -0.0043786 0)
(-0.14347 -0.00366008 0)
(-0.132596 -0.00254902 0)
(-0.126854 -0.00204797 0)
(-0.11939 -0.00376222 0)
(-0.107124 -0.00481802 0)
(-0.0853042 -0.00548853 0)
(-0.0541056 -0.00653895 0)
(-0.0328668 -0.00015606 0)
(-0.0274897 0.00337154 0)
(-0.0211047 -0.00583267 0)
(-0.0658763 0.131358 0)
(-0.171823 0.100391 0)
(-0.235729 0.0608896 0)
(-0.276355 0.0226413 0)
(-0.282891 -0.00720101 0)
(-0.279614 -0.0205836 0)
(-0.261364 -0.0249564 0)
(-0.235033 -0.0243597 0)
(-0.212696 -0.018242 0)
(-0.198056 -0.0102242 0)
(-0.184772 -0.00776099 0)
(-0.169858 -0.0109851 0)
(-0.155807 -0.0139876 0)
(-0.143511 -0.0107221 0)
(-0.134494 -0.00688723 0)
(-0.127025 -0.0053806 0)
(-0.115698 -0.00582207 0)
(-0.102018 -0.0109439 0)
(-0.0790602 -0.0187599 0)
(-0.050321 -0.0194706 0)
(-0.0259209 -0.0125745 0)
(-0.00392683 -0.00923117 0)
(-0.000768036 -0.0194084 0)
(-0.0834802 0.130147 0)
(-0.203889 0.0804675 0)
(-0.254018 0.0466889 0)
(-0.279843 0.020501 0)
(-0.2848 0.00617546 0)
(-0.281157 -0.00208181 0)
(-0.262623 -0.018079 0)
(-0.234902 -0.0218317 0)
(-0.211458 -0.0155163 0)
(-0.193301 -0.0117674 0)
(-0.178908 -0.0122156 0)
(-0.167178 -0.0124071 0)
(-0.158385 -0.00918821 0)
(-0.147923 -0.00597316 0)
(-0.135452 -0.00380073 0)
(-0.124714 -0.0062704 0)
(-0.108755 -0.0125082 0)
(-0.0945876 -0.0221161 0)
(-0.0767579 -0.0312909 0)
(-0.0563291 -0.0326954 0)
(-0.0347263 -0.0218046 0)
(-0.00124654 -0.00355016 0)
(0.00241145 -0.00342659 0)
(-0.10877 0.219236 0)
(-0.264517 0.145165 0)
(-0.319551 0.0817148 0)
(-0.336678 0.0300751 0)
(-0.328762 -0.00758119 0)
(-0.297221 -0.0331714 0)
(-0.268505 -0.0454446 0)
(-0.245588 -0.0469032 0)
(-0.219403 -0.038134 0)
(-0.194279 -0.0289804 0)
(-0.178473 -0.0281928 0)
(-0.168521 -0.0328278 0)
(-0.162234 -0.0369488 0)
(-0.153345 -0.0345449 0)
(-0.138583 -0.0289386 0)
(-0.121849 -0.0280337 0)
(-0.103573 -0.0286885 0)
(-0.09081 -0.0313265 0)
(-0.0778405 -0.0391075 0)
(-0.0645772 -0.0418161 0)
(-0.0394924 -0.0439118 0)
(-0.00486754 -0.0366574 0)
(0.00217301 -0.0237871 0)
(-0.18947 0.351701 0)
(-0.366163 0.192841 0)
(-0.401038 0.087526 0)
(-0.397231 0.0235677 0)
(-0.374343 -0.00987405 0)
(-0.338672 -0.0274272 0)
(-0.308324 -0.0371446 0)
(-0.282976 -0.0375563 0)
(-0.256724 -0.0295179 0)
(-0.22694 -0.0194428 0)
(-0.20318 -0.0113352 0)
(-0.188946 -0.00194805 0)
(-0.17815 0.00457595 0)
(-0.165453 0.00447473 0)
(-0.142696 0.000476901 0)
(-0.119611 -0.00538768 0)
(-0.100456 -0.00977267 0)
(-0.0886587 -0.0183527 0)
(-0.0767818 -0.0303978 0)
(-0.0610903 -0.0376963 0)
(-0.0427606 -0.0361267 0)
(-0.0191493 -0.00461929 0)
(-0.00374356 -0.0051212 0)
(-0.370939 0.527055 0)
(-0.514957 0.233123 0)
(-0.522706 0.102286 0)
(-0.48736 0.0288609 0)
(-0.431849 -0.0323033 0)
(-0.37554 -0.0743805 0)
(-0.329956 -0.0939742 0)
(-0.298934 -0.104129 0)
(-0.273952 -0.0997951 0)
(-0.237049 -0.08678 0)
(-0.194155 -0.0774805 0)
(-0.179021 -0.0832958 0)
(-0.179849 -0.0893313 0)
(-0.187549 -0.089598 0)
(-0.186005 -0.0857054 0)
(-0.169927 -0.0796484 0)
(-0.142193 -0.0722219 0)
(-0.106438 -0.072538 0)
(-0.0777725 -0.085099 0)
(-0.0456213 -0.0965615 0)
(-0.0195796 -0.0996417 0)
(-0.030735 -0.0966465 0)
(-0.0576033 -0.0243424 0)
(-0.35297 0.721404 0)
(-0.517184 0.260665 0)
(-0.556039 0.0548643 0)
(-0.535739 -0.0334839 0)
(-0.469608 -0.0909644 0)
(-0.390441 -0.0979639 0)
(-0.354165 -0.0692922 0)
(-0.345971 -0.0119264 0)
(-0.314455 0.0572433 0)
(-0.228595 0.102115 0)
(-0.128677 0.12577 0)
(-0.0596059 0.138316 0)
(-0.0459477 0.127935 0)
(-0.0705809 0.101397 0)
(-0.124145 0.0493285 0)
(-0.153912 -6.09785e-05 0)
(-0.163619 -0.0206758 0)
(-0.132831 -0.0290378 0)
(-0.10415 -0.0334072 0)
(-0.109629 -0.0185351 0)
(-0.196707 0.0403796 0)
(-0.219496 0.193624 0)
(-0.150629 0.316852 0)
(-0.0904456 0.911393 0)
(-0.351132 0.396889 0)
(-0.454218 0.127805 0)
(-0.435527 -0.0157618 0)
(-0.418652 -0.0419424 0)
(-0.440655 -0.0137287 0)
(-0.443145 -0.022509 0)
(-0.402902 -0.0760322 0)
(-0.314851 -0.162436 0)
(-0.198196 -0.217955 0)
(-0.110066 -0.21351 0)
(-0.0278948 -0.180286 0)
(0.0470471 -0.139902 0)
(0.0756876 -0.0966949 0)
(0.07146 -0.0562859 0)
(0.0206228 -0.0353291 0)
(-0.0264617 -0.0399186 0)
(-0.0758912 -0.0487605 0)
(-0.14471 -0.0435293 0)
(-0.231519 -0.0293517 0)
(-0.361485 -0.0352611 0)
(-0.32979 -0.233682 0)
(-0.282639 -0.431498 0)
(-0.00587308 -0.294511 0)
(0.170418 -0.373239 0)
(0.242692 -0.451361 0)
(0.291517 -0.49591 0)
(0.32819 -0.557906 0)
(0.343129 -0.606345 0)
(0.339856 -0.61332 0)
(0.336048 -0.592126 0)
(0.319166 -0.545941 0)
(0.296086 -0.453259 0)
(0.274777 -0.343256 0)
(0.257417 -0.250382 0)
(0.235539 -0.212029 0)
(0.257429 -0.159007 0)
(0.271287 -0.0990619 0)
(0.180386 -0.0447599 0)
(-0.00576596 -0.0308675 0)
(-0.108324 -0.064529 0)
(-0.0676549 -0.0890872 0)
(0.0782524 0.200932 0)
(0.214046 0.288018 0)
(0.322547 0.437053 0)
(0.341448 0.471654 0)
(0.388795 0.55074 0)
(0.375109 0.614219 0)
(0.323946 0.605158 0)
(0.298218 0.53978 0)
(0.288923 0.482947 0)
(0.17324 0.349537 0)
(0.0209553 0.266085 0)
(-0.00845946 0.219791 0)
(-0.0715361 0.181514 0)
(-0.129634 0.105206 0)
(0.0702932 0.122937 0)
(0.0596257 0.138051 0)
(-0.0377892 0.114337 0)
(-0.104584 0.0863938 0)
(-0.0737087 -0.0136165 0)
(0.118443 -0.150738 0)
(0.0371214 -0.356209 0)
(0.111654 -0.407234 0)
(0.167305 -0.429538 0)
(0.204421 -0.480195 0)
(0.239251 -0.492992 0)
(0.216733 -0.49006 0)
(0.1657 -0.44145 0)
(0.0611264 -0.322675 0)
(-0.311294 -0.0501023 0)
(-0.56722 -0.0855729 0)
(-0.564811 -0.123628 0)
(-0.49023 -0.117286 0)
(-0.398188 -0.155766 0)
(-0.261528 -0.128293 0)
(0.019985 0.0654476 0)
(-0.0661964 0.0816441 0)
(-0.0882271 -0.00330597 0)
(-0.0184956 -0.124204 0)
(0.134412 -0.217828 0)
(0.091023 0.00828424 0)
(0.224651 0.141892 0)
(0.211742 0.199009 0)
(0.243686 0.317297 0)
(0.238129 0.42294 0)
(0.171721 0.424156 0)
(0.0785699 0.411748 0)
(-0.0631925 0.432843 0)
(-0.244778 0.346552 0)
(-0.494919 0.188142 0)
(-0.496149 0.0777752 0)
(-0.475524 0.016266 0)
(-0.463448 -0.0730407 0)
(-0.399694 -0.126309 0)
(-0.151245 0.0152977 0)
(-0.0920068 0.102998 0)
(-0.0802121 0.0400738 0)
(0.00475764 -0.0981161 0)
(0.0884557 -0.11287 0)
(-0.0461266 -0.154249 0)
(0.063322 -0.226901 0)
(0.0297637 -0.25043 0)
(0.0444837 -0.285407 0)
(0.0147128 -0.276257 0)
(-0.020887 -0.213696 0)
(0.00447383 -0.129339 0)
(0.0143201 0.105498 0)
(-0.0456827 0.335824 0)
(-0.26761 0.273942 0)
(-0.313813 0.166376 0)
(-0.422652 0.153733 0)
(-0.472671 -0.0847541 0)
(-0.459551 -0.208403 0)
(-0.292556 -0.0238037 0)
(-0.120238 0.0665905 0)
(-0.0777347 -0.013068 0)
(0.0268346 -0.135755 0)
(0.116047 -0.211171 0)
(0.0315602 -0.124973 0)
(0.150581 -0.0567784 0)
(0.133525 0.0427064 0)
(0.0954934 0.174792 0)
(0.0371533 0.292331 0)
(-0.128375 0.252647 0)
(-0.158408 0.215297 0)
(-0.082947 0.232863 0)
(0.0164949 0.340773 0)
(-0.126111 0.237924 0)
(-0.273926 -0.0202933 0)
(-0.283095 -0.110645 0)
(-0.295454 -0.0757906 0)
(-0.443942 -0.142933 0)
(-0.356896 -0.147966 0)
(-0.163648 -0.0106432 0)
(-0.0690682 -0.0294442 0)
(0.0334822 -0.13969 0)
(0.112263 -0.243369 0)
(0.0229007 -0.145778 0)
(0.111108 -0.151253 0)
(0.0318251 -0.103034 0)
(-0.0467391 -0.136202 0)
(-0.075691 -0.02382 0)
(-0.172225 0.0268187 0)
(-0.174765 -0.000260572 0)
(-0.0948735 0.152446 0)
(0.0207284 0.337366 0)
(0.0235335 0.312136 0)
(-0.181579 0.142941 0)
(-0.295458 0.056317 0)
(-0.25989 -0.104607 0)
(-0.308947 -0.107096 0)
(-0.364762 -0.0791282 0)
(-0.244111 -0.0730015 0)
(-0.0755427 -0.0943847 0)
(0.00324465 -0.137011 0)
(0.0939027 -0.26053 0)
(0.00849834 -0.166056 0)
(0.0918247 -0.120914 0)
(0.0585116 0.00859017 0)
(-0.0225794 0.143689 0)
(-0.182595 0.202047 0)
(-0.224369 0.152114 0)
(-0.229859 0.0880558 0)
(-0.16532 0.109988 0)
(0.000199147 0.301621 0)
(0.0912625 0.346992 0)
(-0.0348991 0.213351 0)
(-0.253657 -0.0169798 0)
(-0.234134 -0.129212 0)
(-0.247599 -0.143984 0)
(-0.331825 -0.0315709 0)
(-0.366159 0.0169003 0)
(-0.20599 -0.00733012 0)
(-0.0741628 -0.00703687 0)
(0.151049 0.863924 0)
(0.186962 0.566757 0)
(0.094807 0.280849 0)
(0.000554002 0.0518744 0)
(-0.0788865 -0.095551 0)
(-0.0977705 -0.174251 0)
(-0.0815426 -0.205493 0)
(-0.0204571 -0.215194 0)
(0.0469644 -0.19673 0)
(0.10102 -0.14922 0)
(0.130787 -0.0793505 0)
(0.153065 -0.00434256 0)
(0.154913 0.0665023 0)
(0.106399 0.103999 0)
(0.0630889 0.0769888 0)
(0.0177852 -0.00421246 0)
(-0.0301392 -0.07273 0)
(-0.0778775 -0.0911456 0)
(-0.0890574 -0.0710851 0)
(-0.0354809 -0.010577 0)
(-0.0670917 0.0797784 0)
(-0.0683228 0.133342 0)
(-0.420394 -0.201452 0)
(0.134951 0.583745 0)
(0.27535 0.445996 0)
(0.318631 0.233112 0)
(0.301405 0.0769201 0)
(0.274523 -0.00910856 0)
(0.237969 -0.0503146 0)
(0.218527 -0.0901075 0)
(0.219254 -0.137393 0)
(0.226731 -0.176397 0)
(0.241993 -0.19045 0)
(0.267194 -0.179561 0)
(0.295201 -0.142449 0)
(0.310574 -0.0774538 0)
(0.312826 -0.010842 0)
(0.297633 0.0468961 0)
(0.248665 0.111353 0)
(0.155658 0.138137 0)
(0.052354 0.10663 0)
(-0.00710386 0.00731693 0)
(-0.0417212 0.000376746 0)
(-0.150166 0.0606588 0)
(-0.27393 0.0644678 0)
(-0.451766 0.1408 0)
(0.101842 0.352357 0)
(0.221698 0.295402 0)
(0.304112 0.201154 0)
(0.30634 0.0935629 0)
(0.289259 0.00192452 0)
(0.258695 -0.0674534 0)
(0.24594 -0.134455 0)
(0.248524 -0.18687 0)
(0.260499 -0.216373 0)
(0.288956 -0.237717 0)
(0.327954 -0.208046 0)
(0.351077 -0.12765 0)
(0.344543 -0.00354596 0)
(0.30318 0.0812079 0)
(0.217323 0.0815024 0)
(0.156771 0.0915125 0)
(0.11644 0.0870259 0)
(0.0664975 0.0272688 0)
(-0.0150058 -0.0516057 0)
(-0.332461 0.0874869 0)
(-0.620721 0.31735 0)
(-0.796974 0.342211 0)
(-0.904934 0.0331033 0)
(0.0848114 0.185367 0)
(0.183377 0.21914 0)
(0.234121 0.168416 0)
(0.240606 0.106282 0)
(0.228341 0.0424685 0)
(0.209394 -0.0321483 0)
(0.200082 -0.115118 0)
(0.193452 -0.179797 0)
(0.208089 -0.252409 0)
(0.212726 -0.329933 0)
(0.197462 -0.28774 0)
(0.194279 -0.176702 0)
(0.167929 -0.0230478 0)
(0.152737 0.137061 0)
(0.0608281 0.19324 0)
(-0.00573696 0.166426 0)
(-0.134282 0.20228 0)
(-0.32115 0.274165 0)
(-0.868793 0.444628 0)
(-1.21797 0.596173 0)
(-1.31961 0.602064 0)
(-1.30569 0.396151 0)
(-1.16886 0.0339794 0)
(0.0517588 0.102509 0)
(0.0927555 0.182208 0)
(0.104559 0.162693 0)
(0.0907148 0.098769 0)
(0.09004 0.0289954 0)
(0.0558759 -0.0359287 0)
(0.0414155 -0.128295 0)
(-0.000533033 -0.204152 0)
(-0.0866835 -0.217323 0)
(-0.393777 -0.160511 0)
(-0.563163 -0.107163 0)
(-0.643647 -0.0399773 0)
(-0.619203 0.109549 0)
(-0.53878 0.200629 0)
(-0.600911 0.301219 0)
(-0.851398 0.42485 0)
(-1.09721 0.619668 0)
(-1.24937 0.730658 0)
(-1.38359 0.730863 0)
(-1.44209 0.677219 0)
(-1.47308 0.519482 0)
(-1.54876 0.148535 0)
(-1.53815 -0.148597 0)
(-0.0083449 0.0373425 0)
(-0.0211552 0.211406 0)
(-0.0671807 0.167439 0)
(-0.0906935 0.11201 0)
(-0.0825157 0.0811889 0)
(-0.106228 0.0185678 0)
(-0.218241 -0.065158 0)
(-0.57961 0.0350673 0)
(-0.714379 0.150421 0)
(-0.853732 0.0113934 0)
(-0.885001 -0.070375 0)
(-0.992117 -0.0707 0)
(-1.09467 -0.0719824 0)
(-1.25777 0.0477808 0)
(-1.38717 0.392236 0)
(-1.42926 0.414834 0)
(-1.39915 0.458694 0)
(-1.32016 0.641459 0)
(-1.33135 0.681021 0)
(-1.31315 0.64135 0)
(-1.33527 0.491819 0)
(-1.48487 0.142057 0)
(-1.58548 -0.161706 0)
(-0.0578311 0.0928225 0)
(-0.097529 0.260864 0)
(-0.119231 0.236366 0)
(-0.163481 0.153752 0)
(-0.231518 0.0683749 0)
(-0.417106 0.125208 0)
(-0.712918 0.309565 0)
(-0.876422 0.226044 0)
(-0.876721 0.075591 0)
(-0.869947 0.0374102 0)
(-0.909095 0.0249524 0)
(-0.950852 0.0688246 0)
(-0.950683 0.257769 0)
(-0.985609 0.900519 0)
(-1.81346 1.12703 0)
(-1.81261 0.607114 0)
(-1.56078 0.359352 0)
(-1.29355 0.452667 0)
(-1.23225 0.521636 0)
(-1.17034 0.580597 0)
(-1.06632 0.750261 0)
(-1.20006 1.35903 0)
(-1.65464 1.42341 0)
(-0.0567603 0.240664 0)
(-0.0835089 0.278187 0)
(-0.178692 0.251279 0)
(-0.314859 0.207858 0)
(-0.572022 0.348507 0)
(-0.873108 0.547395 0)
(-1.06295 0.466168 0)
(-1.06236 0.24138 0)
(-0.961865 0.128681 0)
(-0.871334 0.056941 0)
(-0.839519 0.00931386 0)
(-0.784836 0.0292918 0)
(-0.529049 0.608672 0)
(-0.875647 0.798158 0)
(-1.42468 0.856135 0)
(-1.25974 0.572036 0)
(-1.20535 0.399712 0)
(-1.2147 0.631769 0)
(-1.2591 0.865641 0)
(-1.28223 0.998898 0)
(-1.36712 1.16791 0)
(-1.44895 0.362748 0)
(-1.2899 -0.388491 0)
(-0.108173 0.164871 0)
(-0.205216 0.31556 0)
(-0.513773 0.402738 0)
(-0.838186 0.554965 0)
(-0.967811 0.607378 0)
(-1.03378 0.564169 0)
(-1.10368 0.323198 0)
(-1.0902 0.00476314 0)
(-1.01166 -0.126579 0)
(-0.950369 -0.179466 0)
(-0.881927 -0.137722 0)
(-0.768361 0.157013 0)
(-0.846142 0.947183 0)
(-1.30827 0.971009 0)
(-1.4889 0.788678 0)
(-1.43028 0.268653 0)
(-1.46963 0.174764 0)
(-1.45851 0.291587 0)
(-1.4381 0.578153 0)
(-1.45371 0.772603 0)
(-1.40624 0.844287 0)
(-1.31417 0.617959 0)
(-1.30115 0.263654 0)
(-0.255599 0.404624 0)
(-0.849618 0.777579 0)
(-1.17808 0.653052 0)
(-1.21195 0.550701 0)
(-1.1788 0.505731 0)
(-1.14704 0.491858 0)
(-1.04027 0.477762 0)
(-0.759497 0.737293 0)
(-1.00253 0.689191 0)
(-1.01183 0.42899 0)
(-1.0563 0.423581 0)
(-1.11449 0.479806 0)
(-1.08778 0.893369 0)
(-1.2374 1.12378 0)
(-1.47186 0.916981 0)
(-1.44337 0.375113 0)
(-1.48518 0.26869 0)
(-1.5053 0.285879 0)
(-1.49388 0.522178 0)
(-1.45385 0.680222 0)
(-1.39619 0.705982 0)
(-1.32084 0.523062 0)
(-1.34728 0.0523004 0)
(-0.305064 1.67311 0)
(-0.844136 1.59808 0)
(-1.52214 0.803844 0)
(-1.37803 0.635487 0)
(-1.25437 0.62284 0)
(-1.15771 0.779033 0)
(-1.24643 0.765542 0)
(-1.27356 -0.350656 0)
(-1.12099 -0.498892 0)
(-1.03659 -0.441161 0)
(-1.06126 -0.233216 0)
(-0.910761 0.0746798 0)
(-0.835206 0.924849 0)
(-0.934483 1.27391 0)
(-1.2252 1.04257 0)
(-1.33018 0.501349 0)
(-1.36635 0.38 0)
(-1.3892 0.372217 0)
(-1.41132 0.537525 0)
(-1.34445 0.643644 0)
(-1.28496 0.650949 0)
(-1.25149 0.540793 0)
(-1.30696 0.219638 0)
(-0.144615 1.60286 0)
(0.00130136 1.92222 0)
(-0.423932 1.4075 0)
(-0.607695 0.725601 0)
(-0.730559 0.659382 0)
(-0.712434 0.60748 0)
(-0.672132 0.474687 0)
(-0.485741 0.224562 0)
(-0.746132 0.137413 0)
(-0.856144 0.0737299 0)
(-0.909833 0.0516584 0)
(-0.921229 0.125438 0)
(-0.695064 0.69135 0)
(-0.405017 1.3487 0)
(-0.511135 1.38837 0)
(-0.870408 0.764311 0)
(-1.01387 0.292624 0)
(-1.08275 0.250263 0)
(-1.14365 0.456052 0)
(-1.0741 0.634036 0)
(-1.03849 0.660235 0)
(-1.03664 0.579679 0)
(-1.03667 0.239552 0)
(-0.0552378 1.50394 0)
(0.198931 1.63493 0)
(0.308717 1.36521 0)
(0.285069 0.860943 0)
(0.198867 0.539829 0)
(0.167451 0.47223 0)
(0.121913 0.392472 0)
(0.0310034 0.115891 0)
(-0.190876 -0.0789011 0)
(-0.327478 -0.11692 0)
(-0.461286 -0.0192904 0)
(-0.55109 0.116071 0)
(-0.608646 0.420727 0)
(-0.252885 1.06061 0)
(0.0769906 1.38422 0)
(0.0283901 1.19205 0)
(-0.236773 0.742415 0)
(-0.478183 0.435905 0)
(-0.633539 0.414214 0)
(-0.649348 0.505497 0)
(-0.602569 0.536331 0)
(-0.553753 0.453417 0)
(-0.388096 0.165184 0)
(-0.0534787 1.51131 0)
(0.117172 1.41223 0)
(0.289888 1.22354 0)
(0.401503 0.824435 0)
(0.391555 0.54989 0)
(0.39369 0.490333 0)
(0.383493 0.463814 0)
(0.335873 0.389981 0)
(0.178271 0.323972 0)
(-0.0355568 0.235689 0)
(-0.230818 0.196181 0)
(-0.291203 0.224699 0)
(-0.352231 0.357791 0)
(-0.257448 0.609863 0)
(0.112574 1.06721 0)
(0.36542 1.11901 0)
(0.350557 0.918925 0)
(0.228353 0.667103 0)
(0.120311 0.545629 0)
(0.0482379 0.544867 0)
(0.139304 0.520141 0)
(0.321738 0.376554 0)
(0.371542 0.0202899 0)
(-0.072471 1.50656 0)
(0.0433374 1.26482 0)
(0.130263 1.02512 0)
(0.318716 0.75332 0)
(0.34519 0.536361 0)
(0.376821 0.475878 0)
(0.395068 0.475439 0)
(0.39837 0.437881 0)
(0.346928 0.420331 0)
(0.235651 0.370551 0)
(0.0515881 0.322883 0)
(-0.0335447 0.295294 0)
(-0.0786052 0.371199 0)
(-0.0634742 0.503121 0)
(0.0819133 0.677331 0)
(0.342025 0.889916 0)
(0.518584 0.805812 0)
(0.546176 0.678814 0)
(0.596943 0.594559 0)
(0.633038 0.534851 0)
(0.6662 0.391296 0)
(0.841337 0.203184 0)
(0.930947 -0.122258 0)
(-0.0638351 1.50152 0)
(0.060743 1.18776 0)
(0.0717398 0.907098 0)
(0.23646 0.662676 0)
(0.269362 0.500803 0)
(0.307345 0.443788 0)
(0.343556 0.427302 0)
(0.395825 0.447385 0)
(0.386688 0.457365 0)
(0.353695 0.463281 0)
(0.260374 0.448371 0)
(0.189711 0.362958 0)
(0.142141 0.391377 0)
(0.159212 0.459401 0)
(0.227476 0.573748 0)
(0.388793 0.663152 0)
(0.562467 0.701302 0)
(0.686884 0.597129 0)
(0.770691 0.518909 0)
(0.909978 0.425291 0)
(0.977278 0.31306 0)
(1.10577 0.0889036 0)
(1.15311 -0.199613 0)
(-0.0255367 1.48101 0)
(0.12297 1.14575 0)
(0.116074 0.832783 0)
(0.233365 0.597307 0)
(0.258468 0.466791 0)
(0.287547 0.41922 0)
(0.311093 0.386215 0)
(0.345284 0.408772 0)
(0.384031 0.465432 0)
(0.378699 0.492849 0)
(0.353339 0.494393 0)
(0.336008 0.42639 0)
(0.300085 0.41012 0)
(0.316529 0.432 0)
(0.358255 0.490874 0)
(0.475419 0.533225 0)
(0.58699 0.570346 0)
(0.744406 0.498911 0)
(0.808075 0.380088 0)
(0.923673 0.265651 0)
(1.04692 0.165472 0)
(1.13974 0.0176223 0)
(1.15397 -0.210924 0)
(0.0331455 1.40039 0)
(0.188767 1.09619 0)
(0.196267 0.775018 0)
(0.273209 0.554025 0)
(0.281668 0.438239 0)
(0.295437 0.402961 0)
(0.303662 0.376337 0)
(0.305712 0.382462 0)
(0.341821 0.437762 0)
(0.373289 0.490683 0)
(0.379937 0.491684 0)
(0.391554 0.442761 0)
(0.384043 0.409713 0)
(0.397599 0.411739 0)
(0.426631 0.429148 0)
(0.496776 0.439598 0)
(0.565632 0.430738 0)
(0.70655 0.395663 0)
(0.762717 0.276747 0)
(0.816439 0.136019 0)
(0.944387 0.0487997 0)
(1.0032 -0.0393551 0)
(0.97501 -0.193325 0)
(0.093269 1.22596 0)
(0.223923 1.01874 0)
(0.263761 0.726828 0)
(0.306968 0.525717 0)
(0.299043 0.431316 0)
(0.297312 0.400789 0)
(0.296541 0.378911 0)
(0.289694 0.379015 0)
(0.295235 0.402712 0)
(0.335134 0.456353 0)
(0.378962 0.473379 0)
(0.399861 0.43284 0)
(0.40618 0.396758 0)
(0.419896 0.391792 0)
(0.442093 0.389831 0)
(0.486628 0.378771 0)
(0.536986 0.340636 0)
(0.62711 0.309668 0)
(0.684 0.214076 0)
(0.730071 0.0845415 0)
(0.775649 0.00563358 0)
(0.788388 -0.0624486 0)
(0.784219 -0.185299 0)
(0.114783 1.04042 0)
(0.21931 0.920469 0)
(0.294561 0.686151 0)
(0.31498 0.516585 0)
(0.301238 0.435238 0)
(0.295931 0.405462 0)
(0.288658 0.387559 0)
(0.281412 0.383436 0)
(0.28226 0.391962 0)
(0.303312 0.410818 0)
(0.349532 0.428592 0)
(0.387012 0.40942 0)
(0.40226 0.388267 0)
(0.416213 0.374304 0)
(0.440211 0.360236 0)
(0.475992 0.333055 0)
(0.518533 0.290053 0)
(0.568321 0.249609 0)
(0.624957 0.165424 0)
(0.647989 0.0642107 0)
(0.659834 0.00751888 0)
(0.663903 -0.0726507 0)
(0.649792 -0.169764 0)
(0.10638 0.876513 0)
(0.192364 0.815159 0)
(0.281757 0.642285 0)
(0.304831 0.514438 0)
(0.293007 0.444656 0)
(0.286382 0.416409 0)
(0.278462 0.395758 0)
(0.274203 0.38662 0)
(0.278529 0.384587 0)
(0.293503 0.386033 0)
(0.325725 0.389716 0)
(0.356728 0.379092 0)
(0.382487 0.370276 0)
(0.404189 0.350738 0)
(0.4318 0.329228 0)
(0.465129 0.295305 0)
(0.501801 0.254188 0)
(0.53475 0.207813 0)
(0.573401 0.135089 0)
(0.57815 0.0630293 0)
(0.582305 0.00410311 0)
(0.581382 -0.0691021 0)
(0.559195 -0.136636 0)
(0.0828931 0.74607 0)
(0.155919 0.717923 0)
(0.241981 0.595213 0)
(0.265049 0.505008 0)
(0.263898 0.450456 0)
(0.262927 0.421666 0)
(0.262105 0.398211 0)
(0.263283 0.384806 0)
(0.271246 0.374779 0)
(0.284059 0.367003 0)
(0.306487 0.363153 0)
(0.331695 0.353909 0)
(0.356339 0.340913 0)
(0.38336 0.320699 0)
(0.411958 0.296496 0)
(0.440846 0.260202 0)
(0.470656 0.222283 0)
(0.493688 0.177456 0)
(0.515849 0.11961 0)
(0.51822 0.0615447 0)
(0.520403 0.00702252 0)
(0.512581 -0.0564878 0)
(0.490984 -0.105041 0)
(0.0588618 0.647024 0)
(0.120975 0.63508 0)
(0.195567 0.550646 0)
(0.218568 0.488717 0)
(0.22899 0.446181 0)
(0.236892 0.418404 0)
(0.2428 0.394964 0)
(0.249448 0.378523 0)
(0.259638 0.364354 0)
(0.272283 0.35189 0)
(0.2892 0.341588 0)
(0.310585 0.329602 0)
(0.334077 0.313798 0)
(0.359293 0.29315 0)
(0.384798 0.267319 0)
(0.408586 0.232917 0)
(0.430807 0.197487 0)
(0.448635 0.157302 0)
(0.464188 0.10886 0)
(0.464965 0.0593418 0)
(0.46791 0.011705 0)
(0.455608 -0.0397549 0)
(0.438478 -0.0783896 0)
(0.0413793 0.573067 0)
(0.0939277 0.566383 0)
(0.154889 0.510624 0)
(0.18042 0.468236 0)
(0.197944 0.434232 0)
(0.211487 0.408747 0)
(0.222336 0.386284 0)
(0.233128 0.368427 0)
(0.245057 0.352365 0)
(0.258589 0.337701 0)
(0.273577 0.323891 0)
(0.292512 0.308557 0)
(0.31297 0.290992 0)
(0.334657 0.269245 0)
(0.356702 0.244371 0)
(0.375783 0.213159 0)
(0.393175 0.180426 0)
(0.40677 0.142609 0)
(0.417833 0.102326 0)
(0.418851 0.0598607 0)
(0.422127 0.0157901 0)
(0.410443 -0.0263229 0)
(0.397772 -0.0596046 0)
(0.0304779 0.515889 0)
(0.0743228 0.510131 0)
(0.123587 0.47351 0)
(0.150346 0.443787 0)
(0.171606 0.416932 0)
(0.188604 0.394508 0)
(0.202844 0.373787 0)
(0.216283 0.355947 0)
(0.229806 0.338993 0)
(0.244028 0.323598 0)
(0.25929 0.30772 0)
(0.275577 0.290413 0)
(0.293074 0.270822 0)
(0.310704 0.249189 0)
(0.328333 0.224993 0)
(0.344351 0.195968 0)
(0.359116 0.16563 0)
(0.370561 0.132123 0)
(0.379297 0.0966914 0)
(0.381432 0.0570299 0)
(0.382245 0.0203401 0)
(0.372242 -0.0135522 0)
(0.364514 -0.0464119 0)
(0.0237964 0.470622 0)
(0.0602098 0.464894 0)
(0.100567 0.440161 0)
(0.126834 0.418595 0)
(0.149099 0.397291 0)
(0.167648 0.377815 0)
(0.183691 0.358964 0)
(0.198531 0.341645 0)
(0.21281 0.324733 0)
(0.227218 0.308266 0)
(0.242039 0.291938 0)
(0.257254 0.274172 0)
(0.273124 0.254685 0)
(0.288347 0.233381 0)
(0.303536 0.209015 0)
(0.317099 0.18258 0)
(0.328277 0.153683 0)
(0.337254 0.12312 0)
(0.343842 0.0915763 0)
(0.345562 0.0575344 0)
(0.345905 0.0239205 0)
(0.340213 -0.0074876 0)
(0.334545 -0.0367881 0)
(0.0194944 0.43319 0)
(0.0501489 0.427607 0)
(0.0840359 0.410222 0)
(0.108893 0.394036 0)
(0.130734 0.376958 0)
(0.149605 0.360095 0)
(0.166353 0.343165 0)
(0.18171 0.326776 0)
(0.196297 0.310229 0)
(0.210523 0.293699 0)
(0.224705 0.277192 0)
(0.238832 0.259072 0)
(0.252408 0.239809 0)
(0.265842 0.218812 0)
(0.27838 0.195991 0)
(0.289472 0.170743 0)
(0.29939 0.144198 0)
(0.306853 0.11607 0)
(0.313013 0.0868379 0)
(0.315058 0.0561566 0)
(0.314664 0.0265784 0)
(0.310245 -0.00177366 0)
(0.30602 -0.0301579 0)
(0.0163607 0.401671 0)
(0.042488 0.396377 0)
(0.0713855 0.383463 0)
(0.0943433 0.370835 0)
(0.115109 0.356877 0)
(0.13353 0.342281 0)
(0.150155 0.327122 0)
(0.165375 0.311822 0)
(0.179833 0.296007 0)
(0.193464 0.280061 0)
(0.206861 0.263611 0)
(0.219976 0.246039 0)
(0.232401 0.226906 0)
(0.244443 0.206585 0)
(0.255413 0.184622 0)
(0.265312 0.161201 0)
(0.273574 0.136337 0)
(0.2794 0.110314 0)
(0.284085 0.0839165 0)
(0.285598 0.0559829 0)
(0.285824 0.0281594 0)
(0.283046 0.00148917 0)
(0.279663 -0.0246522 0)
(0.0140008 0.37454 0)
(0.0366584 0.369617 0)
(0.0617188 0.359534 0)
(0.0827117 0.349364 0)
(0.102117 0.337684 0)
(0.119687 0.324954 0)
(0.135701 0.31129 0)
(0.150416 0.297 0)
(0.164244 0.282006 0)
(0.177177 0.266524 0)
(0.189718 0.250418 0)
(0.201675 0.233353 0)
(0.212891 0.214968 0)
(0.223472 0.195445 0)
(0.23301 0.174611 0)
(0.241271 0.152585 0)
(0.248328 0.129267 0)
(0.253625 0.104923 0)
(0.257813 0.0800901 0)
(0.259653 0.0548347 0)
(0.25983 0.029601 0)
(0.257466 0.00463599 0)
(0.254638 -0.0201887 0)
(0.0120827 0.351141 0)
(0.0319509 0.34657 0)
(0.0538934 0.338361 0)
(0.0729068 0.329927 0)
(0.0907322 0.31998 0)
(0.107156 0.308783 0)
(0.122278 0.296457 0)
(0.13628 0.283243 0)
(0.149343 0.269213 0)
(0.161565 0.254429 0)
(0.173171 0.238945 0)
(0.184142 0.222551 0)
(0.194363 0.20495 0)
(0.203823 0.186231 0)
(0.21219 0.166525 0)
(0.219418 0.145612 0)
(0.22561 0.123822 0)
(0.230133 0.101113 0)
(0.233455 0.0779777 0)
(0.234906 0.0541819 0)
(0.235166 0.0303998 0)
(0.233411 0.00694467 0)
(0.231037 -0.0163574 0)
(0.010541 0.330546 0)
(0.0280877 0.32613 0)
(0.0474173 0.319131 0)
(0.0645583 0.311924 0)
(0.0807894 0.303266 0)
(0.0959488 0.293257 0)
(0.110038 0.282051 0)
(0.123151 0.26984 0)
(0.135325 0.256696 0)
(0.146701 0.242677 0)
(0.15732 0.227825 0)
(0.167338 0.21216 0)
(0.176536 0.195433 0)
(0.184898 0.177673 0)
(0.192323 0.158991 0)
(0.198732 0.139213 0)
(0.204056 0.118551 0)
(0.20805 0.0971856 0)
(0.21084 0.0754696 0)
(0.212135 0.0533829 0)
(0.21224 0.0312247 0)
(0.210702 0.00905397 0)
(0.208552 -0.0130567 0)
(0.00921435 0.312531 0)
(0.0248024 0.308376 0)
(0.0418858 0.302299 0)
(0.0573057 0.296047 0)
(0.0720084 0.288405 0)
(0.0858607 0.279396 0)
(0.0988096 0.269131 0)
(0.110898 0.257793 0)
(0.12216 0.245448 0)
(0.13264 0.232199 0)
(0.142321 0.218045 0)
(0.151327 0.203055 0)
(0.159531 0.187057 0)
(0.166916 0.170089 0)
(0.173462 0.15235 0)
(0.179056 0.13372 0)
(0.183629 0.11426 0)
(0.187136 0.0942473 0)
(0.189409 0.0737989 0)
(0.190475 0.0529265 0)
(0.190468 0.0319168 0)
(0.18915 0.0108719 0)
(0.187146 -0.0101223 0)
(0.00807642 0.296537 0)
(0.0219038 0.292416 0)
(0.0370109 0.286915 0)
(0.0508258 0.281379 0)
(0.064081 0.274546 0)
(0.0766436 0.266358 0)
(0.0884379 0.256978 0)
(0.0994495 0.246507 0)
(0.109694 0.235 0)
(0.119213 0.222516 0)
(0.127979 0.209126 0)
(0.136059 0.194855 0)
(0.143434 0.179712 0)
(0.150015 0.163688 0)
(0.155781 0.146862 0)
(0.160636 0.129095 0)
(0.164479 0.11055 0)
(0.167296 0.0915199 0)
(0.169113 0.0721859 0)
(0.169993 0.0525012 0)
(0.169876 0.0326287 0)
(0.168655 0.012611 0)
(0.166688 -0.00740039 0)
(0.00705333 0.282527 0)
(0.0193782 0.278492 0)
(0.0327336 0.273568 0)
(0.0450751 0.268607 0)
(0.0569447 0.262396 0)
(0.0682267 0.254907 0)
(0.0788288 0.246195 0)
(0.0887446 0.236374 0)
(0.0979556 0.225547 0)
(0.106485 0.21375 0)
(0.114347 0.201039 0)
(0.121525 0.187476 0)
(0.128014 0.173069 0)
(0.133768 0.15776 0)
(0.138764 0.141736 0)
(0.142949 0.125027 0)
(0.146278 0.107647 0)
(0.14872 0.0896366 0)
(0.150136 0.0711201 0)
(0.150631 0.052288 0)
(0.150279 0.033344 0)
(0.149051 0.014272 0)
(0.147063 -0.00484796 0)
(0.00617539 0.270131 0)
(0.0170932 0.266042 0)
(0.0289101 0.261386 0)
(0.0398741 0.25688 0)
(0.0504216 0.251221 0)
(0.0604783 0.244337 0)
(0.0699324 0.236317 0)
(0.0787783 0.227226 0)
(0.0869698 0.217145 0)
(0.0945231 0.20607 0)
(0.101437 0.194028 0)
(0.107659 0.181081 0)
(0.113195 0.167239 0)
(0.118119 0.152639 0)
(0.122382 0.137349 0)
(0.125908 0.121354 0)
(0.128661 0.104687 0)
(0.130587 0.0876783 0)
(0.131789 0.0703742 0)
(0.132206 0.0525637 0)
(0.131664 0.0343678 0)
(0.130339 0.0159958 0)
(0.128262 -0.00238226 0)
(0.00536828 0.259182 0)
(0.0150738 0.255192 0)
(0.0253457 0.250983 0)
(0.0350339 0.246908 0)
(0.0443384 0.241707 0)
(0.0532553 0.23534 0)
(0.0616753 0.227908 0)
(0.0695606 0.219413 0)
(0.0769075 0.209829 0)
(0.0836469 0.199321 0)
(0.0897639 0.187933 0)
(0.0952556 0.175707 0)
(0.100139 0.162652 0)
(0.104294 0.148766 0)
(0.107697 0.134113 0)
(0.110365 0.118766 0)
(0.112285 0.102871 0)
(0.113576 0.0863992 0)
(0.114181 0.0694462 0)
(0.114088 0.0524184 0)
(0.113534 0.0352907 0)
(0.112276 0.017804 0)
(0.110158 9.20407e-05 0)
(0.0046474 0.249738 0)
(0.0131614 0.245446 0)
(0.0222148 0.241329 0)
(0.0306954 0.237538 0)
(0.0388211 0.232696 0)
(0.0466035 0.226776 0)
(0.0539739 0.219801 0)
(0.0609034 0.211837 0)
(0.0672776 0.202959 0)
(0.0731238 0.193163 0)
(0.0783744 0.182452 0)
(0.0829859 0.170835 0)
(0.0870219 0.158385 0)
(0.0904569 0.145196 0)
(0.0933187 0.131324 0)
(0.0955659 0.116852 0)
(0.0972404 0.101766 0)
(0.0981024 0.0860605 0)
(0.0981234 0.0699483 0)
(0.0975886 0.0532885 0)
(0.0962893 0.0362804 0)
(0.0946518 0.019403 0)
(0.0925324 0.00247242 0)
(0.00418918 0.241348 0)
(0.0115866 0.237529 0)
(0.0190506 0.233912 0)
(0.0262419 0.230568 0)
(0.0331175 0.226094 0)
(0.0397247 0.220476 0)
(0.046053 0.213809 0)
(0.0520523 0.206168 0)
(0.0577578 0.197598 0)
(0.0630055 0.188186 0)
(0.0677445 0.17796 0)
(0.071912 0.166937 0)
(0.0753957 0.155083 0)
(0.0782078 0.142449 0)
(0.0803735 0.129115 0)
(0.0818449 0.115092 0)
(0.0826722 0.100467 0)
(0.0829458 0.085477 0)
(0.0827945 0.0700949 0)
(0.082023 0.0543233 0)
(0.0805473 0.0382547 0)
(0.0784329 0.021607 0)
(0.0757622 0.00482688 0)
(0.00363686 0.233903 0)
(0.0099338 0.22992 0)
(0.0162048 0.226071 0)
(0.0224008 0.222706 0)
(0.0282473 0.218391 0)
(0.0339133 0.213114 0)
(0.0392321 0.206861 0)
(0.0442309 0.199721 0)
(0.0488625 0.191758 0)
(0.05314 0.183017 0)
(0.0570338 0.173536 0)
(0.0604879 0.163258 0)
(0.0634499 0.152191 0)
(0.0658539 0.140373 0)
(0.0676761 0.127867 0)
(0.068864 0.114667 0)
(0.0693975 0.100863 0)
(0.0693057 0.0864624 0)
(0.068521 0.0714697 0)
(0.0671507 0.0561144 0)
(0.0653823 0.0404228 0)
(0.0631798 0.024565 0)
(0.0601283 0.00842482 0)
(0.00320229 0.227671 0)
(0.00812436 0.224771 0)
(0.0122013 0.221896 0)
(0.0162607 0.219039 0)
(0.0200237 0.215035 0)
(0.0238186 0.209992 0)
(0.0273204 0.203881 0)
(0.0306549 0.196828 0)
(0.0337442 0.188922 0)
(0.0366566 0.180181 0)
(0.0393686 0.170683 0)
(0.0418861 0.160495 0)
(0.0441759 0.149629 0)
(0.0461645 0.138115 0)
(0.0478667 0.125941 0)
(0.0492485 0.113187 0)
(0.0501954 0.0998446 0)
(0.0506707 0.0859848 0)
(0.0506097 0.071672 0)
(0.0499712 0.0570111 0)
(0.0486488 0.041992 0)
(0.0466423 0.0265946 0)
(0.0438948 0.0109545 0)
(0.00261576 0.222397 0)
(0.0055396 0.22014 0)
(0.00800043 0.216927 0)
(0.0109355 0.213765 0)
(0.0134958 0.209754 0)
(0.0161947 0.204949 0)
(0.018652 0.199223 0)
(0.0209928 0.192631 0)
(0.0231764 0.185183 0)
(0.0252158 0.176901 0)
(0.0271299 0.167878 0)
(0.0289233 0.158189 0)
(0.0305519 0.147819 0)
(0.0319602 0.136723 0)
(0.0331477 0.125011 0)
(0.0340512 0.112717 0)
(0.0346323 0.0999283 0)
(0.0348827 0.0867161 0)
(0.0347226 0.0730691 0)
(0.0340935 0.0590463 0)
(0.0329371 0.0447912 0)
(0.0311792 0.0303436 0)
(0.0285962 0.0153169 0)
(0.00122321 0.219411 0)
(0.00164815 0.219987 0)
(0.000920317 0.217471 0)
(0.000690835 0.214226 0)
(0.000259685 0.21017 0)
(0.000153954 0.205165 0)
(5.00726e-05 0.199286 0)
(2.98933e-05 0.192516 0)
(6.71664e-05 0.184887 0)
(0.000132938 0.176436 0)
(0.000254874 0.167229 0)
(0.000433747 0.157338 0)
(0.000663157 0.146801 0)
(0.000922072 0.135619 0)
(0.00120639 0.123858 0)
(0.00149487 0.111582 0)
(0.00176567 0.0988318 0)
(0.00202808 0.0856809 0)
(0.00223986 0.0721997 0)
(0.00234299 0.0584472 0)
(0.00234885 0.0445537 0)
(0.00217878 0.0305786 0)
(0.00192757 0.0163577 0)
(-0.399083 -0.606827 0)
(-0.239339 -0.562168 0)
(-0.152788 -0.470097 0)
(0.030621 -0.459657 0)
(-0.607101 0.084178 0)
(-0.650072 -0.0626217 0)
(-0.66648 -0.118702 0)
(-0.637468 -0.196632 0)
(-0.814121 -0.216842 0)
(-0.784525 -0.270407 0)
(-0.7842 -0.314597 0)
(-0.774359 -0.323586 0)
(-1.16605 -0.151535 0)
(-1.13379 -0.207805 0)
(-1.09489 -0.265877 0)
(-1.06396 -0.280945 0)
(-1.47815 -0.255018 0)
(-1.40583 -0.301577 0)
(-1.38157 -0.367441 0)
(-1.33705 -0.398366 0)
(-1.65959 -0.456635 0)
(-1.66877 -0.527655 0)
(-1.60919 -0.572803 0)
(-1.51918 -0.55828 0)
(-1.70202 0.546432 0)
(-1.59099 -0.329681 0)
(-1.54918 -0.584272 0)
(-1.52101 -0.629758 0)
(-1.02357 -0.553429 0)
(-1.1552 -0.371099 0)
(-1.495 -0.166313 0)
(-1.5773 -0.119142 0)
(-1.5119 -0.0230817 0)
(-1.41348 -0.227265 0)
(-1.36541 -0.301355 0)
(-1.35008 -0.319028 0)
(-1.4537 -0.162338 0)
(-1.45141 -0.270821 0)
(-1.46574 -0.447988 0)
(-1.43107 -0.549048 0)
(-1.35296 -0.0624321 0)
(-1.314 -0.217666 0)
(-1.32292 -0.377107 0)
(-1.27596 -0.516037 0)
(-0.956347 -0.110292 0)
(-0.936735 -0.312053 0)
(-0.88694 -0.484945 0)
(-0.854782 -0.640322 0)
(-0.243266 -0.197415 0)
(-0.22728 -0.370827 0)
(-0.0950656 -0.546316 0)
(-0.0823081 -0.709148 0)
(0.593785 -0.29511 0)
(0.619315 -0.419085 0)
(0.677319 -0.596581 0)
(0.678583 -0.673772 0)
(1.01193 -0.380425 0)
(1.02382 -0.517561 0)
(1.0221 -0.641284 0)
(1.00429 -0.726842 0)
(1.15395 -0.393499 0)
(1.1484 -0.494349 0)
(1.13104 -0.579754 0)
(1.11372 -0.645534 0)
(1.12933 -0.349687 0)
(1.1113 -0.444078 0)
(1.08297 -0.501737 0)
(1.0595 -0.569482 0)
(0.959582 -0.313812 0)
(0.928344 -0.389451 0)
(0.908612 -0.434898 0)
(0.876867 -0.502806 0)
(0.770484 -0.269508 0)
(0.75163 -0.327515 0)
(0.734887 -0.365022 0)
(0.696323 -0.413343 0)
(0.63203 -0.235607 0)
(0.60472 -0.272752 0)
(0.580368 -0.297002 0)
(0.538478 -0.326063 0)
(0.533352 -0.180028 0)
(0.507204 -0.202526 0)
(0.483865 -0.219273 0)
(0.450415 -0.236302 0)
(0.467122 -0.135451 0)
(0.448537 -0.154349 0)
(0.430081 -0.168192 0)
(0.409243 -0.182215 0)
(0.420888 -0.104453 0)
(0.40731 -0.119082 0)
(0.394896 -0.131445 0)
(0.382754 -0.144546 0)
(0.384514 -0.0827931 0)
(0.376382 -0.0966669 0)
(0.367439 -0.109706 0)
(0.361158 -0.121664 0)
(0.35476 -0.0692063 0)
(0.349185 -0.0819145 0)
(0.342128 -0.0949419 0)
(0.338304 -0.106107 0)
(0.32741 -0.0578771 0)
(0.322801 -0.0701636 0)
(0.317795 -0.0828474 0)
(0.31387 -0.0939668 0)
(0.300725 -0.0498172 0)
(0.297018 -0.0615352 0)
(0.293215 -0.0735028 0)
(0.289871 -0.0844279 0)
(0.275147 -0.0430716 0)
(0.272184 -0.0542743 0)
(0.269067 -0.0656602 0)
(0.266199 -0.0763236 0)
(0.250805 -0.0375551 0)
(0.24838 -0.0483592 0)
(0.245776 -0.0592365 0)
(0.243242 -0.0696094 0)
(0.227656 -0.0328676 0)
(0.225667 -0.0432323 0)
(0.223367 -0.0536904 0)
(0.221148 -0.0637266 0)
(0.205569 -0.0288273 0)
(0.203881 -0.0388162 0)
(0.201821 -0.0488526 0)
(0.199804 -0.0585586 0)
(0.184458 -0.0252175 0)
(0.182974 -0.0348342 0)
(0.181065 -0.0444735 0)
(0.179201 -0.0538749 0)
(0.164238 -0.0219181 0)
(0.162868 -0.031175 0)
(0.161062 -0.0404619 0)
(0.159335 -0.0495502 0)
(0.144819 -0.0188214 0)
(0.143504 -0.0277605 0)
(0.141782 -0.0367004 0)
(0.140153 -0.0455113 0)
(0.126121 -0.015867 0)
(0.124818 -0.024509 0)
(0.123173 -0.0331337 0)
(0.121604 -0.0416829 0)
(0.108083 -0.0129641 0)
(0.106767 -0.0213437 0)
(0.105178 -0.0297023 0)
(0.103637 -0.0380155 0)
(0.0905279 -0.0100854 0)
(0.0892106 -0.0181928 0)
(0.0876874 -0.026311 0)
(0.0861584 -0.0344259 0)
(0.0736081 -0.00745956 0)
(0.0721835 -0.0153142 0)
(0.0706418 -0.0231647 0)
(0.06911 -0.0310266 0)
(0.0575006 -0.00372116 0)
(0.0558438 -0.0115888 0)
(0.0541671 -0.0194586 0)
(0.0524752 -0.0273183 0)
(0.0415739 -0.00086233 0)
(0.03987 -0.00858533 0)
(0.0381025 -0.0163913 0)
(0.0363315 -0.0242482 0)
(0.0260322 0.00389213 0)
(0.0243934 -0.00343622 0)
(0.0226548 -0.0108714 0)
(0.0207894 -0.0184054 0)
(0.00143373 0.00523184 0)
(0.00128064 -0.00224882 0)
(0.00115061 -0.0101421 0)
(0.00131419 -0.0183602 0)
(0.0926452 -0.188652 0)
(-0.0915709 -0.0547111 0)
(-0.0960797 -0.0971015 0)
(-0.13411 -0.00544904 0)
(-0.220987 0.01631 0)
(-0.256515 0.147075 0)
(-0.285741 0.114251 0)
(-0.288959 0.0330209 0)
(-0.225146 0.052198 0)
(-0.0906195 0.177283 0)
(0.0887644 0.324873 0)
(0.110736 0.306915 0)
(-0.0319711 0.176854 0)
(-0.223939 -0.0437226 0)
(-0.372494 -0.0752702 0)
(-0.422469 -0.127265 0)
(-0.396888 -0.200985 0)
(-0.238872 -0.32606 0)
(-0.0952793 -0.405453 0)
(-0.575518 -0.238559 0)
(-0.448027 -0.137385 0)
(-0.398393 -0.105129 0)
(-0.328701 0.0905999 0)
(-0.417584 0.193 0)
(-0.418625 0.19872 0)
(-0.394859 0.127005 0)
(-0.350459 0.0214235 0)
(-0.274662 -0.0214388 0)
(-0.158519 0.0402673 0)
(-0.0036313 0.189282 0)
(0.107708 0.30964 0)
(0.0627954 0.266748 0)
(-0.112929 0.0826505 0)
(-0.303197 -0.0152629 0)
(-0.334068 -0.0923542 0)
(-0.272313 -0.248621 0)
(-0.142769 -0.425357 0)
(-0.0331759 -0.438989 0)
(-0.763183 -0.312986 0)
(-0.754943 -0.279851 0)
(-0.721676 -0.144341 0)
(-0.666925 0.0854224 0)
(-0.63735 0.15518 0)
(-0.573211 0.136947 0)
(-0.482467 0.0508317 0)
(-0.373482 -0.0506488 0)
(-0.286578 -0.114551 0)
(-0.209902 -0.0858565 0)
(-0.10339 0.0422875 0)
(0.0348658 0.239719 0)
(0.0664759 0.302654 0)
(0.0129236 0.259106 0)
(-0.0509448 0.12037 0)
(-0.027988 -0.0545498 0)
(0.020838 -0.208442 0)
(0.00515692 -0.43654 0)
(0.0298208 -0.461905 0)
(-1.0545 -0.301835 0)
(-0.997246 -0.2696 0)
(-0.985164 -0.138544 0)
(-0.901268 0.0347084 0)
(-0.788457 0.0754858 0)
(-0.659134 0.00971635 0)
(-0.523792 -0.0759731 0)
(-0.401218 -0.142907 0)
(-0.330295 -0.162647 0)
(-0.27895 -0.126767 0)
(-0.223351 -0.01768 0)
(-0.116136 0.179915 0)
(-0.00475859 0.290058 0)
(-0.0159905 0.246655 0)
(-0.0112881 0.0335147 0)
(0.0521822 -0.172661 0)
(0.13877 -0.27787 0)
(0.0709844 -0.424846 0)
(0.0540376 -0.412759 0)
(-1.29417 -0.406036 0)
(-1.21345 -0.338924 0)
(-1.12749 -0.187778 0)
(-1.01412 -0.0620378 0)
(-0.869541 -0.048131 0)
(-0.732216 -0.125384 0)
(-0.617999 -0.197605 0)
(-0.545795 -0.225564 0)
(-0.495397 -0.221922 0)
(-0.44901 -0.192864 0)
(-0.400523 -0.104574 0)
(-0.284224 0.0844615 0)
(-0.179769 0.215802 0)
(-0.102236 0.23232 0)
(-0.00117197 0.0311808 0)
(0.0596541 -0.192126 0)
(0.16775 -0.25376 0)
(0.0945101 -0.363096 0)
(0.0554012 -0.363447 0)
(-1.44795 -0.501022 0)
(-1.38568 -0.436658 0)
(-1.26416 -0.309307 0)
(-1.12757 -0.186358 0)
(-1.03266 -0.187942 0)
(-0.934963 -0.24318 0)
(-0.851826 -0.277527 0)
(-0.770285 -0.265323 0)
(-0.687347 -0.245335 0)
(-0.626987 -0.200835 0)
(-0.570159 -0.11057 0)
(-0.458938 0.0247887 0)
(-0.301139 0.119124 0)
(-0.16379 0.0851369 0)
(0.0293678 -0.0990486 0)
(0.0829696 -0.319222 0)
(0.116017 -0.36785 0)
(0.0145867 -0.352941 0)
(0.0151846 -0.343544 0)
(-1.49205 -0.616 0)
(-1.47271 -0.479889 0)
(-1.36848 -0.365626 0)
(-1.24717 -0.258721 0)
(-1.11827 -0.221288 0)
(-1.00842 -0.285667 0)
(-0.890319 -0.3377 0)
(-0.782854 -0.344233 0)
(-0.683729 -0.33426 0)
(-0.608066 -0.298652 0)
(-0.520607 -0.235357 0)
(-0.389938 -0.134489 0)
(-0.23242 -0.0519304 0)
(-0.0696578 -0.10342 0)
(0.0523415 -0.235938 0)
(0.00562755 -0.339046 0)
(-0.0926576 -0.282639 0)
(-0.196051 -0.152571 0)
(-0.0695341 -0.147977 0)
(-1.462 -0.536354 0)
(-1.40816 -0.596188 0)
(-1.35481 -0.545477 0)
(-1.23233 -0.422421 0)
(-1.03626 -0.38536 0)
(-0.905246 -0.437823 0)
(-0.783346 -0.505211 0)
(-0.677242 -0.502218 0)
(-0.564203 -0.47126 0)
(-0.480155 -0.412081 0)
(-0.392538 -0.359208 0)
(-0.310289 -0.294988 0)
(-0.229813 -0.250353 0)
(-0.154525 -0.253072 0)
(-0.152772 -0.246087 0)
(-0.15346 0.612864 0)
(-0.422305 1.17128 0)
(-0.466465 -0.0592172 0)
(-0.0860273 -0.350918 0)
(-1.47942 -0.288144 0)
(-1.43583 -0.279586 0)
(-1.26024 -0.591443 0)
(-1.2001 -0.622865 0)
(-1.05583 -0.568806 0)
(-0.876261 -0.526961 0)
(-0.755977 -0.560125 0)
(-0.678726 -0.57748 0)
(-0.603441 -0.52013 0)
(-0.542344 -0.451411 0)
(-0.462266 -0.35306 0)
(-0.461133 -0.260785 0)
(-0.603469 0.127245 0)
(-0.794023 1.17572 0)
(-1.30858 0.777632 0)
(-1.3179 -0.706798 0)
(-0.599609 -1.03968 0)
(-0.195839 -0.971135 0)
(-0.0884863 -1.0286 0)
(-1.41291 -0.629599 0)
(-1.35646 -0.456809 0)
(-1.35342 -0.180752 0)
(-1.15095 -0.520097 0)
(-1.12838 -0.70386 0)
(-0.992449 -0.667273 0)
(-0.831924 -0.649213 0)
(-0.66537 -0.522467 0)
(-0.551668 -0.258948 0)
(-0.666402 0.452188 0)
(-1.52524 1.11361 0)
(-2.44923 0.343006 0)
(-2.42768 -0.247193 0)
(-1.64441 -0.681813 0)
(-1.00292 -0.394273 0)
(-0.67423 -0.434047 0)
(-0.453744 -0.384556 0)
(-0.251933 -0.607955 0)
(-0.095847 -0.765935 0)
(-1.15448 -0.71929 0)
(-1.03903 -0.920658 0)
(-0.759606 -0.883097 0)
(-0.700575 -0.292229 0)
(-0.658021 0.0167889 0)
(-0.902857 0.0295632 0)
(-1.12641 0.0386843 0)
(-1.37612 0.230069 0)
(-1.66454 -0.123141 0)
(-1.74949 -0.330706 0)
(-1.46589 -0.0931687 0)
(-1.44883 0.00507935 0)
(-1.4114 -0.260473 0)
(-1.29319 -0.408195 0)
(-1.08899 -0.574033 0)
(-0.713409 -0.859486 0)
(-0.36642 -0.991928 0)
(-0.198064 -0.982496 0)
(-0.0336311 -1.07675 0)
(-0.735748 -0.8514 0)
(-0.722163 -1.00986 0)
(-0.693814 -1.0498 0)
(-0.671227 -1.00559 0)
(-0.589243 -0.872943 0)
(-0.678381 -0.606257 0)
(-1.04887 -0.637853 0)
(-1.17933 -0.828196 0)
(-1.13534 -0.618751 0)
(-1.10358 0.00765243 0)
(-1.1489 0.235792 0)
(-1.1491 0.161323 0)
(-1.05628 -0.28476 0)
(-0.78742 -0.821545 0)
(-0.714645 -1.01541 0)
(-0.478913 -1.19055 0)
(-0.26759 -1.16991 0)
(-0.142688 -1.06889 0)
(-0.00636494 -1.13841 0)
(0.0488146 -0.838746 0)
(0.0545287 -0.892316 0)
(-0.098305 -0.840832 0)
(-0.219108 -0.786447 0)
(-0.311874 -0.621657 0)
(-0.23222 -0.387853 0)
(-0.168963 -0.218888 0)
(-0.295865 -0.173606 0)
(-0.509163 -0.147562 0)
(-0.676632 -0.0797998 0)
(-0.603466 0.00964078 0)
(-0.479818 -0.0550812 0)
(-0.258114 -0.43893 0)
(-0.17174 -0.745413 0)
(-0.280586 -0.970124 0)
(-0.16142 -1.2373 0)
(-0.0902575 -1.26738 0)
(-0.0433381 -1.14477 0)
(0.0232532 -1.16477 0)
(0.66915 -0.835613 0)
(0.61274 -0.81459 0)
(0.497589 -0.721514 0)
(0.342637 -0.688713 0)
(0.184808 -0.569611 0)
(0.13094 -0.377381 0)
(0.166829 -0.21949 0)
(0.187409 -0.16826 0)
(0.186986 -0.0814073 0)
(0.132558 -0.00556117 0)
(0.210063 -0.0819626 0)
(0.304124 -0.204657 0)
(0.473085 -0.452339 0)
(0.322577 -0.59106 0)
(0.248874 -0.901824 0)
(0.168626 -1.27027 0)
(0.136645 -1.27434 0)
(0.0600085 -1.14006 0)
(0.0678471 -1.13024 0)
(0.943605 -0.82111 0)
(0.857952 -0.789813 0)
(0.723871 -0.651128 0)
(0.530575 -0.479869 0)
(0.363566 -0.484433 0)
(0.280776 -0.460289 0)
(0.25418 -0.365904 0)
(0.313742 -0.286194 0)
(0.36243 -0.16774 0)
(0.437386 -0.126523 0)
(0.584497 -0.130194 0)
(0.731491 -0.221813 0)
(0.722398 -0.358438 0)
(0.5124 -0.480676 0)
(0.484188 -0.831112 0)
(0.396111 -1.15076 0)
(0.245934 -1.18973 0)
(0.124603 -1.05227 0)
(0.0626567 -1.02583 0)
(1.04112 -0.706939 0)
(0.956635 -0.652687 0)
(0.814901 -0.467898 0)
(0.656609 -0.392791 0)
(0.522535 -0.369719 0)
(0.426228 -0.322706 0)
(0.354538 -0.293419 0)
(0.36159 -0.268699 0)
(0.362152 -0.207457 0)
(0.376046 -0.237048 0)
(0.413683 -0.330839 0)
(0.46231 -0.33987 0)
(0.50545 -0.362621 0)
(0.484205 -0.436354 0)
(0.542059 -0.772172 0)
(0.486145 -1.03584 0)
(0.307761 -1.09196 0)
(0.148752 -0.948581 0)
(0.0502327 -0.927545 0)
(0.989687 -0.615863 0)
(0.904855 -0.558274 0)
(0.816073 -0.40398 0)
(0.683038 -0.258543 0)
(0.53172 -0.239795 0)
(0.449195 -0.273772 0)
(0.40688 -0.269547 0)
(0.405848 -0.245433 0)
(0.386675 -0.173827 0)
(0.411768 -0.189117 0)
(0.39715 -0.271044 0)
(0.416485 -0.333883 0)
(0.465289 -0.393953 0)
(0.544016 -0.513062 0)
(0.595277 -0.795536 0)
(0.509274 -0.955626 0)
(0.329881 -0.936976 0)
(0.120642 -0.819763 0)
(0.0196827 -0.852988 0)
(0.799165 -0.552685 0)
(0.705111 -0.493887 0)
(0.599102 -0.294805 0)
(0.520418 -0.179621 0)
(0.476765 -0.187684 0)
(0.429816 -0.220511 0)
(0.409962 -0.24318 0)
(0.408839 -0.24649 0)
(0.426618 -0.226633 0)
(0.476983 -0.224689 0)
(0.54064 -0.273536 0)
(0.547167 -0.38068 0)
(0.56732 -0.445616 0)
(0.576904 -0.536849 0)
(0.615489 -0.703688 0)
(0.477862 -0.809626 0)
(0.30054 -0.797032 0)
(0.126314 -0.68173 0)
(0.0165848 -0.812641 0)
(0.616057 -0.429404 0)
(0.478991 -0.328598 0)
(0.387609 -0.223046 0)
(0.371938 -0.170688 0)
(0.377869 -0.174534 0)
(0.383256 -0.212071 0)
(0.387379 -0.235705 0)
(0.397671 -0.247987 0)
(0.41566 -0.259773 0)
(0.43478 -0.2941 0)
(0.492611 -0.337526 0)
(0.52384 -0.386163 0)
(0.544045 -0.427798 0)
(0.559926 -0.516264 0)
(0.501189 -0.641116 0)
(0.409072 -0.687676 0)
(0.277552 -0.667465 0)
(0.110957 -0.596239 0)
(0.0684503 -0.714357 0)
(0.462868 -0.311737 0)
(0.381937 -0.258927 0)
(0.340285 -0.204326 0)
(0.341733 -0.181886 0)
(0.358204 -0.192301 0)
(0.368647 -0.223523 0)
(0.374441 -0.241917 0)
(0.380959 -0.263747 0)
(0.39726 -0.277494 0)
(0.419149 -0.300693 0)
(0.417853 -0.364087 0)
(0.445225 -0.425736 0)
(0.43642 -0.478179 0)
(0.443525 -0.539619 0)
(0.423383 -0.601982 0)
(0.351227 -0.625555 0)
(0.265643 -0.562541 0)
(0.129582 -0.518491 0)
(0.0660553 -0.633928 0)
(0.397053 -0.242278 0)
(0.350194 -0.223753 0)
(0.330354 -0.202153 0)
(0.333787 -0.194747 0)
(0.347116 -0.206545 0)
(0.344904 -0.22949 0)
(0.354959 -0.245 0)
(0.358115 -0.270202 0)
(0.361714 -0.294873 0)
(0.394883 -0.319484 0)
(0.386997 -0.365867 0)
(0.406366 -0.409723 0)
(0.376823 -0.44909 0)
(0.402789 -0.509647 0)
(0.406698 -0.551253 0)
(0.372226 -0.550045 0)
(0.334895 -0.482134 0)
(0.163634 -0.40726 0)
(0.0286545 -0.534201 0)
(0.37261 -0.195929 0)
(0.345307 -0.197094 0)
(0.32784 -0.196338 0)
(0.328216 -0.198661 0)
(0.334569 -0.205994 0)
(0.327515 -0.233775 0)
(0.338935 -0.250016 0)
(0.335713 -0.270293 0)
(0.337963 -0.308425 0)
(0.344507 -0.329401 0)
(0.366471 -0.370483 0)
(0.349554 -0.409961 0)
(0.34242 -0.464007 0)
(0.363565 -0.551389 0)
(0.357651 -0.551356 0)
(0.342551 -0.519052 0)
(0.300208 -0.393156 0)
(0.114137 -0.266846 0)
(0.0144272 -0.449298 0)
(0.357002 -0.162872 0)
(0.343436 -0.178611 0)
(0.324199 -0.18984 0)
(0.316958 -0.196978 0)
(0.318432 -0.207978 0)
(0.311304 -0.235223 0)
(0.316342 -0.254307 0)
(0.313097 -0.268848 0)
(0.313236 -0.308429 0)
(0.309557 -0.346457 0)
(0.326044 -0.372732 0)
(0.308828 -0.392361 0)
(0.318751 -0.457757 0)
(0.325982 -0.536818 0)
(0.312842 -0.532115 0)
(0.27923 -0.472038 0)
(0.17195 -0.295511 0)
(0.00269148 -0.172132 0)
(-0.00433814 -0.441599 0)
(0.342618 -0.144364 0)
(0.334153 -0.163829 0)
(0.310845 -0.178578 0)
(0.30708 -0.191753 0)
(0.300649 -0.204966 0)
(0.296714 -0.234617 0)
(0.292971 -0.249128 0)
(0.289231 -0.272562 0)
(0.291494 -0.305753 0)
(0.282526 -0.341891 0)
(0.278744 -0.365251 0)
(0.275377 -0.397468 0)
(0.28834 -0.496365 0)
(0.272807 -0.535964 0)
(0.257956 -0.510347 0)
(0.219489 -0.382543 0)
(0.0376836 -0.134424 0)
(-0.0317898 -0.123289 0)
(0.00474443 -0.449599 0)
(0.323729 -0.128301 0)
(0.315691 -0.149396 0)
(0.295778 -0.167009 0)
(0.290619 -0.186128 0)
(0.283215 -0.200793 0)
(0.278443 -0.228482 0)
(0.267124 -0.247401 0)
(0.274586 -0.268784 0)
(0.253748 -0.303937 0)
(0.261732 -0.336928 0)
(0.237032 -0.358598 0)
(0.243951 -0.394543 0)
(0.230949 -0.476146 0)
(0.178982 -0.51267 0)
(0.145875 -0.470458 0)
(0.0523469 -0.267911 0)
(-0.062179 -0.0671479 0)
(-0.0363339 -0.145021 0)
(0.0188515 -0.465219 0)
(0.303927 -0.115342 0)
(0.292883 -0.137981 0)
(0.280907 -0.157258 0)
(0.271474 -0.179076 0)
(0.263977 -0.196851 0)
(0.260667 -0.220557 0)
(0.245875 -0.245767 0)
(0.247858 -0.262681 0)
(0.23933 -0.296226 0)
(0.216658 -0.322895 0)
(0.217433 -0.345285 0)
(0.207185 -0.391173 0)
(0.17058 -0.441199 0)
(0.101043 -0.460887 0)
(0.0488228 -0.378305 0)
(-0.0354799 -0.174862 0)
(-0.065214 -0.048617 0)
(-0.00169352 -0.20471 0)
(0.0347529 -0.460435 0)
(0.281818 -0.104197 0)
(0.272442 -0.127956 0)
(0.261255 -0.148859 0)
(0.254136 -0.170077 0)
(0.243794 -0.192377 0)
(0.240143 -0.211897 0)
(0.227352 -0.238301 0)
(0.221886 -0.259698 0)
(0.216487 -0.282698 0)
(0.194815 -0.31277 0)
(0.193197 -0.342884 0)
(0.168563 -0.354855 0)
(0.14067 -0.394187 0)
(0.0690602 -0.401706 0)
(0.0236502 -0.318262 0)
(-0.044096 -0.15854 0)
(-0.0136241 -0.0898124 0)
(0.0443991 -0.231755 0)
(0.0390677 -0.430295 0)
(0.259512 -0.0953312 0)
(0.251475 -0.119031 0)
(0.241487 -0.141209 0)
(0.234342 -0.162444 0)
(0.225193 -0.185448 0)
(0.217465 -0.20531 0)
(0.211359 -0.230775 0)
(0.196362 -0.251554 0)
(0.195116 -0.274859 0)
(0.17924 -0.300614 0)
(0.161548 -0.320534 0)
(0.148606 -0.34468 0)
(0.132325 -0.354512 0)
(0.0796664 -0.353265 0)
(0.0375748 -0.273816 0)
(-0.0151004 -0.149539 0)
(0.0508365 -0.143822 0)
(0.0608012 -0.230943 0)
(0.0445726 -0.374317 0)
(0.237731 -0.0877424 0)
(0.230345 -0.111367 0)
(0.222015 -0.13348 0)
(0.213653 -0.155421 0)
(0.20687 -0.177148 0)
(0.196059 -0.199656 0)
(0.191391 -0.22045 0)
(0.177621 -0.244443 0)
(0.171538 -0.26818 0)
(0.160601 -0.283597 0)
(0.147447 -0.310325 0)
(0.136999 -0.33184 0)
(0.126797 -0.332437 0)
(0.0995413 -0.315815 0)
(0.0697324 -0.241432 0)
(0.0465652 -0.162565 0)
(0.0691148 -0.161492 0)
(0.0656671 -0.218418 0)
(0.0348869 -0.344768 0)
(0.216311 -0.0811646 0)
(0.209657 -0.104332 0)
(0.201927 -0.126358 0)
(0.194307 -0.148161 0)
(0.186349 -0.169968 0)
(0.178004 -0.191015 0)
(0.169131 -0.214495 0)
(0.160193 -0.233393 0)
(0.150795 -0.259545 0)
(0.139396 -0.278038 0)
(0.134019 -0.299754 0)
(0.123203 -0.324968 0)
(0.125636 -0.324827 0)
(0.115089 -0.301586 0)
(0.100537 -0.225236 0)
(0.0726826 -0.157692 0)
(0.0729486 -0.156968 0)
(0.0507284 -0.201256 0)
(0.0477807 -0.292852 0)
(0.195507 -0.0753128 0)
(0.189342 -0.0978665 0)
(0.182214 -0.119553 0)
(0.174729 -0.141073 0)
(0.167182 -0.162358 0)
(0.157987 -0.183624 0)
(0.150683 -0.205058 0)
(0.138497 -0.226514 0)
(0.13229 -0.250561 0)
(0.120599 -0.267484 0)
(0.112576 -0.297886 0)
(0.111075 -0.330116 0)
(0.121695 -0.325121 0)
(0.11544 -0.295531 0)
(0.104425 -0.210057 0)
(0.0743403 -0.1428 0)
(0.0582713 -0.140088 0)
(0.0327929 -0.193392 0)
(0.0376066 -0.266035 0)
(0.175289 -0.0699676 0)
(0.169541 -0.0918914 0)
(0.162854 -0.113094 0)
(0.155713 -0.134144 0)
(0.147931 -0.154911 0)
(0.139494 -0.175634 0)
(0.130314 -0.196798 0)
(0.120351 -0.216839 0)
(0.109805 -0.242041 0)
(0.0995741 -0.260975 0)
(0.0925774 -0.290477 0)
(0.0841529 -0.33482 0)
(0.0934063 -0.33247 0)
(0.0837838 -0.288926 0)
(0.0755077 -0.187189 0)
(0.0463464 -0.120835 0)
(0.0195848 -0.115828 0)
(0.0208829 -0.189587 0)
(0.0381232 -0.230367 0)
(0.155722 -0.0650539 0)
(0.150283 -0.0862748 0)
(0.14401 -0.106944 0)
(0.137017 -0.127424 0)
(0.129546 -0.147583 0)
(0.120897 -0.167648 0)
(0.111558 -0.187703 0)
(0.101331 -0.207845 0)
(0.088739 -0.230702 0)
(0.0749812 -0.249963 0)
(0.0644055 -0.282668 0)
(0.0386843 -0.326929 0)
(0.0225326 -0.325318 0)
(-0.0165369 -0.271873 0)
(-0.00798207 -0.170777 0)
(-0.0362247 -0.100551 0)
(-0.007681 -0.113476 0)
(0.00580562 -0.211065 0)
(0.0276604 -0.207191 0)
(0.136756 -0.0604537 0)
(0.131624 -0.0810255 0)
(0.125668 -0.101101 0)
(0.119038 -0.120988 0)
(0.111627 -0.140416 0)
(0.103241 -0.15959 0)
(0.0940249 -0.178879 0)
(0.0826132 -0.196813 0)
(0.0704172 -0.21793 0)
(0.0513299 -0.23643 0)
(0.0361075 -0.260681 0)
(-0.0113176 -0.292599 0)
(-0.0523656 -0.292097 0)
(-0.0892457 -0.245924 0)
(-0.0790079 -0.157908 0)
(-0.09081 -0.114221 0)
(-0.00988347 -0.150796 0)
(-0.00202309 -0.227078 0)
(0.0142807 -0.200526 0)
(0.118398 -0.0561055 0)
(0.113497 -0.0760471 0)
(0.107881 -0.0955768 0)
(0.101575 -0.114784 0)
(0.0945664 -0.133581 0)
(0.0865238 -0.151686 0)
(0.0776706 -0.16993 0)
(0.0661012 -0.186077 0)
(0.0546317 -0.204817 0)
(0.0329429 -0.216775 0)
(0.0104847 -0.232878 0)
(-0.0297478 -0.249483 0)
(-0.0681784 -0.257275 0)
(-0.0973045 -0.233579 0)
(-0.0845737 -0.1667 0)
(-0.0790596 -0.155311 0)
(0.0139926 -0.205081 0)
(-0.00979009 -0.22734 0)
(0.0132024 -0.196347 0)
(0.100578 -0.0519966 0)
(0.095937 -0.071372 0)
(0.090663 -0.0903732 0)
(0.0847284 -0.108987 0)
(0.0782538 -0.127058 0)
(0.0706175 -0.144412 0)
(0.0629899 -0.16132 0)
(0.0512624 -0.175959 0)
(0.042219 -0.190073 0)
(0.0212213 -0.1971 0)
(0.00821362 -0.20756 0)
(-0.0160359 -0.218461 0)
(-0.0488 -0.22689 0)
(-0.0720913 -0.227362 0)
(-0.0484821 -0.195679 0)
(-0.0230571 -0.204157 0)
(0.0248499 -0.218116 0)
(-0.0101117 -0.222689 0)
(0.0127428 -0.197289 0)
(0.0832348 -0.0480302 0)
(0.0788064 -0.0669552 0)
(0.0738952 -0.0854987 0)
(0.0684069 -0.103604 0)
(0.0625532 -0.121065 0)
(0.0555228 -0.137637 0)
(0.0488749 -0.153272 0)
(0.0373332 -0.165607 0)
(0.0298673 -0.177461 0)
(0.0166332 -0.18703 0)
(0.0154625 -0.195845 0)
(0.00131689 -0.206383 0)
(0.00218573 -0.21211 0)
(-0.0133616 -0.235414 0)
(0.0177834 -0.219328 0)
(0.0228618 -0.216843 0)
(0.0372656 -0.214339 0)
(0.00104159 -0.21449 0)
(0.0175259 -0.192867 0)
(0.066315 -0.0443105 0)
(0.0621088 -0.0628784 0)
(0.057539 -0.081067 0)
(0.0525697 -0.0988121 0)
(0.0473294 -0.115729 0)
(0.0410559 -0.131323 0)
(0.0346406 -0.14537 0)
(0.0257622 -0.157772 0)
(0.0260935 -0.171926 0)
(0.017542 -0.18436 0)
(0.0252033 -0.191624 0)
(0.0166997 -0.209661 0)
(0.043723 -0.215276 0)
(0.037008 -0.237751 0)
(0.0436538 -0.229562 0)
(0.038477 -0.217255 0)
(0.0485371 -0.204101 0)
(0.0166089 -0.202761 0)
(0.023253 -0.181842 0)
(0.0497046 -0.0404446 0)
(0.0456205 -0.0588675 0)
(0.0413404 -0.0768917 0)
(0.0368494 -0.0941379 0)
(0.0319219 -0.110348 0)
(0.02639 -0.125533 0)
(0.0252158 -0.141144 0)
(0.0228377 -0.15605 0)
(0.0280121 -0.170117 0)
(0.0237585 -0.184862 0)
(0.0397994 -0.193519 0)
(0.0410679 -0.221243 0)
(0.0577802 -0.224854 0)
(0.0507799 -0.231912 0)
(0.0531493 -0.224956 0)
(0.0421386 -0.217053 0)
(0.0514192 -0.200447 0)
(0.0223478 -0.190487 0)
(0.0248725 -0.160211 0)
(0.0333379 -0.0373808 0)
(0.0293384 -0.0554536 0)
(0.025115 -0.0729286 0)
(0.0210834 -0.0900767 0)
(0.0195039 -0.107361 0)
(0.0199517 -0.124374 0)
(0.0240351 -0.141195 0)
(0.0251556 -0.157454 0)
(0.0369098 -0.17199 0)
(0.0367997 -0.19385 0)
(0.0592781 -0.203871 0)
(0.0534287 -0.224163 0)
(0.0608905 -0.227151 0)
(0.0526055 -0.231136 0)
(0.0540245 -0.223964 0)
(0.0398566 -0.214681 0)
(0.0451375 -0.191283 0)
(0.0116516 -0.177853 0)
(0.019212 -0.14367 0)
(0.0177317 -0.0313492 0)
(0.0135868 -0.0504084 0)
(0.0118056 -0.0700432 0)
(0.012689 -0.0900223 0)
(0.0157834 -0.109949 0)
(0.0195898 -0.130115 0)
(0.0280731 -0.149218 0)
(0.0320844 -0.170196 0)
(0.0485813 -0.184985 0)
(0.0461786 -0.206233 0)
(0.062996 -0.213613 0)
(0.0554605 -0.223709 0)
(0.0607235 -0.224352 0)
(0.0500906 -0.221892 0)
(0.0498939 -0.210973 0)
(0.0283153 -0.200192 0)
(0.032316 -0.171763 0)
(-0.00123597 -0.16046 0)
(0.0144309 -0.13142 0)
(0.00210703 -0.0323229 0)
(0.00418506 -0.0529656 0)
(0.00746642 -0.0741005 0)
(0.0116367 -0.0954658 0)
(0.0171786 -0.116651 0)
(0.0228519 -0.137886 0)
(0.0321739 -0.157339 0)
(0.0360516 -0.178222 0)
(0.0509782 -0.191866 0)
(0.0482514 -0.209845 0)
(0.063131 -0.215932 0)
(0.0555984 -0.22191 0)
(0.0599977 -0.21961 0)
(0.0483317 -0.215473 0)
(0.0474886 -0.201701 0)
(0.0248771 -0.190005 0)
(0.0306481 -0.161792 0)
(-0.000662297 -0.151748 0)
(0.0158373 -0.124892 0)
)
;

boundaryField
{
    leftWall
    {
        type            calculated;
        value           uniform (0 0 0);
    }
    rightWall
    {
        type            calculated;
        value           uniform (0 0 0);
    }
    lowerWall
    {
        type            calculated;
        value           uniform (0 0 0);
    }
    atmosphere
    {
        type            calculated;
        value           nonuniform List<vector> 
46
(
(0.00122321 0.219409 0)
(0.00164815 0.219984 0)
(0.000920317 0.217468 0)
(0.000690835 0.214224 0)
(0.000259685 0.21017 0)
(0.000153954 0.205165 0)
(5.00726e-05 0.199291 0)
(2.98933e-05 0.192523 0)
(6.71664e-05 0.184896 0)
(0.000132938 0.176447 0)
(0.000254874 0.167242 0)
(0.000433747 0.157354 0)
(0.000663157 0.146819 0)
(0.000922072 0.135641 0)
(0.00120639 0.123881 0)
(0.00149487 0.111608 0)
(0.00176567 0.0988586 0)
(0.00202808 0.0857085 0)
(0.00223986 0.0722275 0)
(0.00234299 0.0584743 0)
(0.00234885 0.044579 0)
(0.00217878 0.0306007 0)
(0.00192757 0.0163732 0)
(0.00143373 0.00523293 0)
(0.00128064 -0.00225683 0)
(0.00115061 -0.0101596 0)
(0.00131419 -0.0183854 0)
(0.00210703 -0.0323558 0)
(0.00418506 -0.0530061 0)
(0.00746642 -0.0741508 0)
(0.0116367 -0.0955286 0)
(0.0171786 -0.116728 0)
(0.0228519 -0.137981 0)
(0.0321739 -0.157445 0)
(0.0360516 -0.178337 0)
(0.0509782 -0.191967 0)
(0.0482514 -0.209891 0)
(0.063131 -0.215939 0)
(0.0555984 -0.221858 0)
(0.0599977 -0.21951 0)
(0.0483317 -0.215323 0)
(0.0474886 -0.201502 0)
(0.0248771 -0.189809 0)
(0.0306481 -0.161606 0)
(-0.000662297 -0.151625 0)
(0.0158373 -0.124824 0)
)
;
    }
    defaultFaces
    {
        type            empty;
    }
}


// ************************************************************************* //
