/*--------------------------------*- C++ -*----------------------------------*\
| =========                 |                                                 |
| \\      /  F ield         | OpenFOAM: The Open Source CFD Toolbox           |
|  \\    /   O peration     | Version:  2.4.0                                 |
|   \\  /    A nd           | Web:      www.OpenFOAM.org                      |
|    \\/     M anipulation  |                                                 |
\*---------------------------------------------------------------------------*/
FoamFile
{
    version     2.0;
    format      ascii;
    class       volScalarField;
    location    "0.35";
    object      alphas;
}
// * * * * * * * * * * * * * * * * * * * * * * * * * * * * * * * * * * * * * //

dimensions      [0 0 0 0 0 0 0];

internalField   nonuniform List<scalar> 
575
(
3
3
3
2.99999
3
3
3
3
3
3
3
3
3
3
3
3
3
3
3
3
3
3
3
3
3
3
3
3
3
3
3
3
2.99999
2.99999
3
3
2.99999
2.99999
2.99999
2.99999
2.99999
2.99999
2.99999
2.99999
2.99999
2.99999
2.99999
2.99999
2.99999
2.99999
2.99999
2.99999
2.99999
2.99999
2.99999
2.99999
2.99999
2.99999
2.99999
2.99999
3
2.99999
2.99999
2.99999
3
3
3
2.99999
3
3
3
3
3
3
3
3
3
3
3
3
3
3
3
3
3
3
3
3
3
3
3
3
3
3
3
3
3
3
3
3
2.99999
2.99999
2.99999
3
3
3
3
3
3
3
3
3
3
3
3
3
3
2.99183
1.3675
2.99999
2.99999
2.99999
2.99999
2.99999
3
3
3
3
3
3
3
3
3
3
3
2.99999
2.99526
1.75704
3
3
2.99999
2.99999
2.99999
2.99999
3
3
3
3
3
3
3
3
3
3
2.99985
2.99486
1.79984
3
3
3
2.99999
2.99999
2.99999
3
3
3
3
3
3
3
3
3
3
2.99916
2.99098
1.55648
3
3
3
3
3
3
3
3
3
3
3
3
3
3
3
2.99999
2.99688
2.95092
1.2102
3
3
3
3
3
3
3
3
3
3
3
3
3
3
3
2.99999
2.99257
2.69533
1.04648
3
3
3
3
3
3
3
3
3
3
3
3
3
3
3
3
2.99452
2.31467
1.02835
3
3
3
3
3
3
3
3
3
3
3
3
3
3
3
3
2.99898
2.3428
1.02835
3
3
3
3
3
3
3
3
3
3
3
3
3
3
3
3
2.99997
2.61905
1.03225
2.99999
2.99999
3
3
3
3
3
3
3
3
3
3
3
3
3
3
3
2.89411
1.10376
2.99999
2.99999
2.99999
3
3
3
3
3
3
3
3
3
3
3
3
3
3
2.98417
1.30979
2.99999
2.99999
2.99999
2.99999
3
3
3
3
3
3
3
3
3
3
3
3
3
2.99866
1.60008
2.99999
2.99999
2.99999
2.99999
2.99999
3
3
3
3
3
3
3
3
3
3
3
3
2.99995
1.96642
2.99999
2.99999
2.99999
2.99999
2.99999
3
3
3
3
3
3
3
3
3
3
3
3
3
2.47429
2.99999
2.99999
2.99999
2.99999
2.99999
3
3
3
3
3
3
3
3
3
3
3
3
3
2.87099
2.99999
2.99999
2.99999
2.99999
2.99999
3
3
3
3
3
3
3
3
3
3
3
3
2.99974
2.98752
2.99999
2.99999
2.99999
2.99999
3
3
3
3
3
3
3
3
3
3
3
2.99999
2.99993
2.99955
2.99948
3
2.99999
2.99999
2.99999
3
3
3
3
3
3
3
3
3
3
3
2.99999
2.99992
2.99985
2.99998
3
3
3
3
3
3
3
3
3
3
3
3
3
3
3
3
3
2.99999
3
3
3
3
3
3
3
3
3
3
3
3
3
3
3
3
3
3
3
3
3
3
3
3
3
3
3
3
3
3
3
3
3
3
3
3
3
3
3
3
3
3
3
3
3
3
3
3
3
3
3
3
3
3
3
3
3
3
3
3
3
3
3
3
3
3
3
3
3
3
3
3
3
3
3
3
3
3
3
3
3
3
3
3
3
3
3
3
3
3
3
3
3
3
3
3
3
3
3
3
3
3
3
3
3
3
3
3
3
3
3
3
3
3
3
)
;

boundaryField
{
    leftWall
    {
        type            zeroGradient;
    }
    rightWall
    {
        type            zeroGradient;
    }
    lowerWall
    {
        type            zeroGradient;
    }
    atmosphere
    {
        type            zeroGradient;
    }
    defaultFaces
    {
        type            empty;
    }
    procBoundary3to1
    {
        type            processor;
        value           nonuniform List<scalar> 
23
(
3
3
3
3
3
3
3
3
3
3
3
3
3
3
3
3
3
3
3
3
3
2.92524
1.1655
)
;
    }
    procBoundary3to2
    {
        type            processor;
        value           nonuniform List<scalar> 
25
(
3
3
3
3
3
3
3
2.99999
2.99999
2.99999
2.99999
2.99999
2.99999
2.99999
2.99999
3
3
3
3
3
3
3
3
3
3
)
;
    }
}


// ************************************************************************* //
