/*--------------------------------*- C++ -*----------------------------------*\
| =========                 |                                                 |
| \\      /  F ield         | OpenFOAM: The Open Source CFD Toolbox           |
|  \\    /   O peration     | Version:  2.4.0                                 |
|   \\  /    A nd           | Web:      www.OpenFOAM.org                      |
|    \\/     M anipulation  |                                                 |
\*---------------------------------------------------------------------------*/
FoamFile
{
    version     2.0;
    format      ascii;
    class       volScalarField;
    location    "0.35";
    object      rho;
}
// * * * * * * * * * * * * * * * * * * * * * * * * * * * * * * * * * * * * * //

dimensions      [1 -3 0 0 0 0 0];

internalField   nonuniform List<scalar> 
575
(
1
1
1
0.999999
1
0.999999
0.999999
0.999999
1
1
1
0.999999
1
1
1
1
1
1
1
1
1
1
1
1
1
1
1
1
0.999999
0.999999
0.999999
0.999999
0.999998
0.999998
0.999998
0.999998
0.999997
0.999998
0.999998
0.999998
0.999997
0.999997
0.999997
0.999997
0.999997
0.999997
0.999997
0.999997
0.999997
0.999997
0.999997
0.999997
0.999998
0.999998
0.999998
0.999997
0.999998
0.999998
0.999998
0.999998
0.999998
0.999998
0.999998
0.999998
0.999999
0.999999
0.999999
0.999998
0.999999
0.999999
0.999999
0.999999
0.999999
0.999999
0.999999
0.999999
1
0.999999
0.999999
0.999999
1
0.999999
0.999999
0.999999
1
0.999999
1
0.999999
1
1
0.999999
0.999999
1
0.999999
0.999999
0.999999
0.999999
1
1
1
0.999999
0.999999
0.999999
0.999999
1
1
1
1
1
1
1
1.00002
1.00007
1.00022
1.00057
1.00134
1.00197
3.04198
408.311
0.999999
0.999998
0.999998
0.999998
0.999998
0.999999
0.999999
0.999999
1
1
1
1.00001
1.00006
1.00019
1.00052
1.00124
1.00581
2.18545
311.12
0.999999
0.999998
0.999998
0.999998
0.999998
0.999998
0.999999
0.999999
0.999999
1
1
1.00001
1.00005
1.00016
1.00048
1.00144
1.03967
2.28469
300.443
0.999999
0.999999
0.999998
0.999998
0.999998
0.999998
0.999998
0.999999
0.999999
1
1
1.00001
1.00004
1.00013
1.00044
1.00261
1.21154
3.25224
361.16
1
0.999999
0.999999
0.999999
0.999998
0.999998
0.999999
0.999999
0.999999
1
1
1
1.00002
1.00005
1.0002
1.00366
1.78043
13.2483
447.556
1
1
0.999999
0.999999
0.999999
0.999999
0.999999
0.999999
0.999999
1
1
1
1.00001
1.00003
1.00011
1.00198
2.85476
77.0173
488.404
1
1
0.999999
0.999999
0.999999
0.999999
0.999999
0.999999
0.999999
1
1
1
1.00001
1.00002
1.00006
1.00038
2.36844
171.993
492.929
0.999999
0.999999
0.999999
0.999999
0.999999
0.999999
0.999999
0.999999
0.999999
1
1
1
1
1.00002
1.00007
1.00022
1.25454
164.975
492.929
0.999998
0.999999
0.999999
0.999999
0.999999
0.999999
0.999999
0.999999
1
1
1
1
1
1.00002
1.00007
1.00032
1.00733
96.0475
491.955
0.999998
0.999998
0.999998
0.999999
0.999999
0.999999
0.999999
0.999999
1
1
1
1
1.00001
1.00003
1.00018
1.00033
1.00059
27.422
474.114
0.999997
0.999998
0.999998
0.999998
0.999999
0.999999
0.999999
0.999999
1
1
1
1
1.00001
1.00005
1.00017
1.0005
1.00059
4.95155
422.71
0.999997
0.999997
0.999998
0.999998
0.999998
0.999999
0.999999
0.999999
1
1
1
1
1.00001
1.00005
1.00022
1.00051
1.00067
1.3351
350.283
0.999997
0.999997
0.999998
0.999998
0.999998
0.999999
0.999999
0.999999
1
1
1
1
1.00001
1.00005
1.00024
1.00065
1.00085
1.01302
258.879
0.999997
0.999997
0.999997
0.999998
0.999998
0.999999
0.999999
0.999999
1
1
1
1
1.00001
1.00006
1.00026
1.00072
1.00101
1.00096
132.165
0.999997
0.999997
0.999997
0.999998
0.999998
0.999999
0.999999
0.999999
1
1
1
1
1.00001
1.00006
1.00028
1.00073
1.00116
1.00095
33.1899
0.999998
0.999998
0.999998
0.999998
0.999998
0.999999
0.999999
0.999999
1
1
1
1
1
1.00003
1.0002
1.00084
1.00114
1.06618
4.11506
0.999998
0.999998
0.999998
0.999998
0.999998
0.999999
0.999999
0.999999
1
1
1
1
1
1.00001
1.00008
1.00182
1.01798
1.11469
1.13209
0.999998
0.999998
0.999998
0.999998
0.999999
0.999999
0.999999
0.999999
1
1
1
1
1
1
1.00003
1.00145
1.02023
1.03996
1.00668
0.999999
0.999999
0.999998
0.999999
0.999999
0.999999
0.999999
0.999999
0.999999
1
1
1
1
1
1
1.00008
1.00126
1.0031
1.00085
0.999999
0.999999
0.999999
0.999999
0.999999
0.999999
0.999999
0.999999
0.999999
0.999999
1
1
1
1
1
1
1.00003
1.00013
1.00028
0.999999
0.999999
0.999999
0.999999
0.999999
0.999999
0.999999
0.999999
0.999999
0.999999
0.999999
1
1
1
1
1
1
1.00001
1.00006
0.999999
0.999999
0.999999
0.999999
0.999999
0.999999
0.999999
0.999999
0.999999
0.999999
0.999999
0.999999
1
1
1
1
1
1
1.00001
0.999999
0.999999
0.999999
0.999999
0.999999
0.999999
0.999999
0.999999
0.999999
0.999999
0.999999
0.999999
0.999999
0.999999
1
1
1
1
1
0.999999
0.999999
0.999999
0.999999
0.999999
0.999999
0.999999
0.999999
0.999999
0.999999
0.999999
0.999999
0.999999
0.999999
1
1
1
1
1
1
1
1
0.999999
0.999999
0.999999
0.999999
0.999999
0.999999
0.999999
0.999999
0.999999
1
1
1
1
1
1
1
)
;

boundaryField
{
    leftWall
    {
        type            calculated;
        value           nonuniform 0();
    }
    rightWall
    {
        type            calculated;
        value           nonuniform List<scalar> 
25
(
408.311
311.12
300.443
361.16
447.556
488.404
492.929
492.929
491.955
474.114
422.71
350.283
258.879
132.165
33.1899
4.11506
1.13209
1.00668
1.00085
1.00028
1.00006
1.00001
1
1
1
)
;
    }
    lowerWall
    {
        type            calculated;
        value           nonuniform 0();
    }
    atmosphere
    {
        type            calculated;
        value           nonuniform List<scalar> 
23
(
1
1
1
1
1
1
1
1
1
1
0.999999
0.999999
0.999999
0.999999
0.999999
0.999999
1
1
1
1
1
1
1
)
;
    }
    defaultFaces
    {
        type            empty;
    }
    procBoundary3to1
    {
        type            processor;
        value           nonuniform List<scalar> 
23
(
1
1
1
1
1
1
1
1
1
1
1
1
1
1
1.00001
1.00002
1.00008
1.00024
1.0006
1.00138
1.00188
19.6553
458.71
)
;
    }
    procBoundary3to2
    {
        type            processor;
        value           nonuniform List<scalar> 
25
(
1
1
1
1
1
1
0.999999
0.999998
0.999998
0.999997
0.999997
0.999997
0.999997
0.999998
0.999998
0.999999
0.999999
0.999999
1
1
1
1
1
1
1
)
;
    }
}


// ************************************************************************* //
