/*--------------------------------*- C++ -*----------------------------------*\
| =========                 |                                                 |
| \\      /  F ield         | OpenFOAM: The Open Source CFD Toolbox           |
|  \\    /   O peration     | Version:  2.4.0                                 |
|   \\  /    A nd           | Web:      www.OpenFOAM.org                      |
|    \\/     M anipulation  |                                                 |
\*---------------------------------------------------------------------------*/
FoamFile
{
    version     2.0;
    format      ascii;
    class       surfaceScalarField;
    location    "0.9";
    object      phi;
}
// * * * * * * * * * * * * * * * * * * * * * * * * * * * * * * * * * * * * * //

dimensions      [0 3 -1 0 0 0 0];

internalField   nonuniform List<scalar> 
4432
(
-4.62606e-06
4.62606e-06
-1.02237e-05
5.5976e-06
-1.64067e-05
6.18301e-06
-2.15821e-05
5.17546e-06
-2.47829e-05
3.20072e-06
-2.58972e-05
1.1143e-06
-2.53776e-05
-5.19587e-07
-2.37252e-05
-1.65237e-06
-2.15757e-05
-2.14947e-06
-1.97457e-05
-1.83005e-06
-1.82362e-05
-1.50951e-06
-1.6456e-05
-1.78017e-06
-1.44432e-05
-2.01276e-06
-1.27175e-05
-1.72571e-06
-1.1592e-05
-1.12558e-06
-1.088e-05
-7.11937e-07
-1.01219e-05
-7.58131e-07
-8.85412e-06
-1.26777e-06
-6.80702e-06
-2.0471e-06
-4.30641e-06
-2.50061e-06
-2.89393e-06
-1.41248e-06
-2.33296e-06
-5.6097e-07
-2.33296e-06
-4.08092e-06
8.70698e-06
-8.76871e-06
1.02854e-05
-1.4454e-05
1.18683e-05
-2.02881e-05
1.10095e-05
-2.40271e-05
6.93981e-06
-2.58651e-05
2.95229e-06
-2.57734e-05
-6.11282e-07
-2.40545e-05
-3.37127e-06
-2.18451e-05
-4.3589e-06
-1.98134e-05
-3.8618e-06
-1.78784e-05
-3.44444e-06
-1.59804e-05
-3.67819e-06
-1.41605e-05
-3.83264e-06
-1.26617e-05
-3.22458e-06
-1.16293e-05
-2.15795e-06
-1.07523e-05
-1.58889e-06
-9.79292e-06
-1.71754e-06
-8.41985e-06
-2.64084e-06
-6.2698e-06
-4.19715e-06
-3.88851e-06
-4.8819e-06
-1.73372e-06
-3.56727e-06
-4.60852e-07
-1.83384e-06
-2.79381e-06
-5.15492e-06
1.38619e-05
-1.24087e-05
1.75392e-05
-1.81572e-05
1.76168e-05
-2.21608e-05
1.5013e-05
-2.49893e-05
9.76834e-06
-2.65343e-05
4.49731e-06
-2.62097e-05
-9.35907e-07
-2.42266e-05
-5.35435e-06
-2.17561e-05
-6.82942e-06
-1.93817e-05
-6.23622e-06
-1.71995e-05
-5.62664e-06
-1.54669e-05
-5.4108e-06
-1.41072e-05
-5.1923e-06
-1.28732e-05
-4.45857e-06
-1.18584e-05
-3.17278e-06
-1.0758e-05
-2.6893e-06
-9.37959e-06
-3.09594e-06
-7.95097e-06
-4.06946e-06
-6.16721e-06
-5.9809e-06
-4.19692e-06
-6.85219e-06
-1.59512e-06
-6.16907e-06
4.66104e-08
-3.47557e-06
-2.7472e-06
-7.81471e-06
2.16766e-05
-1.4966e-05
2.46905e-05
-2.39108e-05
2.65617e-05
-2.87082e-05
1.98104e-05
-3.01483e-05
1.12085e-05
-2.91447e-05
3.49364e-06
-2.71363e-05
-2.94424e-06
-2.47354e-05
-7.7553e-06
-2.19267e-05
-9.6381e-06
-1.91725e-05
-8.99039e-06
-1.69416e-05
-7.85763e-06
-1.54115e-05
-6.94083e-06
-1.42371e-05
-6.36677e-06
-1.30127e-05
-5.6829e-06
-1.1631e-05
-4.55447e-06
-1.00225e-05
-4.29783e-06
-8.6036e-06
-4.51485e-06
-7.51433e-06
-5.15874e-06
-6.60791e-06
-6.88732e-06
-5.31216e-06
-8.14793e-06
-2.42699e-06
-9.05424e-06
-7.68199e-08
-5.82574e-06
-2.82402e-06
-5.35302e-06
2.70296e-05
-1.61221e-05
3.54596e-05
-2.93085e-05
3.9748e-05
-3.42352e-05
2.47372e-05
-3.43671e-05
1.13404e-05
-3.29797e-05
2.10626e-06
-3.08167e-05
-5.10722e-06
-2.83553e-05
-1.02168e-05
-2.54278e-05
-1.25655e-05
-2.21123e-05
-1.23059e-05
-1.91377e-05
-1.08323e-05
-1.69963e-05
-9.08218e-06
-1.55783e-05
-7.78472e-06
-1.40596e-05
-7.20164e-06
-1.1937e-05
-6.67705e-06
-9.85685e-06
-6.378e-06
-8.46038e-06
-5.91132e-06
-7.55101e-06
-6.06811e-06
-6.70129e-06
-7.73704e-06
-5.2673e-06
-9.58193e-06
-3.25582e-06
-1.10657e-05
-1.32949e-06
-7.75206e-06
-4.15351e-06
-9.92299e-06
3.69526e-05
-2.15249e-05
4.70615e-05
-3.70076e-05
5.52307e-05
-4.357e-05
3.12995e-05
-4.23113e-05
1.00816e-05
-3.89931e-05
-1.21191e-06
-3.54158e-05
-8.68447e-06
-3.17887e-05
-1.38439e-05
-2.81053e-05
-1.62489e-05
-2.40455e-05
-1.63658e-05
-2.01496e-05
-1.47282e-05
-1.77868e-05
-1.1445e-05
-1.68365e-05
-8.73497e-06
-1.63351e-05
-7.70306e-06
-1.54685e-05
-7.54365e-06
-1.35265e-05
-8.32001e-06
-1.09171e-05
-8.52072e-06
-8.47616e-06
-8.50904e-06
-6.39167e-06
-9.82153e-06
-3.64091e-06
-1.23327e-05
-8.36216e-07
-1.38704e-05
-7.67353e-07
-7.82093e-06
-4.92087e-06
-6.18154e-06
4.31342e-05
-1.48877e-05
5.57677e-05
-3.17346e-05
7.20776e-05
-4.54645e-05
4.50294e-05
-4.78133e-05
1.24304e-05
-4.49135e-05
-4.11173e-06
-3.88248e-05
-1.47731e-05
-3.34896e-05
-1.91791e-05
-2.9849e-05
-1.98895e-05
-2.52597e-05
-2.09551e-05
-1.85775e-05
-2.14104e-05
-1.34592e-05
-1.65633e-05
-1.16455e-05
-1.05487e-05
-1.24579e-05
-6.89063e-06
-1.38346e-05
-6.167e-06
-1.4924e-05
-7.23058e-06
-1.32434e-05
-1.02013e-05
-9.3311e-06
-1.24214e-05
-5.89508e-06
-1.32575e-05
-3.48868e-06
-1.47391e-05
-6.17865e-06
-1.11805e-05
-9.05691e-06
-4.94268e-06
-1.39778e-05
-3.78876e-06
4.69229e-05
-5.77609e-06
5.7755e-05
-1.45499e-05
8.08514e-05
-3.23292e-05
6.28087e-05
-4.00582e-05
2.01593e-05
-3.94834e-05
-4.68645e-06
-3.63138e-05
-1.79428e-05
-3.43767e-05
-2.11162e-05
-3.24538e-05
-2.18123e-05
-2.77436e-05
-2.56653e-05
-2.10029e-05
-2.81511e-05
-1.33118e-05
-2.42544e-05
-6.55399e-06
-1.73066e-05
-2.91264e-06
-1.0532e-05
-2.9537e-06
-6.12593e-06
-5.15758e-06
-5.0267e-06
-6.10111e-06
-9.25775e-06
-4.84371e-06
-1.36788e-05
-4.04449e-06
-1.40568e-05
-5.37965e-06
-1.34039e-05
-1.34646e-05
-3.09555e-06
-1.64785e-05
-1.92875e-06
-3.04563e-05
8.32486e-06
-8.32486e-06
2.07759e-05
-1.2451e-05
2.67502e-05
-5.97426e-06
3.00519e-05
-3.30176e-06
3.19361e-05
-1.88417e-06
3.2534e-05
-5.97945e-07
3.27669e-05
-2.32888e-07
3.39724e-05
-1.20553e-06
3.5204e-05
-1.23152e-06
3.56407e-05
-4.36704e-07
3.38829e-05
1.75775e-06
3.18515e-05
2.03141e-06
3.24151e-05
-5.63631e-07
3.18726e-05
5.42584e-07
2.64509e-05
5.42164e-06
1.39409e-05
1.251e-05
6.20821e-07
1.33201e-05
-5.43808e-06
6.05891e-06
-5.43809e-06
1.30743e-05
-2.13992e-05
2.63255e-05
-2.57022e-05
3.41873e-05
-1.38361e-05
4.00964e-05
-9.21095e-06
4.13618e-05
-3.1495e-06
3.94506e-05
1.31324e-06
3.70101e-05
2.20757e-06
3.66697e-05
-8.65118e-07
3.70837e-05
-1.64552e-06
3.53285e-05
1.31856e-06
2.90357e-05
8.05052e-06
1.666e-05
1.44071e-05
1.15899e-05
4.50649e-06
1.51245e-05
-2.99202e-06
1.91445e-05
1.4016e-06
1.12237e-05
2.04308e-05
1.32335e-06
2.32204e-05
-6.03787e-06
1.34201e-05
-1.1476e-05
1.38719e-05
-3.5271e-05
1.58741e-05
-2.77043e-05
2.05237e-05
-1.84857e-05
2.76563e-05
-1.63435e-05
3.47688e-05
-1.0262e-05
3.91643e-05
-3.08233e-06
3.68849e-05
4.48697e-06
3.20738e-05
3.94602e-06
2.37614e-05
6.66689e-06
7.20602e-06
1.78739e-05
-2.31723e-05
3.84289e-05
-4.49101e-05
3.61449e-05
-4.26819e-05
2.2783e-06
-2.92013e-05
-1.64726e-05
-4.62678e-06
-2.31729e-05
6.28979e-06
9.51425e-06
2.73281e-07
2.92369e-05
-2.94447e-06
1.66379e-05
-1.44204e-05
1.26236e-05
-4.78947e-05
1.47304e-05
-2.98111e-05
1.84991e-05
-2.22544e-05
2.62116e-05
-2.4056e-05
3.12897e-05
-1.534e-05
3.08435e-05
-2.63611e-06
2.56981e-05
9.63231e-06
1.75213e-05
1.21228e-05
7.57822e-06
1.661e-05
-6.52376e-06
3.19759e-05
-2.89452e-05
6.08503e-05
-4.52127e-05
5.24124e-05
-4.36068e-05
6.72398e-07
-3.71424e-05
-2.2937e-05
-2.14649e-05
-3.88504e-05
-4.91624e-06
-7.03445e-06
-9.04032e-07
2.52247e-05
-9.44003e-07
1.66778e-05
-1.53644e-05
-1.78554e-06
-4.61091e-05
-5.42736e-06
-2.61693e-05
9.41516e-07
-2.86233e-05
7.82448e-06
-3.0939e-05
1.43553e-05
-2.18709e-05
1.4516e-05
-2.79679e-06
1.14024e-05
1.27459e-05
9.50531e-06
1.402e-05
5.81743e-06
2.02978e-05
-7.28121e-07
3.85215e-05
-1.72853e-05
7.74075e-05
-3.29637e-05
6.80909e-05
-3.74241e-05
5.13273e-06
-3.43425e-05
-2.60186e-05
-3.05943e-05
-4.25985e-05
-1.55739e-05
-2.20549e-05
-3.76722e-06
1.3418e-05
-4.81714e-07
1.33923e-05
-1.58461e-05
-5.45347e-06
-4.06556e-05
-4.67792e-06
-2.69449e-05
2.37727e-06
-3.56785e-05
7.99707e-06
-3.65588e-05
1.53192e-05
-2.9193e-05
1.06785e-05
1.84383e-06
1.03103e-06
2.23934e-05
-4.1032e-06
1.91542e-05
-5.33973e-06
2.15344e-05
-3.83148e-06
3.70132e-05
-5.53032e-06
7.91063e-05
-1.74901e-05
8.00507e-05
-3.04293e-05
1.80719e-05
-3.02228e-05
-2.62251e-05
-2.7915e-05
-4.49063e-05
-2.06e-05
-2.93698e-05
-6.52017e-06
-6.61857e-07
5.96082e-08
6.81257e-06
-1.57865e-05
-1.81603e-06
-3.88395e-05
-5.22457e-06
-2.35363e-05
1.36477e-07
-4.10395e-05
1.43188e-06
-3.78542e-05
2.34595e-06
-3.01071e-05
3.35656e-06
8.3323e-07
-3.7248e-06
2.94748e-05
-9.26489e-06
2.46943e-05
-9.37576e-06
2.16452e-05
-6.32426e-06
3.39617e-05
-5.21484e-07
7.33035e-05
-1.03978e-05
8.99269e-05
-2.7699e-05
3.53732e-05
-2.98585e-05
-2.40656e-05
-3.02165e-05
-4.45483e-05
-2.48889e-05
-3.46974e-05
-1.17271e-05
-1.38237e-05
-4.39931e-07
-4.4746e-06
-1.62265e-05
3.09705e-07
-3.91492e-05
-5.39182e-06
-1.78348e-05
-2.08305e-06
-4.43483e-05
7.24715e-07
-4.06619e-05
9.77486e-07
-3.03598e-05
-4.3367e-06
6.14742e-06
-8.93772e-06
3.40758e-05
-1.51029e-05
3.08595e-05
-1.56674e-05
2.22098e-05
-1.15441e-05
2.98384e-05
4.65849e-08
6.17129e-05
-2.32276e-06
9.22963e-05
-2.08996e-05
5.395e-05
-2.95122e-05
-1.5453e-05
-3.05088e-05
-4.35517e-05
-3.18732e-05
-3.33329e-05
-2.34939e-05
-2.2203e-05
-5.9388e-06
-2.20297e-05
-2.21653e-05
5.37394e-06
4.1549e-05
1.37824e-05
4.93466e-05
3.21681e-05
6.24657e-05
3.34655e-05
6.15113e-05
1.32704e-05
4.03544e-05
-1.00525e-05
1.86365e-05
-3.14018e-05
3.40658e-06
-4.23372e-05
-1.01808e-05
-3.95476e-05
-2.46019e-05
-2.94855e-05
-3.57274e-05
-2.10574e-05
-3.65793e-05
-1.40948e-05
-3.12169e-05
-8.76441e-06
-2.26369e-05
-6.40095e-06
-1.28954e-05
-6.33179e-06
-6.19509e-06
-6.76975e-06
-4.58874e-06
-7.43532e-06
-8.59218e-06
-6.81396e-06
-1.43001e-05
-1.66232e-06
-1.92084e-05
8.43789e-06
-2.35041e-05
1.96378e-05
-1.42955e-05
1.20454e-05
5.66369e-06
1.26298e-05
-3.10407e-05
1.07452e-05
3.08038e-05
2.09032e-05
3.91885e-05
3.48322e-05
4.85367e-05
4.63996e-05
4.99439e-05
4.68293e-05
3.99247e-05
4.22749e-05
2.31909e-05
3.90443e-05
6.63711e-06
3.66753e-05
-7.8118e-06
3.27334e-05
-2.06599e-05
2.85306e-05
-3.15246e-05
2.98662e-05
-3.79148e-05
3.71308e-05
-3.84816e-05
4.31914e-05
-2.86975e-05
4.46315e-05
-1.43355e-05
4.054e-05
-2.10358e-06
2.96345e-05
6.31672e-06
1.73154e-05
3.72689e-06
7.68372e-06
-4.66841e-06
5.21727e-06
-1.6742e-05
1.5693e-05
-3.39799e-05
1.82464e-05
-1.68489e-05
2.12957e-06
2.17805e-05
5.15543e-05
-3.67949e-05
1.94663e-05
1.13376e-05
3.00496e-05
2.86052e-05
3.72524e-05
4.13339e-05
4.47164e-05
4.24799e-05
4.78286e-05
3.68125e-05
4.6807e-05
2.42125e-05
4.35955e-05
9.8486e-06
3.90134e-05
-3.22966e-06
3.50739e-05
-1.67204e-05
3.19013e-05
-2.8352e-05
3.51829e-05
-4.11964e-05
3.86174e-05
-4.19161e-05
3.93654e-05
-2.94455e-05
3.43196e-05
-9.2897e-06
2.53277e-05
6.88826e-06
2.2275e-05
9.36943e-06
2.39998e-05
2.00215e-06
1.70392e-05
2.29213e-06
-4.10075e-06
4.39801e-06
-2.30081e-05
-1.50726e-05
-5.28469e-05
1.29901e-05
-0.000137009
0.000105943
0.00012886
-0.000214315
2.06837e-05
-9.34612e-06
2.74167e-05
2.18722e-05
2.99932e-05
3.87574e-05
3.41545e-05
3.83186e-05
3.66138e-05
3.43532e-05
3.49506e-05
2.58757e-05
3.04872e-05
1.43121e-05
2.8069e-05
-8.1152e-07
2.42396e-05
-1.2891e-05
2.6138e-05
-3.02504e-05
2.94756e-05
-4.4534e-05
2.37606e-05
-3.62011e-05
1.59337e-05
-2.16186e-05
2.43146e-06
4.21252e-06
-1.67375e-05
2.60572e-05
-4.04002e-05
3.30322e-05
-6.90583e-05
3.06602e-05
-9.07745e-05
2.40084e-05
-0.000113928
2.75511e-05
-0.000149662
2.06618e-05
-0.000175907
3.92349e-05
-0.000228526
0.000158561
0.00020149
-0.000301156
1.08591e-05
-2.02052e-05
1.04523e-05
2.22789e-05
8.55459e-06
4.06551e-05
9.40937e-06
3.74638e-05
1.0721e-05
3.30416e-05
8.62124e-06
2.79755e-05
5.86385e-06
1.70695e-05
4.32678e-06
7.25552e-07
-1.07716e-05
2.20734e-06
-5.38758e-05
1.28538e-05
-9.63534e-05
-2.05636e-06
-0.000130808
-1.74655e-06
-0.00015473
2.30373e-06
-0.000173763
2.32448e-05
-0.000186889
3.91835e-05
-0.000198088
4.42315e-05
-0.000203932
3.65035e-05
-0.00020679
2.68666e-05
-0.000274275
9.50367e-05
-0.000408837
0.000155223
-0.000417253
4.76511e-05
-0.00038798
0.000129286
0.000177286
-0.000363774
-1.17388e-05
-8.46633e-06
-1.54735e-05
2.60136e-05
-1.50804e-05
4.02619e-05
-1.36805e-05
3.60639e-05
-8.5184e-06
2.78795e-05
-1.03822e-05
2.98393e-05
-2.76949e-05
3.43822e-05
-7.34624e-05
4.64931e-05
-0.000132725
6.14701e-05
-0.000173609
5.37379e-05
-0.000194662
1.89968e-05
-0.000205034
8.62481e-06
-0.000216165
1.34346e-05
-0.000227419
3.44989e-05
-0.000232028
4.37927e-05
-0.000245076
5.72797e-05
-0.000311562
0.000102989
-0.000526355
0.000241659
-0.000724184
0.000292866
-0.000646525
7.75637e-05
-0.000585353
-1.35213e-05
-0.000440342
-1.57254e-05
1.12117e-05
-0.000274268
-1.21169e-05
3.65059e-06
-1.30051e-05
2.69018e-05
-1.51387e-05
4.23955e-05
-2.40408e-05
4.4966e-05
-2.69083e-05
3.07469e-05
-4.38319e-05
4.67629e-05
-0.000119111
0.000109662
-0.000196074
0.000123456
-0.000233108
9.8504e-05
-0.000227164
4.77941e-05
-0.000222343
1.41757e-05
-0.000222904
9.18621e-06
-0.000226605
1.71358e-05
-0.000222563
3.04562e-05
-0.000222756
4.39858e-05
-0.000277412
0.000111935
-0.000412915
0.000238492
-0.00054177
0.000370514
-0.000496442
0.000247538
-0.000364884
-5.39937e-05
-0.000294492
-8.39134e-05
-0.000224264
-8.59538e-05
-8.92105e-05
-0.000123842
-1.97977e-05
2.34482e-05
-3.14598e-05
3.8564e-05
-3.58767e-05
4.68125e-05
-2.91627e-05
3.8252e-05
-5.15063e-05
5.30905e-05
-0.00012148
0.000116736
-0.000209315
0.000197497
-0.000249746
0.000163886
-0.000256221
0.000104979
-0.000250277
4.18504e-05
-0.00023739
1.2885e-06
-0.000220022
-8.18136e-06
-0.000209451
6.56406e-06
-0.000194576
1.55811e-05
-0.000190886
4.02957e-05
-0.000270697
0.000191747
-0.000360627
0.000328422
-0.000384604
0.000394491
-0.000331995
0.00019493
-0.00028246
-0.00010353
-0.000236578
-0.000129795
-0.000232724
-8.98081e-05
-4.28895e-05
-0.000279045
-2.56978e-05
4.9146e-05
-4.81699e-05
6.10361e-05
-8.75249e-05
8.61675e-05
-0.000109588
6.03155e-05
-0.000109839
5.33406e-05
-0.000123373
0.000130271
-0.000198305
0.000272429
-0.000271976
0.000237558
-0.00028662
0.000119622
-0.000269475
2.4706e-05
-0.000223829
-4.43575e-05
-0.000203117
-2.88929e-05
-0.000187449
-9.10409e-06
-0.000162313
-9.55536e-06
-0.000155642
3.36247e-05
-0.000192261
0.000228366
-0.000228814
0.000364974
-0.000190752
0.00035643
-0.000166537
0.000170714
-0.000213452
-5.66146e-05
-0.000259027
-8.42194e-05
-0.000309443
-3.93924e-05
-1.16488e-05
-0.000340683
-7.63901e-05
0.000125536
-9.41816e-05
7.88276e-05
-8.7339e-05
7.93249e-05
-8.8142e-05
6.11185e-05
-0.000109408
7.46069e-05
-0.000108254
0.000129116
-8.07683e-05
0.000244944
-0.00010996
0.00026675
-0.00015058
0.000160242
-0.00016582
3.99455e-05
-0.000206884
-3.29298e-06
-0.000218304
-1.7473e-05
-0.000185606
-4.18022e-05
-0.000179402
-1.57596e-05
-0.00017983
3.40528e-05
-0.000158583
0.00020712
-0.00012697
0.00033336
-9.10992e-05
0.000320559
-9.61983e-05
0.000175813
-0.000154377
1.56383e-06
-0.000206191
-3.24056e-05
-0.000226662
-1.89208e-05
-4.05774e-06
-0.000234253
-3.78816e-05
0.000163418
-6.73957e-05
0.000108342
-6.80348e-05
7.9964e-05
-7.6637e-05
6.97207e-05
-8.89518e-05
8.69217e-05
-9.28158e-05
0.00013298
-4.59558e-05
0.000198084
-3.03693e-06
0.000223831
-1.22115e-06
0.000158426
-3.61583e-05
7.48827e-05
-8.52682e-05
4.58169e-05
-0.000124874
2.21328e-05
-0.000165215
-1.46075e-06
-0.000188923
7.94761e-06
-0.000188956
3.40858e-05
-0.000133394
0.000151559
-8.10193e-05
0.000280985
-4.02288e-05
0.000279769
-4.27109e-05
0.000178295
-0.000114647
7.35002e-05
-0.000192706
4.56528e-05
-0.000260264
4.86378e-05
2.91442e-05
-0.000293466
-2.67228e-05
0.00019014
-4.83393e-05
0.000129958
-5.49508e-05
8.65755e-05
-6.01002e-05
7.487e-05
-5.83695e-05
8.5191e-05
-4.93296e-05
0.00012394
-1.99904e-05
0.000168745
1.78045e-05
0.000186036
2.59416e-05
0.000150289
5.1051e-06
9.57193e-05
-1.70155e-05
6.79376e-05
-4.44126e-05
4.95299e-05
-9.24693e-05
4.6596e-05
-0.000131596
4.70741e-05
-0.000150144
5.26344e-05
-0.000112952
0.000114366
-4.78619e-05
0.000215895
-1.3655e-05
0.000245562
-3.25003e-05
0.000197141
-9.14185e-05
0.000132418
-0.000138849
9.30832e-05
-0.000166853
7.66421e-05
5.21914e-05
-0.0001899
-1.86368e-05
0.000208777
-3.05717e-05
0.000141893
-3.58791e-05
9.18829e-05
-3.63023e-05
7.52932e-05
-3.17673e-05
8.06561e-05
-1.52521e-05
0.000107425
1.33371e-05
0.000140155
3.58056e-05
0.000163567
4.06402e-05
0.000145455
2.4995e-05
0.000111365
1.15988e-05
8.13338e-05
9.28679e-07
6.02001e-05
-1.52616e-05
6.27863e-05
-4.20415e-05
7.3854e-05
-7.79212e-05
8.85141e-05
-7.85875e-05
0.000115033
-3.10548e-05
0.000168362
1.0279e-05
0.000204228
1.166e-05
0.00019576
-1.99217e-05
0.000164
-5.60884e-05
0.00012925
-7.91577e-05
9.97114e-05
6.64604e-05
-9.34265e-05
-3.30479e-06
0.000212082
-8.41016e-06
0.000146998
-1.37654e-05
9.72381e-05
-1.42603e-05
7.57882e-05
-1.04331e-05
7.68288e-05
3.59325e-06
9.33987e-05
3.09297e-05
0.000112819
5.25045e-05
0.000141993
5.752e-05
0.000140439
4.73512e-05
0.000121533
3.66229e-05
9.20622e-05
2.92592e-05
6.75638e-05
2.23906e-05
6.96549e-05
1.64087e-05
7.98359e-05
8.92928e-06
9.59935e-05
6.23187e-06
0.00011773
2.69997e-05
0.000147594
6.38188e-05
0.000167409
8.87722e-05
0.000170806
0.000105722
0.00014705
0.000111156
0.000123816
0.000112641
9.82263e-05
6.64356e-05
0.000112666
1.27012e-05
0.000199381
1.12932e-05
0.000148406
6.85706e-06
0.000101674
4.52116e-06
7.81241e-05
5.78922e-06
7.55608e-05
1.37915e-05
8.53965e-05
3.23239e-05
9.42866e-05
5.54777e-05
0.000118839
6.43054e-05
0.000131611
6.33631e-05
0.000122476
5.7625e-05
9.78003e-05
5.06079e-05
7.4581e-05
4.59372e-05
7.43257e-05
4.51774e-05
8.05957e-05
4.93082e-05
9.18627e-05
5.99175e-05
0.000107121
8.42121e-05
0.000123299
0.000118571
0.000133051
0.000148816
0.000140561
0.000173696
0.00012217
0.000197668
9.98446e-05
0.000216726
7.91685e-05
5.86042e-05
0.000224557
2.10162e-05
0.000178365
2.39055e-05
0.000145517
2.18215e-05
0.000103758
1.90793e-05
8.08662e-05
1.80822e-05
7.65579e-05
2.12461e-05
8.22326e-05
2.91077e-05
8.6425e-05
4.70063e-05
0.00010094
6.11336e-05
0.000117484
6.80868e-05
0.000115522
6.78395e-05
9.80477e-05
6.23889e-05
8.00316e-05
5.90073e-05
7.77073e-05
5.93922e-05
8.02108e-05
6.59302e-05
8.53247e-05
8.03348e-05
9.27162e-05
0.000104224
9.941e-05
0.00013552
0.000101755
0.000171606
0.000104474
0.000193987
9.97891e-05
0.000216606
7.72254e-05
0.000242926
5.28492e-05
4.27172e-05
0.000258813
2.08804e-05
0.000157484
2.90769e-05
0.000137321
3.02006e-05
0.000102635
2.79426e-05
8.31242e-05
2.58037e-05
7.86968e-05
2.61685e-05
8.18679e-05
2.84804e-05
8.41131e-05
3.78985e-05
9.15221e-05
5.31916e-05
0.000102191
6.52115e-05
0.000103503
6.86316e-05
9.46276e-05
6.57194e-05
8.29438e-05
6.36478e-05
7.97788e-05
6.44915e-05
7.93672e-05
7.01499e-05
7.96663e-05
8.24668e-05
8.03992e-05
0.000100946
8.09313e-05
0.00012463
7.80707e-05
0.000157332
7.17725e-05
0.000180921
7.62003e-05
0.000198242
5.99038e-05
0.000222343
2.87487e-05
2.09212e-05
0.000244139
1.88945e-05
0.00013859
3.01575e-05
0.000126058
3.29359e-05
9.98562e-05
3.12082e-05
8.48519e-05
2.91673e-05
8.07377e-05
2.91158e-05
8.19194e-05
3.02412e-05
8.29877e-05
3.52752e-05
8.6488e-05
4.64568e-05
9.10095e-05
5.80496e-05
9.19098e-05
6.3866e-05
8.88112e-05
6.38236e-05
8.29863e-05
6.34753e-05
8.01271e-05
6.54699e-05
7.73727e-05
7.06108e-05
7.45254e-05
7.97182e-05
7.12919e-05
9.24207e-05
6.82289e-05
0.000108606
6.1885e-05
0.000126796
5.35825e-05
0.000147666
5.53311e-05
0.000165986
4.15831e-05
0.000181474
1.32614e-05
3.73937e-06
0.000198656
1.66883e-05
0.000121902
2.84042e-05
0.000114342
3.20089e-05
9.62515e-05
3.10428e-05
8.5818e-05
2.98703e-05
8.19102e-05
3.0348e-05
8.14416e-05
3.19663e-05
8.13695e-05
3.57701e-05
8.26843e-05
4.30364e-05
8.37433e-05
5.09996e-05
8.39466e-05
5.68919e-05
8.29189e-05
5.98895e-05
7.99887e-05
6.26151e-05
7.74016e-05
6.64433e-05
7.35445e-05
7.15917e-05
6.9377e-05
7.8596e-05
6.42876e-05
8.7469e-05
5.93559e-05
9.77119e-05
5.16421e-05
0.000107082
4.42124e-05
0.000121178
4.12353e-05
0.000135151
2.76096e-05
0.000140834
7.57822e-06
4.49094e-07
0.000144125
1.35522e-05
0.000108349
2.38866e-05
0.000104007
2.80603e-05
9.20778e-05
2.87127e-05
8.51657e-05
2.91325e-05
8.14904e-05
3.03355e-05
8.02386e-05
3.26299e-05
7.9075e-05
3.62157e-05
7.90985e-05
4.13557e-05
7.86033e-05
4.71761e-05
7.81262e-05
5.2716e-05
7.73791e-05
5.73344e-05
7.53703e-05
6.21484e-05
7.25876e-05
6.70957e-05
6.85971e-05
7.23808e-05
6.40919e-05
7.80363e-05
5.86321e-05
8.4241e-05
5.31513e-05
9.03453e-05
4.55378e-05
9.56709e-05
3.88868e-05
0.000103492
3.34142e-05
0.000109552
2.15496e-05
0.000108654
8.47588e-06
3.71116e-06
0.000105392
1.03687e-05
9.79807e-05
1.9038e-05
9.53379e-05
2.35603e-05
8.75555e-05
2.5811e-05
8.2915e-05
2.75463e-05
7.97552e-05
2.96023e-05
7.81827e-05
3.21702e-05
7.65071e-05
3.55948e-05
7.56739e-05
3.97221e-05
7.44761e-05
4.4472e-05
7.33763e-05
4.96435e-05
7.22077e-05
5.47444e-05
7.02694e-05
6.00915e-05
6.72405e-05
6.52191e-05
6.34695e-05
7.03602e-05
5.89508e-05
7.52054e-05
5.3787e-05
7.96522e-05
4.87045e-05
8.32671e-05
4.19228e-05
8.65774e-05
3.55765e-05
9.08343e-05
2.91573e-05
9.24995e-05
1.98845e-05
8.95042e-05
1.14712e-05
8.12955e-06
8.50859e-05
7.95139e-06
9.00293e-05
1.52116e-05
8.80776e-05
1.97206e-05
8.30466e-05
2.28003e-05
7.98352e-05
2.53643e-05
7.71912e-05
2.80988e-05
7.54482e-05
3.09096e-05
7.36963e-05
3.41969e-05
7.23866e-05
3.78281e-05
7.08449e-05
4.18853e-05
6.93191e-05
4.64816e-05
6.76113e-05
5.13661e-05
6.53849e-05
5.62345e-05
6.23721e-05
6.09246e-05
5.87794e-05
6.53555e-05
5.45198e-05
6.93867e-05
4.97559e-05
7.31083e-05
4.49829e-05
7.60732e-05
3.89579e-05
7.86911e-05
3.29587e-05
8.11283e-05
2.67201e-05
8.13942e-05
1.96186e-05
7.92028e-05
1.36626e-05
1.07402e-05
7.65923e-05
6.39738e-06
8.36319e-05
1.2521e-05
8.1954e-05
1.69119e-05
7.86557e-05
2.04379e-05
7.63093e-05
2.34787e-05
7.41504e-05
2.65082e-05
7.24186e-05
2.95435e-05
7.0661e-05
3.28106e-05
6.91196e-05
3.62387e-05
6.74167e-05
3.991e-05
6.56478e-05
4.39733e-05
6.3548e-05
4.83066e-05
6.10516e-05
5.25605e-05
5.81182e-05
5.66369e-05
5.47031e-05
6.04179e-05
5.07387e-05
6.38948e-05
4.6279e-05
6.72024e-05
4.16754e-05
6.98063e-05
3.6354e-05
7.18271e-05
3.09379e-05
7.34059e-05
2.51412e-05
7.35878e-05
1.94367e-05
7.26155e-05
1.46349e-05
1.12522e-05
7.21036e-05
5.33994e-06
7.8292e-05
1.05581e-05
7.67359e-05
1.47434e-05
7.44704e-05
1.83758e-05
7.26769e-05
2.16299e-05
7.08964e-05
2.47932e-05
6.92553e-05
2.79241e-05
6.753e-05
3.11706e-05
6.58731e-05
3.45301e-05
6.40572e-05
3.80069e-05
6.21711e-05
4.16113e-05
5.99436e-05
4.53205e-05
5.73425e-05
4.90442e-05
5.43945e-05
5.26388e-05
5.11084e-05
5.59883e-05
4.73892e-05
5.90304e-05
4.32369e-05
6.18084e-05
3.88974e-05
6.40826e-05
3.40797e-05
6.59469e-05
2.90736e-05
6.73625e-05
2.37257e-05
6.77813e-05
1.90179e-05
6.77569e-05
1.46593e-05
1.05705e-05
6.84386e-05
4.61398e-06
7.3678e-05
9.14469e-06
7.22052e-05
1.30711e-05
7.0544e-05
1.6636e-05
6.9112e-05
1.99372e-05
6.75952e-05
2.31276e-05
6.60649e-05
2.62527e-05
6.4405e-05
2.94227e-05
6.27031e-05
3.26471e-05
6.08328e-05
3.59512e-05
5.8867e-05
3.92228e-05
5.6672e-05
4.24851e-05
5.40802e-05
4.56854e-05
5.11941e-05
4.88078e-05
4.79861e-05
5.18632e-05
4.43338e-05
5.46406e-05
4.04595e-05
5.71905e-05
3.63475e-05
5.92676e-05
3.20026e-05
6.09473e-05
2.7394e-05
6.20549e-05
2.26181e-05
6.27729e-05
1.82998e-05
6.34931e-05
1.39392e-05
9.5518e-06
6.45119e-05
4.08164e-06
6.95964e-05
8.08619e-06
6.82006e-05
1.17247e-05
6.69054e-05
1.51046e-05
6.57321e-05
1.82935e-05
6.44063e-05
2.13936e-05
6.29648e-05
2.44183e-05
6.13803e-05
2.74327e-05
5.96886e-05
3.04494e-05
5.78162e-05
3.35167e-05
5.57997e-05
3.65927e-05
5.3596e-05
3.96426e-05
5.10304e-05
4.26031e-05
4.82336e-05
4.54646e-05
4.51245e-05
4.80639e-05
4.17345e-05
5.0429e-05
3.80943e-05
5.25766e-05
3.41999e-05
5.4448e-05
3.01312e-05
5.60094e-05
2.58326e-05
5.72601e-05
2.13673e-05
5.83863e-05
1.71736e-05
5.93409e-05
1.29846e-05
8.61829e-06
6.02744e-05
3.66755e-06
6.59288e-05
7.26863e-06
6.45995e-05
1.06427e-05
6.35314e-05
1.38426e-05
6.25322e-05
1.68978e-05
6.13511e-05
1.98603e-05
6.00023e-05
2.275e-05
5.84906e-05
2.56112e-05
5.68274e-05
2.84516e-05
5.49758e-05
3.1261e-05
5.29902e-05
3.40522e-05
5.08048e-05
3.6737e-05
4.83457e-05
3.93679e-05
4.56027e-05
4.18666e-05
4.26259e-05
4.42281e-05
3.9373e-05
4.64539e-05
3.58685e-05
4.84656e-05
3.21882e-05
5.02665e-05
2.83303e-05
5.17337e-05
2.43653e-05
5.28836e-05
2.02174e-05
5.39124e-05
1.61449e-05
5.49232e-05
1.19738e-05
7.67016e-06
5.58713e-05
3.29552e-06
6.26333e-05
6.53631e-06
6.13587e-05
9.64051e-06
6.04272e-05
1.26307e-05
5.95419e-05
1.55134e-05
5.84684e-05
1.83023e-05
5.72134e-05
2.10232e-05
5.57697e-05
2.37001e-05
5.41505e-05
2.63256e-05
5.23503e-05
2.89278e-05
5.0388e-05
3.15066e-05
4.8226e-05
3.40107e-05
4.58415e-05
3.64318e-05
4.31816e-05
3.87289e-05
4.03287e-05
4.08731e-05
3.72288e-05
4.27952e-05
3.39464e-05
4.45359e-05
3.04476e-05
4.60806e-05
2.67856e-05
4.74467e-05
2.29992e-05
4.86282e-05
1.90358e-05
4.97042e-05
1.50689e-05
5.06458e-05
1.10323e-05
6.85704e-06
5.14589e-05
2.99853e-06
5.96348e-05
5.95693e-06
5.84003e-05
8.81964e-06
5.75645e-05
1.15986e-05
5.6763e-05
1.4292e-05
5.5775e-05
1.69054e-05
5.46e-05
1.94479e-05
5.32272e-05
2.19297e-05
5.16688e-05
2.43548e-05
4.99253e-05
2.67436e-05
4.79992e-05
2.90674e-05
4.59022e-05
3.13214e-05
4.35875e-05
3.34654e-05
4.10377e-05
3.5505e-05
3.8289e-05
3.73916e-05
3.53423e-05
3.91675e-05
3.21704e-05
4.08002e-05
2.88148e-05
4.22786e-05
2.53072e-05
4.35736e-05
2.17042e-05
4.46498e-05
1.79596e-05
4.55838e-05
1.41349e-05
4.64174e-05
1.01987e-05
6.13984e-06
4.71347e-05
2.71709e-06
5.69177e-05
5.40572e-06
5.57117e-05
8.02494e-06
5.49453e-05
1.058e-05
5.42079e-05
1.30666e-05
5.32884e-05
1.54929e-05
5.21737e-05
1.7857e-05
5.08631e-05
2.01594e-05
4.93664e-05
2.24003e-05
4.76843e-05
2.45825e-05
4.5817e-05
2.67165e-05
4.37682e-05
2.87717e-05
4.15323e-05
3.07249e-05
3.90844e-05
3.25692e-05
3.64448e-05
3.42918e-05
3.36197e-05
3.58816e-05
3.05806e-05
3.73162e-05
2.73802e-05
3.85972e-05
2.40262e-05
3.97357e-05
2.05658e-05
4.0734e-05
1.69612e-05
4.16033e-05
1.32657e-05
4.23434e-05
9.45851e-06
5.5324e-06
4.29509e-05
2.47461e-06
5.44431e-05
4.92171e-06
5.32646e-05
7.31945e-06
5.25475e-05
9.66381e-06
5.18636e-05
1.1953e-05
5.09992e-05
1.41878e-05
4.99389e-05
1.63628e-05
4.86881e-05
1.84739e-05
4.72553e-05
2.05225e-05
4.56357e-05
2.25063e-05
4.38332e-05
2.44278e-05
4.18467e-05
2.62705e-05
3.96896e-05
2.80218e-05
3.73331e-05
2.96786e-05
3.4788e-05
3.1229e-05
3.20692e-05
3.2654e-05
2.91556e-05
3.3956e-05
2.60782e-05
3.5108e-05
2.28743e-05
3.61267e-05
1.95471e-05
3.70017e-05
1.60861e-05
3.77503e-05
1.25171e-05
3.83823e-05
8.82656e-06
5.02659e-06
3.88881e-05
2.23955e-06
5.22035e-05
4.4631e-06
5.10411e-05
6.64981e-06
5.03608e-05
8.79232e-06
4.97211e-05
1.08866e-05
4.89049e-05
1.2929e-05
4.78965e-05
1.49142e-05
4.67029e-05
1.68417e-05
4.53277e-05
1.87057e-05
4.37718e-05
2.05029e-05
4.2036e-05
2.22261e-05
4.01236e-05
2.3878e-05
3.80377e-05
2.54438e-05
3.57672e-05
2.69179e-05
3.33139e-05
2.82914e-05
3.06958e-05
2.95548e-05
2.78922e-05
3.06981e-05
2.49349e-05
3.17153e-05
2.1857e-05
3.26085e-05
1.86539e-05
3.33773e-05
1.53173e-05
3.40261e-05
1.18683e-05
3.45535e-05
8.29911e-06
4.62577e-06
3.49544e-05
2.02131e-06
5.01822e-05
4.03587e-06
4.90265e-05
6.01879e-06
4.83779e-05
7.96559e-06
4.77743e-05
9.87027e-06
4.70002e-05
1.1724e-05
4.60428e-05
1.35214e-05
4.49055e-05
1.52594e-05
4.35897e-05
1.69323e-05
4.20989e-05
1.85468e-05
4.04215e-05
2.00933e-05
3.85771e-05
2.15728e-05
3.65582e-05
2.29741e-05
3.4366e-05
2.42862e-05
3.20019e-05
2.54997e-05
2.94822e-05
2.65983e-05
2.67936e-05
2.75764e-05
2.39567e-05
2.84524e-05
2.09811e-05
2.92259e-05
1.78804e-05
2.98855e-05
1.46577e-05
3.04257e-05
1.13281e-05
3.08482e-05
7.87655e-06
4.32485e-06
3.11492e-05
1.82232e-06
4.83599e-05
3.64401e-06
4.72048e-05
5.43888e-06
4.6583e-05
7.19685e-06
4.60163e-05
8.91318e-06
4.52839e-05
1.05799e-05
4.4376e-05
1.21925e-05
4.3293e-05
1.37477e-05
4.20345e-05
1.52415e-05
4.06052e-05
1.66714e-05
3.89916e-05
1.8037e-05
3.72115e-05
1.93307e-05
3.52645e-05
2.05532e-05
3.31434e-05
2.16965e-05
3.08586e-05
2.27575e-05
2.84211e-05
2.37234e-05
2.58278e-05
2.45902e-05
2.30898e-05
2.53422e-05
2.02291e-05
2.59787e-05
1.7244e-05
2.65113e-05
1.4125e-05
2.69427e-05
1.08967e-05
2.72614e-05
7.55778e-06
4.11892e-06
2.74674e-05
1.63475e-06
4.67252e-05
3.26827e-06
4.55713e-05
4.8802e-06
4.49711e-05
6.45541e-06
4.44411e-05
7.99307e-06
4.37463e-05
9.48872e-06
4.28804e-05
1.0933e-05
4.18486e-05
1.23185e-05
4.0649e-05
1.36481e-05
3.92756e-05
1.49057e-05
3.7734e-05
1.60923e-05
3.60249e-05
1.7207e-05
3.41498e-05
1.82515e-05
3.2099e-05
1.92207e-05
2.98893e-05
2.01143e-05
2.75276e-05
2.09231e-05
2.5019e-05
2.16414e-05
2.23715e-05
2.22782e-05
1.95923e-05
2.28283e-05
1.66938e-05
2.32623e-05
1.3691e-05
2.35808e-05
1.05783e-05
2.37941e-05
7.34442e-06
4.00869e-06
2.39044e-05
1.4622e-06
4.5263e-05
2.91535e-06
4.41182e-05
4.34239e-06
4.3544e-05
5.74079e-06
4.30427e-05
7.10809e-06
4.2379e-05
8.43822e-06
4.15502e-05
9.72901e-06
4.05579e-05
1.09705e-05
3.94076e-05
1.21557e-05
3.80903e-05
1.32727e-05
3.6617e-05
1.43204e-05
3.49772e-05
1.52974e-05
3.31727e-05
1.61889e-05
3.12075e-05
1.69909e-05
2.90874e-05
1.77045e-05
2.6814e-05
1.83297e-05
2.43938e-05
1.8872e-05
2.18292e-05
1.93408e-05
1.91235e-05
1.97308e-05
1.63037e-05
2.00566e-05
1.33652e-05
2.03041e-05
1.03308e-05
2.0435e-05
7.21349e-06
3.99015e-06
2.04536e-05
1.30724e-06
4.39557e-05
2.57728e-06
4.28481e-05
3.82961e-06
4.22917e-05
5.04933e-06
4.1823e-05
6.23781e-06
4.11905e-05
7.39534e-06
4.03927e-05
8.52067e-06
3.94325e-05
9.60499e-06
3.83233e-05
1.06348e-05
3.70605e-05
1.16037e-05
3.56481e-05
1.25004e-05
3.40805e-05
1.33176e-05
3.23556e-05
1.40632e-05
3.04619e-05
1.47448e-05
2.84057e-05
1.53509e-05
2.6208e-05
1.58805e-05
2.38641e-05
1.63215e-05
2.13882e-05
1.66515e-05
1.87936e-05
1.68839e-05
1.60713e-05
1.70344e-05
1.32147e-05
1.71143e-05
1.02509e-05
1.71433e-05
7.18441e-06
4.04465e-06
1.70888e-05
1.17173e-06
4.2784e-05
2.23137e-06
4.17885e-05
3.26112e-06
4.1262e-05
4.27944e-06
4.08047e-05
5.28067e-06
4.01893e-05
6.25843e-06
3.9415e-05
7.21657e-06
3.84744e-05
8.15766e-06
3.73822e-05
9.07132e-06
3.61468e-05
9.94167e-06
3.47778e-05
1.07513e-05
3.32709e-05
1.14844e-05
3.16226e-05
1.2127e-05
2.98192e-05
1.26785e-05
2.78542e-05
1.31288e-05
2.57577e-05
1.34915e-05
2.35014e-05
1.3782e-05
2.10977e-05
1.40084e-05
1.85672e-05
1.41656e-05
1.59141e-05
1.42201e-05
1.31601e-05
1.41692e-05
1.03018e-05
1.40343e-05
7.31935e-06
4.2393e-06
1.38397e-05
9.82432e-07
4.18015e-05
1.82166e-06
4.09492e-05
2.62612e-06
4.04575e-05
3.42487e-06
4.00059e-05
4.21563e-06
3.93985e-05
4.98564e-06
3.86449e-05
5.73127e-06
3.77288e-05
6.45034e-06
3.66631e-05
7.14866e-06
3.54485e-05
7.83175e-06
3.40947e-05
8.49017e-06
3.26125e-05
9.1187e-06
3.0994e-05
9.70344e-06
2.92345e-05
1.02197e-05
2.73379e-05
1.06683e-05
2.53091e-05
1.10266e-05
2.31432e-05
1.12831e-05
2.08412e-05
1.14323e-05
1.84179e-05
1.14822e-05
1.58642e-05
1.14513e-05
1.31911e-05
1.13368e-05
1.04163e-05
1.11076e-05
7.54853e-06
4.593e-06
1.07539e-05
7.59899e-07
4.10417e-05
1.22958e-06
4.04796e-05
1.64072e-06
4.00463e-05
2.06336e-06
3.95833e-05
2.4986e-06
3.89633e-05
2.943e-06
3.82005e-05
3.3893e-06
3.72825e-05
3.83931e-06
3.62131e-05
4.29349e-06
3.49943e-05
4.7567e-06
3.36315e-05
5.22987e-06
3.21393e-05
5.7083e-06
3.05156e-05
6.18062e-06
2.87621e-05
6.64113e-06
2.68774e-05
7.08259e-06
2.48676e-05
7.48538e-06
2.27404e-05
7.83076e-06
2.04958e-05
8.1009e-06
1.81478e-05
8.27514e-06
1.56899e-05
8.3292e-06
1.3137e-05
8.24476e-06
1.05008e-05
8.01975e-06
7.77353e-06
4.92368e-06
7.68908e-06
4.0271e-07
4.06389e-05
5.40388e-07
4.03419e-05
6.78613e-07
3.99081e-05
8.66059e-07
3.93958e-05
1.06603e-06
3.87633e-05
1.29056e-06
3.7976e-05
1.53297e-06
3.704e-05
1.79355e-06
3.59525e-05
2.07151e-06
3.47164e-05
2.36733e-06
3.33357e-05
2.68562e-06
3.1821e-05
3.01928e-06
3.01819e-05
3.36058e-06
2.84208e-05
3.70279e-06
2.65352e-05
4.03551e-06
2.45349e-05
4.34759e-06
2.24283e-05
4.63704e-06
2.02063e-05
4.88476e-06
1.79e-05
5.07423e-06
1.55004e-05
5.18684e-06
1.30243e-05
5.19468e-06
1.04929e-05
5.0559e-06
7.9123e-06
5.23253e-06
4.74704e-06
6.53203e-08
-1.59933e-07
-4.65498e-07
-7.49912e-07
-9.96559e-07
-1.19545e-06
-1.35243e-06
-1.46873e-06
-1.54574e-06
-1.58539e-06
-1.58605e-06
-1.54595e-06
-1.46692e-06
-1.35371e-06
-1.20728e-06
-1.03173e-06
-8.44542e-07
-6.41947e-07
-4.4342e-07
-2.60212e-07
-1.04808e-07
3.12708e-09
1.65417e-08
-2.70612e-05
-3.97951e-06
-1.78942e-05
-9.16703e-06
-3.4052e-06
-1.4489e-05
-1.37042e-05
1.0299e-05
-7.71581e-05
3.63836e-05
-0.000112118
2.57925e-05
-0.000143052
1.6445e-05
6.22026e-06
-0.000162976
-0.000240881
6.29495e-05
-0.000256319
4.12314e-05
-0.000256944
1.70696e-05
-7.35531e-06
-0.000243368
-0.000338061
9.98548e-05
-0.000345178
4.83482e-05
-0.000317125
-1.09835e-05
-3.59187e-05
-0.000288561
-0.000311657
4.77377e-05
-0.000270221
6.91247e-06
-0.000242827
-3.83777e-05
-3.90646e-05
-0.000239681
-0.000200392
-2.61385e-05
-0.000167395
-2.60839e-05
-0.000200306
-5.46629e-06
-1.14872e-05
-0.000227884
-0.000129003
-2.09773e-05
-0.000160969
5.88245e-06
-0.00017723
1.07943e-05
1.14396e-05
-0.000200157
-0.000333291
3.32687e-05
-0.000346956
1.95476e-05
-0.000324607
-1.1555e-05
-2.05442e-05
-0.000292623
-0.00029568
-1.17347e-05
-0.000263515
-1.26177e-05
-0.000255764
-1.93055e-05
-2.47168e-05
-0.000251591
-0.000243521
-2.46629e-06
-0.000250309
-5.83034e-06
-0.000253114
-1.65002e-05
-2.51326e-05
-0.000252698
-0.000290187
-5.74569e-06
-0.00028374
-1.22775e-05
-0.000274343
-2.58963e-05
-3.41357e-05
-0.00026534
-0.000200139
4.49361e-06
-0.000206397
-6.01974e-06
-0.000210231
-2.20628e-05
-3.19448e-05
-0.000212421
-0.000103764
1.48308e-05
-0.000112176
2.39273e-06
-0.000117959
-1.628e-05
-2.79156e-05
-0.000121988
0.000111967
1.55293e-05
0.000105977
8.38337e-06
9.54574e-05
-5.76059e-06
-1.52814e-05
8.28231e-05
0.000225968
1.41179e-05
0.000225358
8.99404e-06
0.000220789
-1.19156e-06
-7.94124e-06
0.000213449
0.000259849
1.30814e-05
0.000260609
8.2344e-06
0.00025579
3.62706e-06
-1.44208e-06
0.000249291
0.000249139
8.08134e-06
0.000251285
6.08912e-06
0.000249618
5.29326e-06
3.20012e-06
0.000244976
0.000206081
6.56054e-07
0.000210972
1.19786e-06
0.000213314
2.95125e-06
5.30722e-06
0.000211207
0.000145305
-5.24274e-07
0.000146057
4.46203e-07
0.00014621
2.79833e-06
6.72922e-06
0.000144788
0.000103532
1.33646e-06
0.000101835
2.14289e-06
0.000101144
3.48956e-06
5.8073e-06
0.000102066
8.33508e-05
3.07162e-06
8.22714e-05
3.2223e-06
8.23851e-05
3.37577e-06
3.98314e-06
8.42093e-05
7.57876e-05
3.87628e-06
7.55497e-05
3.46021e-06
7.60643e-05
2.86119e-06
2.3712e-06
7.76762e-05
7.20674e-05
3.91254e-06
7.23894e-05
3.1382e-06
7.31098e-05
2.14076e-06
1.19015e-06
7.42908e-05
6.88476e-05
3.50352e-06
6.9429e-05
2.55686e-06
7.01207e-05
1.449e-06
3.39635e-07
7.09712e-05
6.50188e-05
2.99661e-06
6.55777e-05
1.99799e-06
6.61363e-05
8.90394e-07
-2.18676e-07
6.66946e-05
6.0729e-05
2.542e-06
6.11926e-05
1.53448e-06
6.16249e-05
4.58023e-07
-6.26022e-07
6.20322e-05
5.62762e-05
2.13712e-06
5.66672e-05
1.14345e-06
5.70207e-05
1.04563e-07
-9.34543e-07
5.73292e-05
5.18105e-05
1.78556e-06
5.21348e-05
8.19115e-07
5.24285e-05
-1.89181e-07
-1.18532e-06
5.26793e-05
4.74369e-05
1.48329e-06
4.77114e-05
5.44625e-07
4.7947e-05
-4.24734e-07
-1.38715e-06
4.81488e-05
4.32015e-05
1.23265e-06
4.34219e-05
3.2422e-07
4.36033e-05
-6.06097e-07
-1.53607e-06
4.37522e-05
3.90881e-05
1.0327e-06
3.92596e-05
1.52725e-07
3.9395e-05
-7.41524e-07
-1.63713e-06
3.9496e-05
3.51043e-05
8.82723e-07
3.52265e-05
3.06059e-08
3.53145e-05
-8.29557e-07
-1.69578e-06
3.53731e-05
3.12524e-05
7.79516e-07
3.13307e-05
-4.77215e-08
3.13762e-05
-8.75079e-07
-1.7134e-06
3.13938e-05
2.75262e-05
7.20693e-07
2.7558e-05
-7.95553e-08
2.75643e-05
-8.81362e-07
-1.69182e-06
2.75427e-05
2.39201e-05
7.04989e-07
2.39114e-05
-7.08446e-08
2.38771e-05
-8.47129e-07
-1.6343e-06
2.38196e-05
2.0427e-05
7.31564e-07
2.03779e-05
-2.17234e-08
2.03063e-05
-7.7555e-07
-1.5407e-06
2.02127e-05
1.70274e-05
7.9294e-07
1.6941e-05
6.47506e-08
1.68354e-05
-6.70038e-07
-1.41296e-06
1.67077e-05
1.37296e-05
9.03014e-07
1.36036e-05
1.90717e-07
1.34615e-05
-5.27935e-07
-1.25445e-06
1.3303e-05
1.05623e-05
1.09461e-06
1.03658e-05
3.87216e-07
1.01715e-05
-3.33664e-07
-1.05143e-06
9.96851e-06
7.49465e-06
1.28903e-06
7.27035e-06
6.11515e-07
7.00507e-06
-6.83925e-08
-7.90202e-07
6.74384e-06
4.53743e-06
1.49864e-06
4.29e-06
8.58943e-07
4.04132e-06
1.80288e-07
-5.08539e-07
3.75965e-06
3.41281e-09
-1.32969e-08
-4.15723e-08
-5.58736e-08
-2.16751e-05
-7.17508e-06
-3.08899e-05
-8.61999e-06
-2.63042e-05
-4.8934e-05
-2.33721e-05
-4.3594e-05
-2.68489e-05
-2.6883e-05
-2.27384e-05
2.03684e-06
-3.37512e-05
4.50887e-05
-4.53905e-05
4.24987e-05
-4.57243e-05
2.25436e-05
-3.34026e-05
1.75167e-05
-5.01212e-06
3.33224e-05
1.48723e-05
7.24118e-05
-4.75174e-06
7.35741e-05
-4.41269e-05
2.39221e-05
-6.74476e-05
-2.0231e-05
-7.11725e-05
-2.9608e-05
-6.8125e-05
-2.52505e-05
-4.56451e-05
-4.45096e-05
-6.78103e-05
-0.000151583
-1.85683e-05
-0.000115715
-4.44875e-05
-8.93732e-05
-7.52761e-05
-6.40157e-05
-6.89516e-05
-5.44878e-05
-3.6411e-05
-6.27271e-05
1.02762e-05
-6.06055e-05
4.2967e-05
-5.9768e-05
4.16613e-05
-5.73056e-05
2.00812e-05
-4.42737e-05
4.48481e-06
-2.2203e-05
1.12517e-05
5.00645e-06
4.52023e-05
7.99818e-07
7.77807e-05
-3.7903e-05
6.26249e-05
-7.72565e-05
1.91225e-05
-9.43349e-05
-1.25296e-05
-7.82793e-05
-4.13061e-05
-3.85379e-05
-8.4251e-05
-0.000106348
-0.000210809
-5.11283e-05
-0.000176605
-7.86911e-05
-0.000147077
-0.000104804
-0.000120942
-9.50872e-05
-0.000103951
-5.34021e-05
-9.96426e-05
5.9683e-06
-9.06172e-05
3.39416e-05
-7.90121e-05
3.00562e-05
-6.90241e-05
1.00932e-05
-5.61465e-05
-8.39278e-06
-3.82269e-05
-6.66796e-06
-1.33266e-05
2.0302e-05
-3.80022e-06
6.82543e-05
-1.45454e-05
7.33701e-05
-2.91764e-05
3.37535e-05
-3.56806e-05
-6.02542e-06
-3.47437e-05
-4.2243e-05
-1.62302e-05
-0.000102764
-0.000122579
-0.000237637
-0.000102053
-0.000199254
-0.000117074
-0.000177803
-0.000126255
-0.000162482
-0.000110408
-0.000147547
-6.8337e-05
-0.000133908
-7.6704e-06
-0.000116623
1.66564e-05
-9.80171e-05
1.14501e-05
-8.15778e-05
-6.34611e-06
-7.12608e-05
-1.87098e-05
-6.03604e-05
-1.75684e-05
-4.52067e-05
5.14837e-06
-2.98642e-05
5.29119e-05
-2.25997e-05
6.61056e-05
-2.10299e-05
3.21837e-05
-1.02866e-05
-1.67688e-05
-3.25371e-06
-4.92759e-05
1.27526e-06
-0.000107293
-0.000121303
-0.000229535
-0.000112199
-0.000214644
-0.000131965
-0.000201963
-0.000138936
-0.000189624
-0.000122746
-0.00017561
-8.23517e-05
-0.000156298
-2.69819e-05
-0.000134156
-5.48633e-06
-0.000111289
-1.14168e-05
-9.48483e-05
-2.27864e-05
-8.74485e-05
-2.61096e-05
-8.2979e-05
-2.2038e-05
-7.60213e-05
-1.80925e-06
-6.10331e-05
3.79236e-05
-4.12109e-05
4.62834e-05
-2.47695e-05
1.57423e-05
-4.52732e-06
-3.7011e-05
9.62144e-06
-6.34246e-05
9.83584e-06
-0.000107508
-0.000111467
-0.000222938
-0.000117145
-0.000237482
-0.000117421
-0.000226877
-0.00014954
-0.000212208
-0.000137415
-0.000194699
-9.98611e-05
-0.000172957
-4.87236e-05
-0.00015298
-2.54633e-05
-0.000138697
-2.56999e-05
-0.000133707
-2.7777e-05
-0.000133043
-2.6773e-05
-0.000133208
-2.18732e-05
-0.000127222
-7.79482e-06
-0.000102362
1.30629e-05
-6.72942e-05
1.12159e-05
-3.21234e-05
-1.94284e-05
-5.03443e-06
-6.41e-05
1.14883e-05
-7.99473e-05
9.35352e-06
-0.000105373
-0.000102114
-0.000294661
-2.26406e-05
-0.000258095
-0.000153987
-0.000247993
-0.000159643
-0.000238173
-0.000147235
-0.000222524
-0.00011551
-0.000207928
-6.33199e-05
-0.000198383
-3.50087e-05
-0.000195965
-2.81169e-05
-0.000189739
-3.4003e-05
-0.000178627
-3.78852e-05
-0.000163302
-3.71983e-05
-0.000138105
-3.29924e-05
-9.89758e-05
-2.60659e-05
-5.88163e-05
-2.89436e-05
-3.02127e-05
-4.80319e-05
-2.24173e-05
-7.18954e-05
-1.1416e-05
-9.09487e-05
-5.77697e-06
-0.000111012
-0.000107891
-0.000242994
-7.22699e-05
-0.000276779
-0.000120202
-0.000262332
-0.00017409
-0.000250677
-0.00015889
-0.000244282
-0.000121905
-0.000230059
-7.75429e-05
-0.000217462
-4.76064e-05
-0.000205687
-3.98914e-05
-0.000187952
-5.17387e-05
-0.00016335
-6.24866e-05
-0.000136965
-6.35828e-05
-0.00010931
-6.06475e-05
-7.85435e-05
-5.68329e-05
-5.36309e-05
-5.38562e-05
-4.30716e-05
-5.85912e-05
-4.16171e-05
-7.33499e-05
-3.62755e-05
-9.62903e-05
-2.41349e-05
-0.000123153
-0.000132026
-0.000237372
-8.64893e-05
-0.000232318
-0.000125256
-0.000260699
-0.000145709
-0.000267586
-0.000152002
-0.000252168
-0.000137322
-0.000226837
-0.000102875
-0.000198745
-7.56985e-05
-0.000177451
-6.11848e-05
-0.000160149
-6.90406e-05
-0.000144947
-7.76893e-05
-0.000126848
-8.16821e-05
-0.000106618
-8.08772e-05
-8.57177e-05
-7.7733e-05
-7.06963e-05
-6.88776e-05
-5.45922e-05
-7.46952e-05
-4.70293e-05
-8.09128e-05
-7.65712e-05
-6.67483e-05
-6.39578e-05
-0.000135766
-0.000195984
-0.00024537
-9.38181e-05
-0.000237859
-0.000132767
-0.000241188
-0.00014238
-0.000252633
-0.000140558
-0.00024979
-0.000140166
-0.000231819
-0.000120845
-0.00020435
-0.000103167
-0.00017671
-8.88247e-05
-0.000158572
-8.71795e-05
-0.000145759
-9.05021e-05
-0.000134274
-9.31671e-05
-0.000121403
-9.37481e-05
-0.000101877
-9.7259e-05
-9.26812e-05
-7.80733e-05
-0.000165559
-1.81737e-06
-0.000213412
-3.30598e-05
-0.000149013
-0.000131147
-5.57111e-05
-0.000229068
-0.000251695
-0.000242236
-0.000116922
-0.000225052
-0.000149951
-0.00021241
-0.000155023
-0.000212644
-0.000140324
-0.000230665
-0.000122144
-0.000231322
-0.000120189
-0.000215256
-0.000119233
-0.000193992
-0.000110089
-0.000171221
-0.00010995
-0.000149387
-0.000112337
-0.000134351
-0.000108202
-0.000119412
-0.000108688
-0.000184026
-3.26442e-05
-0.00029426
3.21599e-05
-0.000266396
-2.96809e-05
-0.000176661
-0.000122795
-0.000101544
-0.000206264
-5.80482e-05
-0.000272564
-0.000309743
-0.000203646
-0.000125698
-0.000183032
-0.000170565
-0.000155885
-0.00018217
-0.000145623
-0.000150586
-0.000147419
-0.000120348
-0.000169396
-9.82117e-05
-0.000193398
-9.52315e-05
-0.000178981
-0.000124506
-0.000167271
-0.000121661
-0.000148332
-0.000131275
-0.000159095
-9.74398e-05
-0.000261218
-6.56389e-06
-0.000312396
1.85335e-05
-0.000271462
-8.774e-06
-0.000215932
-8.52113e-05
-0.000147201
-0.000191525
-8.59388e-05
-0.000267527
-4.54949e-05
-0.000313008
-0.000355238
-0.000117606
-0.00013008
-0.00010341
-0.000184762
-8.42554e-05
-0.000201324
-6.59105e-05
-0.000168931
-6.18339e-05
-0.000124425
-7.05763e-05
-8.94693e-05
-9.39558e-05
-7.18519e-05
-0.000136271
-8.21904e-05
-0.00016616
-9.17715e-05
-0.00022026
-7.71757e-05
-0.000276035
-4.1664e-05
-0.000272897
-9.70213e-06
-0.000252224
-2.13986e-06
-0.000218672
-4.2326e-05
-0.000150128
-0.000153755
-7.69129e-05
-0.00026474
-3.15472e-05
-0.000312893
-1.83623e-05
-0.000326192
-0.0003736
4.94067e-05
-9.66633e-05
1.12481e-05
-0.000146603
-1.38655e-05
-0.00017621
-8.01991e-06
-0.000174776
2.69046e-06
-0.000135135
3.27635e-06
-9.00551e-05
-5.91989e-07
-6.79836e-05
-1.30055e-05
-6.97769e-05
-6.9044e-05
-3.5733e-05
-0.000139652
-6.56764e-06
-0.000167719
-1.35972e-05
-0.000161929
-1.54927e-05
-0.000143413
-2.06553e-05
-0.000100114
-8.5625e-05
-5.26331e-05
-0.000201236
-1.96787e-05
-0.000297695
1.97078e-06
-0.000334542
3.53836e-06
-0.00032776
-0.000370062
0.000174103
-5.73176e-05
0.000124062
-9.65625e-05
8.09907e-05
-0.000133139
4.85692e-05
-0.000142355
3.81737e-05
-0.00012474
4.32478e-05
-9.51292e-05
4.6502e-05
-7.12377e-05
4.01857e-05
-6.34607e-05
5.56044e-05
-5.11516e-05
9.054e-05
-4.15033e-05
7.51053e-05
1.83757e-06
2.61398e-05
3.34728e-05
-4.74543e-07
5.95902e-06
3.91957e-06
-9.00192e-05
2.10667e-05
-0.000218383
2.94636e-05
-0.000306092
2.62141e-05
-0.000331293
1.80037e-05
-0.00031955
-0.000352058
0.000213688
-2.17142e-05
0.000166714
-4.95885e-05
0.000126053
-9.24771e-05
9.50456e-05
-0.000111348
7.28274e-05
-0.000102521
6.05573e-05
-8.28591e-05
5.80468e-05
-6.87272e-05
4.67706e-05
-5.21845e-05
3.64816e-05
-4.08627e-05
4.77664e-05
-5.27882e-05
6.06413e-05
-1.10373e-05
5.61612e-05
3.7953e-05
5.07955e-05
1.13247e-05
6.41174e-05
-0.000103341
7.72225e-05
-0.000231489
7.23519e-05
-0.000301221
4.83177e-05
-0.000307258
2.0082e-05
-0.000291314
-0.000331976
0.000220765
2.49683e-06
0.000184291
-1.31146e-05
0.000144862
-5.30481e-05
0.000111093
-7.75787e-05
8.97815e-05
-8.12096e-05
7.48868e-05
-6.79644e-05
6.27186e-05
-5.65589e-05
4.79408e-05
-3.74067e-05
2.37707e-05
-1.66926e-05
5.03003e-06
-3.40475e-05
2.61582e-05
-3.21655e-05
6.8892e-05
-4.78079e-06
0.000107577
-2.73605e-05
0.000128983
-0.000124747
0.000125922
-0.000228427
0.000103847
-0.000279146
7.22866e-05
-0.000275698
3.63246e-05
-0.000255352
-0.000295651
0.000196565
1.71384e-05
0.000173078
1.03732e-05
0.000145709
-2.56798e-05
0.000120676
-5.25455e-05
9.85461e-05
-5.90796e-05
8.70021e-05
-5.64204e-05
8.04062e-05
-4.9963e-05
8.33474e-05
-4.03479e-05
8.98601e-05
-2.32053e-05
7.84177e-05
-2.26051e-05
7.95775e-05
-3.33253e-05
0.000110792
-3.59951e-05
0.000146853
-6.34217e-05
0.000161148
-0.000139042
0.000144653
-0.000211932
0.000112795
-0.000247288
7.76591e-05
-0.000240562
4.38768e-05
-0.000221569
-0.000251774
0.000140012
2.19145e-05
0.000136658
1.37269e-05
0.000125978
-1.50003e-05
0.000111047
-3.76138e-05
9.8484e-05
-4.65168e-05
9.11784e-05
-4.91148e-05
8.77519e-05
-4.65365e-05
9.13065e-05
-4.39026e-05
0.00010959
-4.14887e-05
0.000127939
-4.09544e-05
0.000137926
-4.33123e-05
0.000156578
-5.46468e-05
0.000172921
-7.97645e-05
0.000171812
-0.000137933
0.000144832
-0.000184952
0.000107504
-0.000209959
6.70296e-05
-0.000200088
2.8679e-05
-0.000183219
-0.000223096
0.000106948
1.70322e-05
0.000113459
7.21564e-06
0.000112084
-1.36251e-05
0.000103705
-2.92348e-05
9.66919e-05
-3.95036e-05
9.19592e-05
-4.43821e-05
9.04981e-05
-4.50754e-05
9.31245e-05
-4.6529e-05
9.89076e-05
-4.72717e-05
0.000112137
-5.41842e-05
0.000128983
-6.0158e-05
0.000145185
-7.08486e-05
0.000157055
-9.16342e-05
0.000147176
-0.000128055
0.000121046
-0.000158822
8.75775e-05
-0.000176491
5.19816e-05
-0.000164492
2.1288e-05
-0.000152525
-0.000201807
9.16093e-05
9.63217e-06
9.95672e-05
-7.42297e-07
9.95213e-05
-1.35791e-05
9.59542e-05
-2.56677e-05
9.19392e-05
-3.54886e-05
8.94164e-05
-4.18593e-05
8.91933e-05
-4.48523e-05
9.19577e-05
-4.92934e-05
9.70098e-05
-5.23238e-05
0.000103723
-6.08979e-05
0.000114552
-7.09871e-05
0.000122499
-7.8795e-05
0.00012679
-9.59249e-05
0.000119549
-0.000120814
0.000102079
-0.000141352
7.3224e-05
-0.000147636
4.28691e-05
-0.000134138
1.88996e-05
-0.000128556
-0.000182908
8.41872e-05
3.12119e-06
8.89302e-05
-5.48529e-06
9.03629e-05
-1.50117e-05
8.89324e-05
-2.42372e-05
8.65724e-05
-3.31286e-05
8.56844e-05
-4.09713e-05
8.55731e-05
-4.47409e-05
8.76283e-05
-5.13486e-05
9.2687e-05
-5.73825e-05
9.56365e-05
-6.38473e-05
0.000100556
-7.59065e-05
0.000106294
-8.45335e-05
0.000112572
-0.000102202
0.000113764
-0.000122007
0.000102653
-0.00013024
7.97572e-05
-0.000124741
4.91438e-05
-0.000103524
2.32366e-05
-0.000102648
-0.000159671
7.85777e-05
-1.16567e-06
8.12756e-05
-8.18316e-06
8.24039e-05
-1.614e-05
8.20133e-05
-2.38466e-05
8.11657e-05
-3.2281e-05
8.06123e-05
-4.04178e-05
8.0554e-05
-4.46826e-05
8.14381e-05
-5.22326e-05
8.56161e-05
-6.15605e-05
8.86877e-05
-6.69189e-05
8.89871e-05
-7.62059e-05
9.21342e-05
-8.76806e-05
9.90613e-05
-0.000109129
9.96751e-05
-0.000122621
9.18176e-05
-0.000122383
7.57139e-05
-0.000108637
4.71377e-05
-7.49479e-05
1.88573e-05
-7.43681e-05
-0.000140814
7.34266e-05
-3.62106e-06
7.49125e-05
-9.66906e-06
7.57281e-05
-1.69556e-05
7.59557e-05
-2.40741e-05
7.55551e-05
-3.18804e-05
7.5151e-05
-4.00136e-05
7.51606e-05
-4.46923e-05
7.63578e-05
-5.34299e-05
7.71768e-05
-6.23795e-05
7.96299e-05
-6.9372e-05
7.98019e-05
-7.63779e-05
8.26677e-05
-9.05463e-05
8.89421e-05
-0.000115403
8.73675e-05
-0.000121046
7.8911e-05
-0.000113926
5.57651e-05
-8.54913e-05
2.68842e-05
-4.60671e-05
1.02465e-05
-5.77304e-05
-0.000130567
6.811e-05
-5.03652e-06
6.91056e-05
-1.06646e-05
6.96921e-05
-1.75421e-05
7.01129e-05
-2.44949e-05
6.96892e-05
-3.14567e-05
6.93116e-05
-3.9636e-05
6.95042e-05
-4.48849e-05
6.93863e-05
-5.33119e-05
6.99276e-05
-6.29209e-05
6.97791e-05
-6.92234e-05
6.99522e-05
-7.65511e-05
7.39526e-05
-9.45467e-05
7.45761e-05
-0.000116027
7.05923e-05
-0.000117062
5.84092e-05
-0.000101743
3.09336e-05
-5.80156e-05
8.87583e-06
-2.40093e-05
4.97112e-06
-5.38257e-05
-0.000125596
6.28708e-05
-5.87513e-06
6.36952e-05
-1.1489e-05
6.40794e-05
-1.79263e-05
6.43054e-05
-2.47208e-05
6.41738e-05
-3.13252e-05
6.33982e-05
-3.88604e-05
6.36671e-05
-4.51537e-05
6.2718e-05
-5.23628e-05
6.17767e-05
-6.19796e-05
6.09351e-05
-6.83819e-05
6.126e-05
-7.68759e-05
5.97668e-05
-9.30536e-05
5.32272e-05
-0.000109487
4.53287e-05
-0.000109164
2.69047e-05
-8.33194e-05
7.25829e-06
-3.83692e-05
1.42628e-06
-1.81773e-05
4.63545e-06
-5.70349e-05
-0.000120961
5.79144e-05
-6.46038e-06
5.85152e-05
-1.20898e-05
5.87874e-05
-1.81985e-05
5.87426e-05
-2.4676e-05
5.86236e-05
-3.12061e-05
5.76577e-05
-3.78945e-05
5.75373e-05
-4.50333e-05
5.64776e-05
-5.13031e-05
5.44311e-05
-5.9933e-05
5.34899e-05
-6.74407e-05
5.14452e-05
-7.48312e-05
4.43813e-05
-8.59897e-05
3.3804e-05
-9.89101e-05
2.17111e-05
-9.70708e-05
6.18833e-06
-6.77966e-05
-1.15517e-06
-3.10257e-05
4.03074e-06
-2.33632e-05
7.34897e-06
-6.03531e-05
-0.000113612
5.31155e-05
-6.89664e-06
5.34937e-05
-1.24679e-05
5.36419e-05
-1.83467e-05
5.34493e-05
-2.44834e-05
5.31255e-05
-3.08823e-05
5.23604e-05
-3.71294e-05
5.14242e-05
-4.40971e-05
5.04898e-05
-5.03687e-05
4.82215e-05
-5.76647e-05
4.5715e-05
-6.49341e-05
4.26038e-05
-7.17201e-05
3.61922e-05
-7.9578e-05
2.49205e-05
-8.76384e-05
1.27495e-05
-8.48998e-05
2.57601e-06
-5.76231e-05
2.94533e-06
-3.1395e-05
1.14656e-05
-3.18835e-05
1.19382e-05
-6.08258e-05
-0.000101674
4.84689e-05
-7.21679e-06
4.86686e-05
-1.26676e-05
4.86485e-05
-1.83266e-05
4.83972e-05
-2.42321e-05
4.7821e-05
-3.03062e-05
4.71394e-05
-3.64478e-05
4.58883e-05
-4.2846e-05
4.46829e-05
-4.91632e-05
4.28963e-05
-5.58781e-05
3.97631e-05
-6.1801e-05
3.69419e-05
-6.88988e-05
3.23324e-05
-7.49686e-05
2.29168e-05
-7.82228e-05
1.26289e-05
-7.46119e-05
6.72591e-06
-5.17201e-05
1.05247e-05
-3.51937e-05
1.59986e-05
-3.73574e-05
1.21046e-05
-5.69317e-05
-8.95691e-05
4.39553e-05
-7.4199e-06
4.40074e-05
-1.27197e-05
4.38649e-05
-1.81841e-05
4.3486e-05
-2.38531e-05
4.2853e-05
-2.96732e-05
4.19719e-05
-3.55666e-05
4.08488e-05
-4.17229e-05
3.93297e-05
-4.76441e-05
3.76933e-05
-5.42418e-05
3.55154e-05
-5.9623e-05
3.31166e-05
-6.65e-05
3.0007e-05
-7.1859e-05
2.45785e-05
-7.27943e-05
1.79738e-05
-6.80072e-05
1.5235e-05
-4.89812e-05
1.63524e-05
-3.63111e-05
1.61689e-05
-3.7174e-05
1.20618e-05
-5.28246e-05
-7.75074e-05
3.95912e-05
-7.51516e-06
3.95247e-05
-1.26532e-05
3.92593e-05
-1.79187e-05
3.87836e-05
-2.33774e-05
3.805e-05
-2.89397e-05
3.7112e-05
-3.46286e-05
3.58679e-05
-4.04787e-05
3.44629e-05
-4.62392e-05
3.28575e-05
-5.26363e-05
3.09919e-05
-5.77574e-05
2.9486e-05
-6.49941e-05
2.87498e-05
-7.11229e-05
2.69398e-05
-7.09843e-05
2.34492e-05
-6.45166e-05
1.99897e-05
-4.55218e-05
1.75221e-05
-3.38435e-05
1.39818e-05
-3.36337e-05
1.00708e-05
-4.89136e-05
-6.74365e-05
3.53699e-05
-7.51199e-06
3.51986e-05
-1.24818e-05
3.48464e-05
-1.75666e-05
3.42728e-05
-2.28037e-05
3.34683e-05
-2.81352e-05
3.24282e-05
-3.35884e-05
3.11117e-05
-3.91622e-05
2.96665e-05
-4.4794e-05
2.80252e-05
-5.0995e-05
2.64633e-05
-5.61955e-05
2.53177e-05
-6.38485e-05
2.61475e-05
-7.19526e-05
2.65306e-05
-7.13674e-05
2.39619e-05
-6.19479e-05
1.99119e-05
-4.14718e-05
1.51017e-05
-2.90334e-05
1.02096e-05
-2.87415e-05
8.66008e-06
-4.73641e-05
-5.87765e-05
3.13022e-05
-7.42035e-06
3.10418e-05
-1.22214e-05
3.05987e-05
-1.71235e-05
2.99524e-05
-2.21574e-05
2.9068e-05
-2.72508e-05
2.79356e-05
-3.2456e-05
2.65256e-05
-3.77522e-05
2.48566e-05
-4.3125e-05
2.29092e-05
-4.90476e-05
2.10295e-05
-5.43158e-05
1.95303e-05
-6.23493e-05
1.93282e-05
-7.17505e-05
1.98039e-05
-7.18431e-05
1.66867e-05
-5.88308e-05
1.25734e-05
-3.73585e-05
7.3067e-06
-2.37667e-05
5.79074e-06
-2.72256e-05
7.42781e-06
-4.90012e-05
-5.13487e-05
2.7367e-05
-7.24465e-06
2.7037e-05
-1.18914e-05
2.65268e-05
-1.66132e-05
2.58101e-05
-2.14407e-05
2.48651e-05
-2.63058e-05
2.36432e-05
-3.12341e-05
2.21294e-05
-3.62384e-05
2.01695e-05
-4.11651e-05
1.78297e-05
-4.67078e-05
1.50301e-05
-5.15163e-05
1.11846e-05
-5.85038e-05
5.28803e-06
-6.5854e-05
-6.79438e-07
-6.58756e-05
-4.10875e-06
-5.54014e-05
-6.35528e-06
-3.5112e-05
-5.01972e-06
-2.51022e-05
1.85621e-06
-3.41015e-05
4.05971e-06
-5.12047e-05
-4.72889e-05
2.35694e-05
-6.99448e-06
2.31674e-05
-1.14894e-05
2.26093e-05
-1.60551e-05
2.18474e-05
-2.06788e-05
2.08689e-05
-2.53273e-05
1.95944e-05
-2.99596e-05
1.79965e-05
-3.46405e-05
1.58582e-05
-3.90268e-05
1.30156e-05
-4.38653e-05
9.08703e-06
-4.75877e-05
2.92717e-06
-5.23439e-05
-5.42357e-06
-5.75032e-05
-1.24393e-05
-5.88599e-05
-1.58515e-05
-5.19892e-05
-1.48778e-05
-3.60857e-05
-7.38835e-06
-3.25916e-05
1.86807e-06
-4.33579e-05
2.16315e-06
-5.14998e-05
-4.51258e-05
1.98941e-05
-6.6759e-06
1.94425e-05
-1.10378e-05
1.88398e-05
-1.54524e-05
1.8068e-05
-1.9907e-05
1.70841e-05
-2.43434e-05
1.58502e-05
-2.87257e-05
1.42752e-05
-3.30655e-05
1.22615e-05
-3.70131e-05
9.44108e-06
-4.10449e-05
5.51271e-06
-4.36593e-05
1.81387e-08
-4.68494e-05
-6.98291e-06
-5.05022e-05
-1.38907e-05
-5.19521e-05
-1.58977e-05
-4.99822e-05
-1.19325e-05
-4.0051e-05
-3.08847e-06
-4.14356e-05
1.87186e-06
-4.83182e-05
4.90123e-07
-5.01181e-05
-4.46357e-05
1.63244e-05
-6.29257e-06
1.58279e-05
-1.05414e-05
1.52078e-05
-1.48323e-05
1.44373e-05
-1.91366e-05
1.3494e-05
-2.34001e-05
1.23363e-05
-2.7568e-05
1.08882e-05
-3.16173e-05
9.02117e-06
-3.51461e-05
6.54094e-06
-3.85647e-05
3.89583e-06
-4.10142e-05
8.30887e-07
-4.37844e-05
-3.58223e-06
-4.60891e-05
-8.69791e-06
-4.68365e-05
-7.95843e-06
-5.07217e-05
-1.73738e-06
-4.6272e-05
3.1978e-06
-4.63708e-05
2.83737e-06
-4.79578e-05
1.03244e-06
-4.83131e-05
-4.36032e-05
1.28583e-05
-5.84787e-06
1.23245e-05
-1.00076e-05
1.16989e-05
-1.42067e-05
1.09581e-05
-1.83957e-05
1.00861e-05
-2.25281e-05
9.02496e-06
-2.65069e-05
7.66589e-06
-3.02583e-05
6.08284e-06
-3.3563e-05
4.57347e-06
-3.70553e-05
3.64346e-06
-4.00842e-05
2.20582e-06
-4.23468e-05
2.20658e-06
-4.60898e-05
1.9019e-06
-4.65318e-05
2.98788e-06
-5.18077e-05
6.2202e-06
-4.95044e-05
7.29122e-06
-4.74418e-05
5.15527e-06
-4.58219e-05
2.63844e-06
-4.57963e-05
-4.09648e-05
9.45748e-06
-5.33684e-06
8.88845e-06
-9.43862e-06
8.25426e-06
-1.35725e-05
7.53869e-06
-1.76802e-05
6.70173e-06
-2.16911e-05
5.72523e-06
-2.55304e-05
4.82379e-06
-2.93568e-05
4.39468e-06
-3.31339e-05
4.12129e-06
-3.67819e-05
4.39684e-06
-4.03598e-05
4.67734e-06
-4.26273e-05
7.03148e-06
-4.8444e-05
9.53193e-06
-4.90322e-05
9.48911e-06
-5.17649e-05
9.67866e-06
-4.96939e-05
9.78209e-06
-4.75453e-05
7.94848e-06
-4.39883e-05
4.73085e-06
-4.25787e-05
-3.62339e-05
6.1251e-06
-4.7181e-06
5.51095e-06
-8.82446e-06
4.85141e-06
-1.29129e-05
4.16384e-06
-1.69926e-05
3.63278e-06
-2.11601e-05
3.48769e-06
-2.53853e-05
3.72629e-06
-2.95954e-05
4.36208e-06
-3.37697e-05
5.06239e-06
-3.74822e-05
6.94375e-06
-4.22411e-05
9.03733e-06
-4.47209e-05
1.04768e-05
-4.98835e-05
1.15928e-05
-5.01482e-05
1.10229e-05
-5.11949e-05
1.0545e-05
-4.9216e-05
1.01153e-05
-4.71156e-05
7.93601e-06
-4.1809e-05
4.45284e-06
-3.90955e-05
-3.17811e-05
3.00201e-06
-3.96045e-06
2.29883e-06
-8.12128e-06
1.8462e-06
-1.24603e-05
1.79518e-06
-1.69416e-05
2.12219e-06
-2.14871e-05
2.81593e-06
-2.6079e-05
3.78224e-06
-3.05617e-05
5.37594e-06
-3.53634e-05
7.08111e-06
-3.91874e-05
9.19258e-06
-4.43526e-05
1.09996e-05
-4.65279e-05
1.14134e-05
-5.02973e-05
1.17004e-05
-5.04351e-05
1.10296e-05
-5.05242e-05
9.86309e-06
-4.80494e-05
8.21833e-06
-4.54708e-05
5.14419e-06
-3.87349e-05
2.28867e-06
-3.624e-05
-2.94924e-05
1.92968e-08
2.48615e-07
6.47506e-07
1.23509e-06
2.0353e-06
3.122e-06
4.43885e-06
6.10174e-06
7.84263e-06
9.466e-06
1.0985e-05
1.13834e-05
1.13892e-05
1.05726e-05
9.07536e-06
7.09924e-06
4.61901e-06
2.31254e-06
)
;

boundaryField
{
    leftWall
    {
        type            calculated;
        value           uniform 0;
    }
    rightWall
    {
        type            calculated;
        value           uniform 0;
    }
    lowerWall
    {
        type            calculated;
        value           nonuniform List<scalar> 
62
(
2.21673e-23
1.23779e-22
6.11058e-24
2.04787e-22
2.84915e-23
-7.68481e-23
-4.20936e-23
1.54881e-22
1.46349e-22
1.07671e-22
2.05116e-23
2.01246e-23
2.07872e-23
-7.33859e-23
2.44684e-23
2.22553e-23
7.2428e-24
1.25953e-22
-1.92181e-22
1.17864e-22
-5.96638e-23
8.15445e-24
-2.5763e-22
0
0
0
0
0
0
0
0
-4.46678e-23
-2.64698e-23
2.64698e-23
-2.64698e-23
0
0
0
0
0
0
0
0
5.39477e-23
5.07973e-23
1.25835e-22
-1.47794e-22
1.53649e-22
2.46603e-23
-1.02105e-22
-1.57449e-22
-9.79627e-23
-6.61744e-24
2.33058e-22
-1.15392e-22
-5.26035e-23
-7.21546e-23
-1.49826e-22
3.55542e-23
6.55024e-23
9.95977e-23
-1.17938e-23
)
;
    }
    atmosphere
    {
        type            calculated;
        value           nonuniform List<scalar> 
46
(
4.05736e-05
4.05671e-05
4.02137e-05
3.96802e-05
3.90099e-05
3.81749e-05
3.7197e-05
3.60688e-05
3.47934e-05
3.33753e-05
3.18217e-05
3.01418e-05
2.83418e-05
2.6422e-05
2.43885e-05
2.22527e-05
2.00191e-05
1.76974e-05
1.53019e-05
1.28411e-05
1.03375e-05
7.80436e-06
5.21912e-06
1.51175e-06
8.75651e-07
2.08561e-07
-4.94237e-07
-4.03562e-06
-8.3506e-06
-1.28592e-05
-1.75291e-05
-2.22873e-05
-2.71657e-05
-3.18786e-05
-3.70263e-05
-4.09283e-05
-4.59759e-05
-4.8047e-05
-5.06956e-05
-5.0441e-05
-4.97076e-05
-4.65521e-05
-4.34947e-05
-3.62546e-05
-3.39335e-05
-2.71799e-05
)
;
    }
    defaultFaces
    {
        type            empty;
        value           nonuniform 0();
    }
}


// ************************************************************************* //
