/*--------------------------------*- C++ -*----------------------------------*\
| =========                 |                                                 |
| \\      /  F ield         | OpenFOAM: The Open Source CFD Toolbox           |
|  \\    /   O peration     | Version:  2.4.0                                 |
|   \\  /    A nd           | Web:      www.OpenFOAM.org                      |
|    \\/     M anipulation  |                                                 |
\*---------------------------------------------------------------------------*/
FoamFile
{
    version     2.0;
    format      ascii;
    class       volVectorField;
    location    "0.9";
    object      U;
}
// * * * * * * * * * * * * * * * * * * * * * * * * * * * * * * * * * * * * * //

dimensions      [0 1 -1 0 0 0 0];

internalField   nonuniform List<vector> 
2268
(
(-0.0240937 -0.0874182 0)
(-0.0810466 -0.085557 0)
(-0.146108 -0.0652422 0)
(-0.219997 -0.0340378 0)
(-0.267544 -0.0113152 0)
(-0.294382 0.00601699 0)
(-0.296698 0.00971922 0)
(-0.284107 0.00893069 0)
(-0.2605 0.0065093 0)
(-0.23621 0.00342493 0)
(-0.218191 -0.00128495 0)
(-0.201317 -0.00713889 0)
(-0.177366 -0.00765263 0)
(-0.154832 -0.0077516 0)
(-0.137371 -0.00654275 0)
(-0.128089 -0.00391192 0)
(-0.120491 -0.00371743 0)
(-0.11036 -0.00461339 0)
(-0.0916651 -0.00507549 0)
(-0.0618262 -0.00724908 0)
(-0.0373952 -0.000942135 0)
(-0.030628 0.00148335 0)
(-0.0239135 -0.00894899 0)
(-0.0210969 0.142767 0)
(-0.0715803 0.148365 0)
(-0.125255 0.122468 0)
(-0.199337 0.0820874 0)
(-0.254134 0.0423613 0)
(-0.29047 0.00470888 0)
(-0.300824 -0.0153676 0)
(-0.289638 -0.0260388 0)
(-0.264235 -0.0287921 0)
(-0.238972 -0.022299 0)
(-0.217138 -0.0143782 0)
(-0.19483 -0.0118455 0)
(-0.172774 -0.0141729 0)
(-0.153025 -0.0115286 0)
(-0.137863 -0.0062553 0)
(-0.127979 -0.00407175 0)
(-0.117307 -0.00459643 0)
(-0.106045 -0.00883969 0)
(-0.0856307 -0.0167248 0)
(-0.0560747 -0.0201712 0)
(-0.0322223 -0.0144906 0)
(-0.00867928 -0.00794319 0)
(-0.00268744 -0.0187117 0)
(-0.020503 -0.0477577 0)
(-0.0942584 -0.0405455 0)
(-0.17628 0.0239518 0)
(-0.232644 0.0497884 0)
(-0.270715 0.0388065 0)
(-0.296947 0.0295659 0)
(-0.307581 0.00881824 0)
(-0.292707 -0.0112199 0)
(-0.265142 -0.0195073 0)
(-0.236475 -0.0206579 0)
(-0.209534 -0.0236369 0)
(-0.186361 -0.027201 0)
(-0.169479 -0.0253011 0)
(-0.154945 -0.0207692 0)
(-0.140491 -0.0149779 0)
(-0.130374 -0.0120647 0)
(-0.114617 -0.0138834 0)
(-0.0995989 -0.0205609 0)
(-0.0812727 -0.0298575 0)
(-0.0580849 -0.0334851 0)
(-0.0369651 -0.0236592 0)
(-0.00110655 -0.0101531 0)
(0.00235098 -0.00699931 0)
(-0.0492522 0.309875 0)
(-0.148474 0.24636 0)
(-0.236152 0.137173 0)
(-0.300021 0.101192 0)
(-0.343275 0.0600676 0)
(-0.343919 0.0168969 0)
(-0.32487 -0.0185459 0)
(-0.300893 -0.0451676 0)
(-0.2707 -0.0527432 0)
(-0.235427 -0.0456274 0)
(-0.205983 -0.0381159 0)
(-0.184671 -0.0355031 0)
(-0.170452 -0.0363447 0)
(-0.157237 -0.0329988 0)
(-0.140857 -0.0237026 0)
(-0.123838 -0.0198171 0)
(-0.104601 -0.0193429 0)
(-0.090842 -0.021953 0)
(-0.0794199 -0.0325868 0)
(-0.0701722 -0.0386757 0)
(-0.0506682 -0.0426617 0)
(-0.0060217 -0.0316242 0)
(0.00381141 -0.0285106 0)
(-0.0282974 -0.0210511 0)
(-0.0863183 0.0799546 0)
(-0.328171 0.211819 0)
(-0.394317 0.121466 0)
(-0.403556 0.0648945 0)
(-0.393879 0.0208679 0)
(-0.368458 -0.0138433 0)
(-0.342405 -0.040888 0)
(-0.312863 -0.0535533 0)
(-0.274221 -0.0495022 0)
(-0.235336 -0.0403591 0)
(-0.205245 -0.0307805 0)
(-0.185911 -0.0229139 0)
(-0.172398 -0.0191641 0)
(-0.149438 -0.0178865 0)
(-0.123336 -0.0208665 0)
(-0.10136 -0.0260639 0)
(-0.090278 -0.0341081 0)
(-0.0812651 -0.0437564 0)
(-0.0701364 -0.0508941 0)
(-0.0503928 -0.0523994 0)
(-0.0245808 -0.0229417 0)
(-0.00734521 0.00529704 0)
(-0.0589702 0.264815 0)
(-0.154288 0.270352 0)
(-0.340793 0.266148 0)
(-0.534865 0.161021 0)
(-0.514332 0.0611749 0)
(-0.475818 0.00311222 0)
(-0.42981 -0.0390555 0)
(-0.387441 -0.0619853 0)
(-0.347396 -0.074711 0)
(-0.302272 -0.08386 0)
(-0.252144 -0.0885034 0)
(-0.213364 -0.0827001 0)
(-0.196476 -0.0766998 0)
(-0.190862 -0.0730408 0)
(-0.183172 -0.0659299 0)
(-0.166888 -0.0563258 0)
(-0.13979 -0.0435076 0)
(-0.1073 -0.0355325 0)
(-0.0844061 -0.0417899 0)
(-0.059288 -0.0555987 0)
(-0.0213327 -0.0745555 0)
(0.000329719 -0.0745906 0)
(-0.0192994 -0.0685397 0)
(-0.0329481 0.172333 0)
(-0.101253 0.260459 0)
(-0.221621 0.319296 0)
(-0.533176 0.19106 0)
(-0.572815 0.04115 0)
(-0.554228 -0.0161417 0)
(-0.487673 -0.0596058 0)
(-0.414538 -0.104506 0)
(-0.369121 -0.123976 0)
(-0.331164 -0.111433 0)
(-0.262206 -0.0734411 0)
(-0.178137 -0.028657 0)
(-0.135958 -0.00111514 0)
(-0.132657 0.00292348 0)
(-0.150799 -0.0147833 0)
(-0.171808 -0.0467045 0)
(-0.170948 -0.0668293 0)
(-0.129357 -0.0758033 0)
(-0.0828689 -0.0840181 0)
(-0.0492362 -0.0978518 0)
(-0.0357372 -0.0936565 0)
(-0.0976487 0.00355607 0)
(-0.102228 0.15865 0)
(-0.0227178 0.269973 0)
(-0.0580067 0.324237 0)
(-0.0588805 0.447138 0)
(-0.297111 0.328706 0)
(-0.468286 0.0849895 0)
(-0.47288 -0.0546918 0)
(-0.439255 -0.122647 0)
(-0.415445 -0.100506 0)
(-0.399691 -0.0537039 0)
(-0.364069 -0.0390615 0)
(-0.280556 -0.0639767 0)
(-0.201027 -0.0693735 0)
(-0.109673 -0.0492888 0)
(-0.0460224 -0.0118395 0)
(-0.0192642 0.03063 0)
(-0.0515967 0.0689702 0)
(-0.0713319 0.0621588 0)
(-0.0666364 0.0445515 0)
(-0.0483111 0.0449059 0)
(-0.0408429 0.0346542 0)
(-0.0865354 0.06604 0)
(-0.218518 0.0194593 0)
(-0.126142 -0.252316 0)
(-0.0221803 -0.189711 0)
(0.195235 -0.257766 0)
(0.287844 -0.315767 0)
(0.334433 -0.369479 0)
(0.359333 -0.416771 0)
(0.372789 -0.437187 0)
(0.372116 -0.433637 0)
(0.381928 -0.406466 0)
(0.392513 -0.378153 0)
(0.406887 -0.351244 0)
(0.394116 -0.309816 0)
(0.376832 -0.254091 0)
(0.365987 -0.219618 0)
(0.371101 -0.184985 0)
(0.347388 -0.129792 0)
(0.25331 -0.0639937 0)
(0.0882703 -0.0379953 0)
(-0.0792488 -0.071428 0)
(-0.0426006 -0.108649 0)
(0.0314162 0.0603222 0)
(0.244467 0.127119 0)
(0.361441 0.271873 0)
(0.433569 0.343514 0)
(0.477212 0.396735 0)
(0.469057 0.417429 0)
(0.439101 0.402121 0)
(0.421583 0.34537 0)
(0.419078 0.305389 0)
(0.412874 0.280598 0)
(0.372627 0.252961 0)
(0.265045 0.20664 0)
(0.143494 0.165644 0)
(0.114771 0.14729 0)
(0.229462 0.160682 0)
(0.202967 0.155734 0)
(0.0761152 0.140001 0)
(-0.0534864 0.111236 0)
(-0.0767697 0.0320253 0)
(0.200714 0.0383387 0)
(0.142563 -0.249861 0)
(0.207826 -0.328487 0)
(0.268677 -0.370197 0)
(0.349629 -0.379157 0)
(0.435206 -0.361199 0)
(0.441819 -0.352181 0)
(0.411839 -0.327771 0)
(0.325403 -0.295298 0)
(0.213351 -0.238519 0)
(-0.0410365 -0.09542 0)
(-0.491336 0.0364837 0)
(-0.530963 -0.0631342 0)
(-0.452239 -0.128991 0)
(-0.233845 -0.122313 0)
(0.117402 0.0726762 0)
(0.0435361 0.114711 0)
(-0.0419332 0.044638 0)
(-0.0232071 -0.121014 0)
(0.176534 -0.264725 0)
(0.1156 -0.0847111 0)
(0.193653 0.0805255 0)
(0.245627 0.139128 0)
(0.341289 0.211322 0)
(0.38549 0.266742 0)
(0.333123 0.330692 0)
(0.269613 0.303434 0)
(0.139661 0.298243 0)
(0.0212984 0.327606 0)
(-0.154423 0.358404 0)
(-0.515428 0.238125 0)
(-0.522747 0.0326134 0)
(-0.480969 -0.0787344 0)
(-0.399926 -0.138012 0)
(-0.107902 0.00560759 0)
(0.00914159 0.145851 0)
(-0.0345047 0.0961284 0)
(0.0155811 -0.0377611 0)
(0.084405 -0.309904 0)
(-0.114307 -0.14138 0)
(-0.0187857 -0.224057 0)
(0.0399338 -0.284113 0)
(0.133518 -0.280329 0)
(0.185722 -0.231893 0)
(0.156816 -0.176801 0)
(0.126386 -0.119496 0)
(0.092249 -0.0629393 0)
(0.033903 0.0750975 0)
(-0.0465163 0.323223 0)
(-0.369624 0.319756 0)
(-0.404843 -0.00944971 0)
(-0.428139 -0.129518 0)
(-0.425887 -0.248651 0)
(-0.290689 -0.060677 0)
(-0.0496411 0.111269 0)
(-0.0436884 0.0781927 0)
(0.0344157 -0.0994138 0)
(0.027388 -0.141038 0)
(-0.132107 -0.122626 0)
(0.00570525 -0.108632 0)
(0.0530272 -0.0899617 0)
(0.122813 -0.0109115 0)
(0.199397 0.162541 0)
(0.059703 0.240878 0)
(-0.0308179 0.197367 0)
(-0.0626963 0.195653 0)
(-0.0622351 0.229761 0)
(-0.010392 0.381818 0)
(-0.13369 0.387681 0)
(-0.281727 0.117369 0)
(-0.372207 -0.0668959 0)
(-0.386317 -0.171122 0)
(-0.339801 -0.174489 0)
(-0.110507 0.0237165 0)
(-0.0475828 0.054022 0)
(0.0503741 -0.0582171 0)
(0.0976614 -0.178598 0)
(-0.13226 -0.131506 0)
(-0.00389834 -0.204169 0)
(0.00810246 -0.213827 0)
(0.0187091 -0.206606 0)
(0.0457353 -0.11023 0)
(0.0189601 0.0459143 0)
(-0.0952716 0.0446051 0)
(-0.11674 0.0623207 0)
(-0.108196 0.167886 0)
(-0.0217038 0.38486 0)
(0.00590446 0.424473 0)
(-0.247599 0.0934508 0)
(-0.349341 -0.147005 0)
(-0.358248 -0.181814 0)
(-0.408474 -0.114478 0)
(-0.212907 -0.0369203 0)
(-0.0604309 0.00664374 0)
(0.0511242 -0.107122 0)
(0.128497 -0.210436 0)
(-0.119264 -0.108335 0)
(-0.0224256 -0.208322 0)
(-0.026317 -0.183492 0)
(0.04454 -0.128459 0)
(-0.0298923 0.093394 0)
(-0.0514582 0.184686 0)
(-0.157337 0.15224 0)
(-0.186537 0.118224 0)
(-0.178052 0.151888 0)
(-0.0767461 0.343036 0)
(0.0768518 0.454466 0)
(-0.141765 0.223521 0)
(-0.314282 -0.114895 0)
(-0.332817 -0.23146 0)
(-0.412104 -0.139223 0)
(-0.362199 -0.0957381 0)
(-0.131038 -0.050157 0)
(0.00644598 -0.0330094 0)
(0.0169706 0.217493 0)
(0.0444763 0.274309 0)
(0.117385 0.386596 0)
(0.198024 0.400038 0)
(0.137993 0.275364 0)
(0.0186308 0.130159 0)
(-0.119188 0.0275127 0)
(-0.213627 -0.0586934 0)
(-0.239354 -0.169621 0)
(-0.174786 -0.263347 0)
(-0.133336 -0.267894 0)
(-0.0978392 -0.222017 0)
(-0.0585382 -0.175791 0)
(-0.0385192 -0.150004 0)
(-0.0331595 -0.161633 0)
(-0.0373364 -0.218286 0)
(-0.0376576 -0.257581 0)
(-0.0382589 -0.275046 0)
(-0.0318635 -0.275282 0)
(0.0161326 -0.248713 0)
(0.064673 -0.177293 0)
(0.137183 -0.0798764 0)
(-0.0257551 -0.0605589 0)
(0.0302048 0.228721 0)
(0.0876724 0.26417 0)
(0.142836 0.309642 0)
(0.220001 0.307126 0)
(0.261745 0.206611 0)
(0.244869 0.0949257 0)
(0.219935 0.0030353 0)
(0.205374 -0.0705741 0)
(0.187007 -0.135002 0)
(0.166832 -0.171603 0)
(0.150214 -0.171613 0)
(0.173253 -0.151122 0)
(0.214947 -0.0975185 0)
(0.238138 -0.0111161 0)
(0.238775 0.0791888 0)
(0.195798 0.154663 0)
(0.127465 0.145192 0)
(0.0611733 0.0934092 0)
(0.0194254 0.0333019 0)
(0.0401584 -0.0442146 0)
(0.1079 0.000704045 0)
(0.0676162 0.139887 0)
(-0.0218761 0.221634 0)
(0.0687106 0.116143 0)
(0.134394 0.172458 0)
(0.185897 0.229792 0)
(0.217595 0.234575 0)
(0.252142 0.199631 0)
(0.253408 0.136467 0)
(0.244747 0.063284 0)
(0.224858 -0.00379583 0)
(0.202117 -0.0629853 0)
(0.180971 -0.133764 0)
(0.170209 -0.19813 0)
(0.198982 -0.223284 0)
(0.207933 -0.174984 0)
(0.204294 -0.117521 0)
(0.160755 -0.0866666 0)
(0.126038 -0.0690425 0)
(0.120498 -0.0938012 0)
(0.123692 -0.132553 0)
(0.0613243 -0.195418 0)
(-0.097911 -0.284822 0)
(-0.218611 -0.181665 0)
(-0.45405 0.0974475 0)
(-0.877551 0.414708 0)
(0.0735631 0.00364061 0)
(0.139264 0.130128 0)
(0.160893 0.205758 0)
(0.167265 0.213681 0)
(0.191125 0.191642 0)
(0.194132 0.131985 0)
(0.180653 0.0559923 0)
(0.157308 -0.0260225 0)
(0.139799 -0.110565 0)
(0.134089 -0.193484 0)
(0.145763 -0.290819 0)
(0.156261 -0.285626 0)
(0.0941203 -0.191958 0)
(0.0718258 -0.0173216 0)
(-0.0414908 0.117264 0)
(-0.133451 0.141121 0)
(-0.284101 0.105158 0)
(-0.463329 0.160727 0)
(-0.490378 0.248742 0)
(-0.739488 -0.0250307 0)
(-0.69361 0.50971 0)
(-1.15126 0.848945 0)
(-1.21142 0.801372 0)
(0.0408826 -0.110966 0)
(0.0636551 0.10607 0)
(0.0618184 0.214567 0)
(0.0307649 0.18695 0)
(0.0652012 0.163757 0)
(0.0537923 0.134943 0)
(0.0387568 0.0781673 0)
(0.0235442 0.0114703 0)
(0.0145409 -0.0491833 0)
(-0.115584 -0.131733 0)
(-0.416827 -0.143107 0)
(-0.674563 -0.062765 0)
(-0.787816 -0.017401 0)
(-0.896539 0.0854121 0)
(-0.93184 0.211959 0)
(-1.03282 0.267531 0)
(-1.07915 0.257556 0)
(-1.10772 0.103472 0)
(-1.10202 0.0595044 0)
(-1.22475 1.092 0)
(-2.57128 0.146925 0)
(-2.45134 1.11108 0)
(-1.84986 1.36046 0)
(-0.0535406 -0.0854592 0)
(-0.0822175 0.155037 0)
(-0.0759157 0.251077 0)
(-0.0936857 0.243972 0)
(-0.0549242 0.222893 0)
(-0.0422932 0.20125 0)
(-0.0649196 0.148498 0)
(-0.214841 0.0224688 0)
(-0.578108 0.111652 0)
(-0.816242 0.280963 0)
(-1.04877 0.113826 0)
(-1.06397 0.0311832 0)
(-1.14068 0.0494067 0)
(-1.2072 0.183756 0)
(-1.20524 0.234379 0)
(-1.25124 0.229876 0)
(-1.39379 0.140219 0)
(-1.84548 0.508614 0)
(-3.28231 1.71521 0)
(-3.90089 1.12707 0)
(-3.53134 0.495382 0)
(-2.75445 0.593308 0)
(-1.89744 1.33372 0)
(-0.0494923 -0.00816192 0)
(-0.0766421 0.141236 0)
(-0.0617857 0.189145 0)
(-0.116528 0.124673 0)
(-0.138379 0.0469508 0)
(-0.166206 0.0768877 0)
(-0.329214 0.21481 0)
(-0.899885 0.475255 0)
(-1.19558 0.524225 0)
(-1.24647 0.318861 0)
(-1.20603 0.121443 0)
(-1.20344 0.0704794 0)
(-1.21477 0.0846335 0)
(-1.19066 0.192704 0)
(-1.19062 0.228314 0)
(-1.22303 0.344398 0)
(-1.52217 0.972871 0)
(-2.40726 2.29984 0)
(-3.04102 1.4183 0)
(-2.10793 -0.230267 0)
(-1.73008 -0.499527 0)
(-1.36514 -0.557949 0)
(-0.863219 -0.6961 0)
(-0.130539 0.0601222 0)
(-0.121755 0.10769 0)
(-0.194256 0.170614 0)
(-0.173049 0.221111 0)
(-0.164456 0.449802 0)
(-0.46573 0.716274 0)
(-0.849513 0.828119 0)
(-1.33561 0.706012 0)
(-1.44437 0.433299 0)
(-1.3984 0.115158 0)
(-1.35276 0.0024923 0)
(-1.22691 0.0216105 0)
(-1.14903 0.115032 0)
(-1.09993 0.136537 0)
(-1.02945 0.225069 0)
(-0.926188 0.828606 0)
(-1.36524 2.01998 0)
(-2.15084 2.13982 0)
(-2.18311 1.14001 0)
(-1.6334 -0.49418 0)
(-1.42208 -0.630161 0)
(-1.2089 -0.63793 0)
(-1.07019 -0.443582 0)
(-0.198545 0.0929224 0)
(-0.0948676 0.467291 0)
(-0.335517 0.7815 0)
(-0.593222 0.622978 0)
(-0.572498 0.403637 0)
(-0.548837 0.89643 0)
(-0.722902 1.81712 0)
(-1.47823 1.32862 0)
(-1.65527 0.794425 0)
(-1.52644 0.395974 0)
(-1.34297 -0.0681029 0)
(-1.16413 -0.142744 0)
(-1.05724 -0.0547741 0)
(-0.982235 0.0121498 0)
(-0.823036 0.228337 0)
(-0.459897 1.41571 0)
(-1.21291 1.90101 0)
(-1.37183 2.04388 0)
(-0.946161 1.20054 0)
(-0.807934 -0.244274 0)
(-1.28069 -0.253423 0)
(-1.57503 0.174592 0)
(-1.85777 0.16735 0)
(-0.34993 0.873758 0)
(-0.447842 0.462792 0)
(-0.512991 0.373983 0)
(-0.435579 0.206216 0)
(-0.554656 0.306955 0)
(-0.598464 0.665993 0)
(-0.445511 1.46688 0)
(-0.521956 1.67128 0)
(-0.764733 0.93557 0)
(-0.737465 0.100771 0)
(-1.00051 -0.174487 0)
(-1.20317 -0.0521774 0)
(-1.05814 -0.071631 0)
(-0.956381 -0.0907929 0)
(-0.886435 0.227378 0)
(-0.735556 1.30641 0)
(-0.795001 1.88772 0)
(-0.715093 1.83339 0)
(-0.392531 0.895942 0)
(-0.558221 -0.322784 0)
(-1.0237 -0.616111 0)
(-1.18249 -0.529119 0)
(-1.21978 -0.190074 0)
(-0.186938 0.737044 0)
(-0.278386 0.46213 0)
(-0.390798 0.415578 0)
(-0.356118 0.367683 0)
(-0.434806 0.431218 0)
(-0.516441 0.707987 0)
(-0.40089 1.13714 0)
(-0.0948849 1.30071 0)
(0.0385204 0.898175 0)
(-0.0422497 0.387507 0)
(-0.30095 0.181642 0)
(-0.566314 -0.0388759 0)
(-0.777602 -0.178926 0)
(-1.03003 0.0483551 0)
(-1.07638 0.290799 0)
(-0.812298 1.01183 0)
(-0.542357 1.69129 0)
(-0.377969 1.59283 0)
(-0.124698 0.897736 0)
(-0.341802 0.311216 0)
(-0.800147 0.25138 0)
(-1.24394 0.295885 0)
(-1.59322 0.113897 0)
(-0.156846 0.887881 0)
(-0.168303 0.643256 0)
(-0.308736 0.451508 0)
(-0.298149 0.404007 0)
(-0.323942 0.482126 0)
(-0.282139 0.705185 0)
(-0.212853 0.983498 0)
(-0.0189732 1.06931 0)
(0.177165 0.822591 0)
(0.113548 0.457881 0)
(-0.0407417 0.314301 0)
(-0.14461 0.235686 0)
(-0.321427 0.170984 0)
(-0.631037 0.0728596 0)
(-0.80168 0.109574 0)
(-0.769871 0.66178 0)
(-0.398938 1.42713 0)
(-0.151853 1.49378 0)
(-0.0322642 1.05043 0)
(-0.313729 0.548001 0)
(-0.595714 0.294919 0)
(-0.862418 0.282192 0)
(-1.01357 0.230863 0)
(-0.138612 1.11883 0)
(-0.0844598 0.753936 0)
(-0.216092 0.485615 0)
(-0.182357 0.408982 0)
(-0.19144 0.44492 0)
(-0.141964 0.621506 0)
(-0.00614005 0.837424 0)
(0.135233 0.933948 0)
(0.217052 0.789078 0)
(0.206191 0.550968 0)
(0.0800294 0.390443 0)
(0.0499196 0.291203 0)
(-0.0331295 0.30569 0)
(-0.134198 0.380006 0)
(-0.31151 0.418826 0)
(-0.485989 0.547626 0)
(-0.323478 0.94395 0)
(-0.0440339 1.20997 0)
(0.137564 1.11437 0)
(-0.00284397 0.864089 0)
(-0.196947 0.615487 0)
(-0.392846 0.453277 0)
(-0.501803 0.267319 0)
(-0.0536923 1.18425 0)
(0.0105906 0.800014 0)
(-0.0892643 0.515245 0)
(-0.0651647 0.403972 0)
(-0.07897 0.416495 0)
(-0.0307139 0.52914 0)
(0.0728436 0.671702 0)
(0.241842 0.840317 0)
(0.300971 0.774182 0)
(0.295104 0.641759 0)
(0.212497 0.473213 0)
(0.191239 0.346355 0)
(0.138979 0.359529 0)
(0.107169 0.420935 0)
(0.0784398 0.514003 0)
(0.0301416 0.644924 0)
(0.0500075 0.82298 0)
(0.230274 0.956175 0)
(0.413116 0.971629 0)
(0.517684 0.877825 0)
(0.600812 0.76496 0)
(0.620634 0.615274 0)
(0.529348 0.425662 0)
(0.0204067 1.14102 0)
(0.0989877 0.808691 0)
(0.0356341 0.542198 0)
(0.0397303 0.413171 0)
(0.0136557 0.407108 0)
(0.050177 0.473973 0)
(0.101617 0.541353 0)
(0.242031 0.698764 0)
(0.334449 0.735016 0)
(0.345549 0.669419 0)
(0.32511 0.526122 0)
(0.301678 0.384013 0)
(0.256038 0.386581 0)
(0.24407 0.429698 0)
(0.252693 0.507012 0)
(0.295646 0.613442 0)
(0.369535 0.741954 0)
(0.547736 0.817574 0)
(0.698167 0.853305 0)
(0.87703 0.733673 0)
(0.969141 0.637951 0)
(1.14143 0.523273 0)
(1.12883 0.373712 0)
(0.0640952 1.01145 0)
(0.145679 0.795275 0)
(0.117252 0.559377 0)
(0.122277 0.431431 0)
(0.0901267 0.413248 0)
(0.106175 0.452172 0)
(0.121819 0.482221 0)
(0.192679 0.578488 0)
(0.298438 0.681584 0)
(0.352257 0.64734 0)
(0.371225 0.528568 0)
(0.357327 0.416174 0)
(0.322571 0.409871 0)
(0.316357 0.433811 0)
(0.331578 0.478871 0)
(0.390648 0.543451 0)
(0.484975 0.605327 0)
(0.648536 0.637679 0)
(0.801992 0.688013 0)
(1.00784 0.611557 0)
(1.07654 0.480112 0)
(1.23079 0.369846 0)
(1.32834 0.285405 0)
(0.0631159 0.900535 0)
(0.150527 0.768078 0)
(0.15834 0.560467 0)
(0.169564 0.443966 0)
(0.137808 0.420082 0)
(0.140421 0.443106 0)
(0.141569 0.458961 0)
(0.163334 0.51191 0)
(0.242099 0.584854 0)
(0.322069 0.590166 0)
(0.371272 0.520617 0)
(0.366792 0.441549 0)
(0.34398 0.426999 0)
(0.342813 0.432832 0)
(0.35695 0.447199 0)
(0.404304 0.468051 0)
(0.488414 0.484881 0)
(0.605891 0.480667 0)
(0.722771 0.457837 0)
(0.947708 0.484374 0)
(1.0026 0.373382 0)
(1.0969 0.210966 0)
(1.25387 0.173629 0)
(0.0612604 0.796164 0)
(0.139589 0.711031 0)
(0.176393 0.5456 0)
(0.181266 0.453857 0)
(0.157695 0.430447 0)
(0.156411 0.44289 0)
(0.157692 0.450993 0)
(0.166281 0.477344 0)
(0.213868 0.512665 0)
(0.27985 0.520591 0)
(0.338495 0.496818 0)
(0.347995 0.451449 0)
(0.339545 0.434112 0)
(0.344874 0.426237 0)
(0.362778 0.417659 0)
(0.400175 0.40819 0)
(0.459785 0.398449 0)
(0.536603 0.368352 0)
(0.617265 0.31694 0)
(0.747152 0.336617 0)
(0.837943 0.259144 0)
(0.912735 0.085454 0)
(1.00288 0.0347739 0)
(0.0606396 0.696927 0)
(0.121553 0.644205 0)
(0.174327 0.528616 0)
(0.174011 0.460259 0)
(0.159543 0.440474 0)
(0.161113 0.441137 0)
(0.166401 0.444284 0)
(0.176482 0.455779 0)
(0.208236 0.467171 0)
(0.25168 0.469511 0)
(0.294221 0.460757 0)
(0.315445 0.442235 0)
(0.32857 0.42978 0)
(0.346033 0.410133 0)
(0.369542 0.38968 0)
(0.400989 0.365243 0)
(0.444493 0.341328 0)
(0.494426 0.299635 0)
(0.545497 0.253746 0)
(0.607994 0.243441 0)
(0.6888 0.17056 0)
(0.737129 0.0453152 0)
(0.756359 -0.00239066 0)
(0.0501414 0.61503 0)
(0.0986052 0.584882 0)
(0.150554 0.507478 0)
(0.153786 0.46279 0)
(0.153718 0.442218 0)
(0.159124 0.43802 0)
(0.168136 0.434232 0)
(0.182039 0.436952 0)
(0.20706 0.436402 0)
(0.236482 0.434872 0)
(0.269342 0.43144 0)
(0.295764 0.419827 0)
(0.320572 0.406495 0)
(0.347132 0.385019 0)
(0.374045 0.361825 0)
(0.402926 0.331943 0)
(0.435347 0.302074 0)
(0.466437 0.258847 0)
(0.497903 0.22101 0)
(0.527639 0.193769 0)
(0.578295 0.121174 0)
(0.582636 0.0344713 0)
(0.572079 0.00514861 0)
(0.0362358 0.552295 0)
(0.0776884 0.535064 0)
(0.121391 0.483921 0)
(0.133041 0.45491 0)
(0.143048 0.437093 0)
(0.153506 0.42934 0)
(0.164941 0.420619 0)
(0.180587 0.417852 0)
(0.201758 0.412695 0)
(0.224705 0.40814 0)
(0.252389 0.403289 0)
(0.280283 0.393636 0)
(0.307863 0.37775 0)
(0.336936 0.357441 0)
(0.363161 0.333086 0)
(0.391116 0.304597 0)
(0.415969 0.275709 0)
(0.435965 0.236387 0)
(0.45451 0.200555 0)
(0.472125 0.165164 0)
(0.497056 0.1069 0)
(0.486806 0.0526267 0)
(0.466143 0.031687 0)
(0.0256462 0.50475 0)
(0.0615598 0.493116 0)
(0.0979453 0.460123 0)
(0.114651 0.439917 0)
(0.129147 0.42438 0)
(0.143787 0.414922 0)
(0.157903 0.405827 0)
(0.174175 0.399703 0)
(0.193037 0.391911 0)
(0.213202 0.384519 0)
(0.236366 0.376728 0)
(0.262659 0.365422 0)
(0.288597 0.348846 0)
(0.314613 0.329281 0)
(0.339007 0.305732 0)
(0.36151 0.279126 0)
(0.382588 0.253343 0)
(0.399209 0.218727 0)
(0.415192 0.184346 0)
(0.426936 0.14783 0)
(0.438391 0.104188 0)
(0.430236 0.0674247 0)
(0.417037 0.0517434 0)
(0.0195193 0.467042 0)
(0.050368 0.4576 0)
(0.0814172 0.436145 0)
(0.100659 0.42156 0)
(0.11792 0.408924 0)
(0.134346 0.399539 0)
(0.150176 0.390131 0)
(0.167144 0.382239 0)
(0.185075 0.3734 0)
(0.204062 0.364128 0)
(0.224304 0.353211 0)
(0.247587 0.340381 0)
(0.270699 0.324678 0)
(0.293153 0.305942 0)
(0.314189 0.283479 0)
(0.333263 0.258857 0)
(0.351601 0.233152 0)
(0.367556 0.20265 0)
(0.379946 0.171056 0)
(0.38847 0.138711 0)
(0.396268 0.105205 0)
(0.389772 0.0766134 0)
(0.389458 0.0598277 0)
(0.015869 0.43611 0)
(0.0422315 0.427478 0)
(0.0693127 0.413086 0)
(0.0891825 0.402155 0)
(0.107514 0.39167 0)
(0.124663 0.382517 0)
(0.141357 0.373101 0)
(0.158487 0.364381 0)
(0.176078 0.354892 0)
(0.194498 0.345046 0)
(0.213375 0.333221 0)
(0.233205 0.319185 0)
(0.253015 0.303416 0)
(0.272833 0.285326 0)
(0.291618 0.265109 0)
(0.308364 0.241649 0)
(0.324303 0.217282 0)
(0.337459 0.189775 0)
(0.34876 0.162086 0)
(0.357091 0.131123 0)
(0.364025 0.102382 0)
(0.361113 0.0790018 0)
(0.36659 0.058737 0)
(0.0135238 0.409359 0)
(0.0365018 0.401216 0)
(0.0604333 0.390945 0)
(0.0798998 0.382431 0)
(0.0982837 0.373674 0)
(0.115646 0.365201 0)
(0.132466 0.35614 0)
(0.149298 0.347087 0)
(0.166428 0.337098 0)
(0.183973 0.326767 0)
(0.201815 0.314586 0)
(0.219024 0.300397 0)
(0.236609 0.284376 0)
(0.253329 0.267126 0)
(0.270005 0.247033 0)
(0.28567 0.225482 0)
(0.300043 0.202936 0)
(0.312402 0.178114 0)
(0.322693 0.151524 0)
(0.329841 0.124334 0)
(0.335144 0.101236 0)
(0.336938 0.0768431 0)
(0.345013 0.0524988 0)
(0.0118724 0.386301 0)
(0.0322828 0.378565 0)
(0.0536609 0.370761 0)
(0.0721319 0.363869 0)
(0.0897089 0.356238 0)
(0.106549 0.348173 0)
(0.122913 0.339391 0)
(0.139086 0.330195 0)
(0.155273 0.320028 0)
(0.171551 0.309055 0)
(0.187949 0.297446 0)
(0.204529 0.283651 0)
(0.220629 0.26851 0)
(0.236258 0.25121 0)
(0.251095 0.232033 0)
(0.264258 0.211989 0)
(0.276159 0.189946 0)
(0.287172 0.167509 0)
(0.296318 0.143688 0)
(0.303465 0.118506 0)
(0.31066 0.0946966 0)
(0.315129 0.0719941 0)
(0.321706 0.0486478 0)
(0.0106061 0.365352 0)
(0.0290075 0.358014 0)
(0.0484015 0.351752 0)
(0.0658198 0.345986 0)
(0.0825446 0.339292 0)
(0.0986555 0.331784 0)
(0.114351 0.32346 0)
(0.129732 0.314386 0)
(0.14506 0.304274 0)
(0.160122 0.293508 0)
(0.175266 0.281515 0)
(0.189973 0.267853 0)
(0.204043 0.252971 0)
(0.21808 0.236647 0)
(0.230856 0.218845 0)
(0.243195 0.199206 0)
(0.254707 0.178998 0)
(0.264699 0.157267 0)
(0.274065 0.134703 0)
(0.280537 0.111838 0)
(0.28648 0.0898001 0)
(0.291554 0.0667334 0)
(0.298075 0.042969 0)
(0.00948665 0.346711 0)
(0.0260745 0.339675 0)
(0.0436248 0.334292 0)
(0.0598392 0.329218 0)
(0.0755655 0.323169 0)
(0.090761 0.316195 0)
(0.105542 0.308242 0)
(0.119974 0.299393 0)
(0.134244 0.289573 0)
(0.148159 0.278985 0)
(0.162145 0.267237 0)
(0.17579 0.254178 0)
(0.188982 0.2394 0)
(0.201661 0.223639 0)
(0.213531 0.206449 0)
(0.22461 0.188323 0)
(0.234361 0.168859 0)
(0.242988 0.148781 0)
(0.25105 0.127866 0)
(0.257535 0.105477 0)
(0.264079 0.0834291 0)
(0.26913 0.0614566 0)
(0.274513 0.0386786 0)
(0.00858768 0.329684 0)
(0.0237582 0.322938 0)
(0.0398015 0.318213 0)
(0.0548528 0.313685 0)
(0.0695061 0.308136 0)
(0.0837462 0.301596 0)
(0.097571 0.293978 0)
(0.111034 0.285362 0)
(0.124181 0.275754 0)
(0.137063 0.265184 0)
(0.14976 0.25366 0)
(0.162024 0.240941 0)
(0.173816 0.22694 0)
(0.185099 0.211782 0)
(0.195594 0.195505 0)
(0.205354 0.178027 0)
(0.214568 0.159422 0)
(0.222842 0.139946 0)
(0.230522 0.11999 0)
(0.236747 0.0995499 0)
(0.242247 0.0785475 0)
(0.246773 0.0568214 0)
(0.251522 0.0345453 0)
(0.0077487 0.31437 0)
(0.0215574 0.307805 0)
(0.0361536 0.303525 0)
(0.0499757 0.299395 0)
(0.063467 0.294268 0)
(0.0766577 0.288099 0)
(0.089499 0.28087 0)
(0.102019 0.272648 0)
(0.114191 0.263435 0)
(0.12607 0.253219 0)
(0.137619 0.242045 0)
(0.148879 0.229777 0)
(0.159649 0.216255 0)
(0.169886 0.201662 0)
(0.179392 0.186045 0)
(0.188293 0.169224 0)
(0.196486 0.151618 0)
(0.203676 0.133123 0)
(0.210269 0.113945 0)
(0.215922 0.0938564 0)
(0.221115 0.073499 0)
(0.225259 0.0526202 0)
(0.229264 0.0311152 0)
(0.00703694 0.300302 0)
(0.0196436 0.293842 0)
(0.0329341 0.289848 0)
(0.0456162 0.286012 0)
(0.0580152 0.281185 0)
(0.0701643 0.275292 0)
(0.0819944 0.268364 0)
(0.0935008 0.260452 0)
(0.104647 0.251532 0)
(0.115466 0.241632 0)
(0.125907 0.230746 0)
(0.136063 0.218931 0)
(0.145697 0.206001 0)
(0.154836 0.192004 0)
(0.163446 0.177004 0)
(0.171441 0.160893 0)
(0.17876 0.143879 0)
(0.18536 0.126179 0)
(0.191231 0.107881 0)
(0.196303 0.0888869 0)
(0.200732 0.0692941 0)
(0.204339 0.0490014 0)
(0.20767 0.0281677 0)
(0.00633165 0.287662 0)
(0.0178146 0.281406 0)
(0.0298849 0.277665 0)
(0.0414738 0.274104 0)
(0.0528155 0.269577 0)
(0.063926 0.263998 0)
(0.0747294 0.257389 0)
(0.0852243 0.249794 0)
(0.0954052 0.241202 0)
(0.105231 0.231652 0)
(0.114661 0.22112 0)
(0.123731 0.20962 0)
(0.13236 0.197067 0)
(0.140512 0.183532 0)
(0.148176 0.169145 0)
(0.155255 0.153759 0)
(0.161722 0.137492 0)
(0.167567 0.120562 0)
(0.172663 0.10289 0)
(0.177151 0.0844748 0)
(0.181005 0.0654981 0)
(0.184128 0.0458978 0)
(0.186786 0.0257599 0)
(0.00570272 0.276105 0)
(0.016106 0.269809 0)
(0.0270276 0.266208 0)
(0.037559 0.262852 0)
(0.0478722 0.258568 0)
(0.05797 0.253267 0)
(0.0677726 0.247005 0)
(0.0772535 0.239766 0)
(0.0863975 0.23155 0)
(0.095224 0.222349 0)
(0.103695 0.212213 0)
(0.111813 0.201138 0)
(0.119561 0.189152 0)
(0.126846 0.176205 0)
(0.133641 0.162325 0)
(0.139856 0.147422 0)
(0.145433 0.131687 0)
(0.150411 0.115308 0)
(0.154833 0.0983209 0)
(0.158728 0.0806416 0)
(0.161975 0.0623465 0)
(0.164558 0.0433949 0)
(0.166584 0.0239122 0)
(0.00509383 0.265804 0)
(0.0145514 0.259604 0)
(0.0244126 0.25622 0)
(0.0339446 0.253065 0)
(0.0432453 0.248991 0)
(0.0523402 0.243954 0)
(0.0611371 0.237915 0)
(0.0696385 0.230917 0)
(0.0778069 0.222996 0)
(0.0856534 0.214123 0)
(0.0931715 0.204308 0)
(0.100301 0.193592 0)
(0.107047 0.181938 0)
(0.113403 0.169358 0)
(0.119325 0.156013 0)
(0.124775 0.141882 0)
(0.129721 0.126905 0)
(0.134096 0.111105 0)
(0.137796 0.0945575 0)
(0.140947 0.0774028 0)
(0.143563 0.0597199 0)
(0.145605 0.0414263 0)
(0.147032 0.022579 0)
(0.00455316 0.256429 0)
(0.0130545 0.250207 0)
(0.0218993 0.24686 0)
(0.03046 0.243893 0)
(0.0387857 0.240052 0)
(0.0469402 0.235271 0)
(0.0548234 0.229602 0)
(0.0624302 0.223005 0)
(0.0697146 0.215461 0)
(0.0766568 0.206972 0)
(0.0832317 0.197525 0)
(0.0893941 0.187131 0)
(0.0951653 0.175797 0)
(0.100586 0.163651 0)
(0.105609 0.150674 0)
(0.11018 0.136846 0)
(0.114275 0.122272 0)
(0.117903 0.107201 0)
(0.121142 0.0915178 0)
(0.123825 0.0750092 0)
(0.12582 0.057787 0)
(0.127282 0.0399974 0)
(0.128135 0.0217317 0)
(0.0040472 0.248083 0)
(0.0117014 0.24193 0)
(0.0194755 0.238823 0)
(0.0271021 0.236045 0)
(0.0344858 0.232384 0)
(0.041735 0.22783 0)
(0.0487759 0.222405 0)
(0.055577 0.216066 0)
(0.0621023 0.208761 0)
(0.0682798 0.200604 0)
(0.0740828 0.191576 0)
(0.0795095 0.181664 0)
(0.0845677 0.170866 0)
(0.0891144 0.159152 0)
(0.0931696 0.146571 0)
(0.0967446 0.133193 0)
(0.0998745 0.119086 0)
(0.102631 0.104146 0)
(0.104916 0.0885673 0)
(0.10681 0.0726833 0)
(0.108453 0.0563025 0)
(0.109506 0.0391736 0)
(0.109843 0.0214404 0)
(0.00364387 0.240732 0)
(0.0103709 0.234516 0)
(0.0172087 0.231402 0)
(0.0238701 0.228773 0)
(0.0302952 0.225273 0)
(0.0365951 0.220896 0)
(0.0427321 0.215626 0)
(0.0486768 0.209532 0)
(0.0543421 0.202658 0)
(0.0597265 0.194923 0)
(0.0647428 0.186292 0)
(0.0693323 0.176739 0)
(0.073526 0.166304 0)
(0.0773434 0.155061 0)
(0.0808036 0.143031 0)
(0.0838629 0.13025 0)
(0.0865445 0.116674 0)
(0.0885791 0.102346 0)
(0.0900459 0.0873576 0)
(0.0911533 0.0715145 0)
(0.0916689 0.0551331 0)
(0.0920467 0.0385797 0)
(0.0920029 0.0215547 0)
(0.00338742 0.233981 0)
(0.00921163 0.228419 0)
(0.0146745 0.225593 0)
(0.0202799 0.223163 0)
(0.0256468 0.219815 0)
(0.0309657 0.215547 0)
(0.0361607 0.210403 0)
(0.0412435 0.204425 0)
(0.0462591 0.197625 0)
(0.0510472 0.190083 0)
(0.0555752 0.181789 0)
(0.0597582 0.172696 0)
(0.0634469 0.162717 0)
(0.0666435 0.151864 0)
(0.0693507 0.140192 0)
(0.0715274 0.127675 0)
(0.0732226 0.114421 0)
(0.0745959 0.100608 0)
(0.075709 0.0861485 0)
(0.0762944 0.0710913 0)
(0.0763247 0.0554127 0)
(0.0758109 0.0388637 0)
(0.074837 0.0219722 0)
(0.00295155 0.228068 0)
(0.00763407 0.22268 0)
(0.0118481 0.219725 0)
(0.016292 0.217191 0)
(0.0204719 0.213858 0)
(0.0247215 0.209757 0)
(0.0287589 0.204803 0)
(0.0327059 0.19908 0)
(0.0364803 0.192631 0)
(0.0401912 0.18544 0)
(0.0438029 0.177534 0)
(0.047273 0.168845 0)
(0.0505497 0.159371 0)
(0.0535214 0.149115 0)
(0.0561383 0.138078 0)
(0.0583147 0.126244 0)
(0.0599757 0.113646 0)
(0.0610978 0.100244 0)
(0.0615812 0.0860664 0)
(0.0615813 0.0713193 0)
(0.0612494 0.0560017 0)
(0.06047 0.0402701 0)
(0.0588236 0.0239159 0)
(0.00254881 0.223236 0)
(0.00558649 0.21939 0)
(0.0076018 0.217214 0)
(0.00998966 0.214969 0)
(0.0121629 0.211779 0)
(0.0146141 0.207735 0)
(0.0169648 0.20277 0)
(0.0193754 0.196959 0)
(0.0217903 0.190343 0)
(0.024258 0.182917 0)
(0.0267646 0.174757 0)
(0.0293262 0.165939 0)
(0.0318974 0.156443 0)
(0.0344027 0.146252 0)
(0.0368433 0.135343 0)
(0.0391471 0.12378 0)
(0.041175 0.111522 0)
(0.0428467 0.0986283 0)
(0.044061 0.085118 0)
(0.0447145 0.0710481 0)
(0.0446524 0.0563984 0)
(0.043846 0.0411248 0)
(0.0422511 0.0253372 0)
(0.00167857 0.219777 0)
(0.00267332 0.217141 0)
(0.003068 0.214419 0)
(0.00422958 0.211543 0)
(0.00509703 0.208096 0)
(0.00631545 0.20398 0)
(0.00754333 0.199122 0)
(0.00888841 0.193495 0)
(0.0103412 0.187078 0)
(0.0118711 0.17988 0)
(0.013517 0.171964 0)
(0.0152769 0.163386 0)
(0.017107 0.15412 0)
(0.0189506 0.144099 0)
(0.020781 0.133432 0)
(0.0225148 0.122126 0)
(0.0241356 0.110252 0)
(0.0256071 0.0978555 0)
(0.026813 0.0849075 0)
(0.0276447 0.0714473 0)
(0.0279984 0.0576109 0)
(0.0277251 0.0433846 0)
(0.026586 0.0283519 0)
(0.000660663 0.218897 0)
(6.55689e-05 0.21886 0)
(-0.00183111 0.216954 0)
(-0.00322561 0.214076 0)
(-0.00478458 0.210459 0)
(-0.00592542 0.205953 0)
(-0.00689364 0.200677 0)
(-0.00762503 0.194589 0)
(-0.00813906 0.187707 0)
(-0.00846071 0.180055 0)
(-0.0085688 0.171672 0)
(-0.00846228 0.162608 0)
(-0.00813531 0.152895 0)
(-0.00760994 0.142536 0)
(-0.00690073 0.131564 0)
(-0.00603193 0.120041 0)
(-0.00505695 0.107989 0)
(-0.0039881 0.095463 0)
(-0.00289003 0.0825385 0)
(-0.00185603 0.0692627 0)
(-0.000914396 0.0557559 0)
(-0.000202859 0.0420918 0)
(0.000240826 0.0281431 0)
(-0.205279 -0.663527 0)
(-0.0994424 -0.77429 0)
(-0.0931119 -0.631555 0)
(0.0546481 -0.564107 0)
(-0.279677 0.523769 0)
(-0.539184 0.411009 0)
(-0.684676 0.186214 0)
(-0.84916 0.174148 0)
(-1.19047 0.45276 0)
(-1.37823 0.352527 0)
(-1.40833 0.323349 0)
(-1.36505 0.0398279 0)
(-1.67159 0.847078 0)
(-1.96504 0.449845 0)
(-1.78837 -0.0350738 0)
(-1.55442 -0.25358 0)
(-1.6625 1.34797 0)
(-1.70648 0.569044 0)
(-1.33548 -0.334871 0)
(-1.23654 -0.588707 0)
(-1.1161 0.205989 0)
(-0.950282 -0.128378 0)
(-0.97751 -0.28081 0)
(-1.14174 -0.326109 0)
(-0.712008 -0.632092 0)
(-0.704571 -0.311826 0)
(-0.877463 0.342664 0)
(-0.997063 0.595441 0)
(-1.22465 1.14969 0)
(-1.92764 0.62769 0)
(-1.84151 0.0494471 0)
(-1.58395 -0.156289 0)
(-1.72108 -0.297451 0)
(-1.4628 -0.299906 0)
(-1.3923 -0.385716 0)
(-1.36615 -0.423602 0)
(-1.28174 0.040318 0)
(-1.33352 0.0327906 0)
(-1.35592 -0.0652707 0)
(-1.35649 -0.183414 0)
(-1.58628 -0.10103 0)
(-1.55322 -0.157829 0)
(-1.47626 -0.277504 0)
(-1.39804 -0.336355 0)
(-1.00932 -0.00979778 0)
(-1.14302 -0.0901148 0)
(-1.11837 -0.26882 0)
(-1.11411 -0.381561 0)
(-0.50287 0.0829802 0)
(-0.64418 -0.0849303 0)
(-0.588353 -0.311326 0)
(-0.671226 -0.447198 0)
(0.626597 0.23799 0)
(0.537627 0.133734 0)
(0.586515 -0.0512723 0)
(0.445009 -0.166263 0)
(1.20015 0.180973 0)
(1.19319 0.106452 0)
(1.19708 -0.0448755 0)
(1.16452 -0.128001 0)
(1.37595 0.155082 0)
(1.40136 0.0981699 0)
(1.39283 0.0169214 0)
(1.3567 -0.054942 0)
(1.31201 0.142749 0)
(1.35588 0.0948277 0)
(1.35337 0.0693489 0)
(1.33202 0.0239979 0)
(1.07388 0.0236316 0)
(1.12478 0.0299799 0)
(1.1483 0.0395505 0)
(1.14531 0.0409545 0)
(0.7722 -0.0146436 0)
(0.779992 -0.00929122 0)
(0.787298 0.0188514 0)
(0.78671 0.0701852 0)
(0.558136 0.00219377 0)
(0.549249 0.0154036 0)
(0.544995 0.0389103 0)
(0.541726 0.0779561 0)
(0.44975 0.0265817 0)
(0.441546 0.032173 0)
(0.441141 0.0383027 0)
(0.444299 0.0539602 0)
(0.407063 0.0392531 0)
(0.404539 0.0374678 0)
(0.40573 0.0342856 0)
(0.411379 0.0326995 0)
(0.384832 0.0450265 0)
(0.386324 0.0379186 0)
(0.38997 0.0276172 0)
(0.395115 0.0187792 0)
(0.366924 0.0412928 0)
(0.370403 0.0313791 0)
(0.374131 0.0190634 0)
(0.379025 0.00680782 0)
(0.346492 0.0358416 0)
(0.350094 0.0248256 0)
(0.353221 0.012302 0)
(0.357158 2.72957e-05 0)
(0.323985 0.0306526 0)
(0.326879 0.0193753 0)
(0.329561 0.00697294 0)
(0.33231 -0.00525918 0)
(0.300462 0.0259194 0)
(0.30284 0.0145608 0)
(0.305195 0.00272426 0)
(0.307164 -0.00915249 0)
(0.276736 0.0218056 0)
(0.27884 0.010736 0)
(0.280686 -0.000769534 0)
(0.282343 -0.0123755 0)
(0.253479 0.0181947 0)
(0.255311 0.00734518 0)
(0.256777 -0.00369598 0)
(0.258128 -0.0149707 0)
(0.230917 0.0151517 0)
(0.232488 0.00462833 0)
(0.23356 -0.00606734 0)
(0.234665 -0.0169217 0)
(0.209028 0.0126381 0)
(0.210321 0.00243142 0)
(0.211086 -0.00788932 0)
(0.211924 -0.0183625 0)
(0.187826 0.0106835 0)
(0.188841 0.000810242 0)
(0.189316 -0.00916597 0)
(0.189905 -0.0192812 0)
(0.167332 0.00926855 0)
(0.168054 -0.000271139 0)
(0.168278 -0.00993792 0)
(0.168638 -0.0196952 0)
(0.147498 0.00837365 0)
(0.147919 -0.000866472 0)
(0.147921 -0.0102175 0)
(0.148056 -0.0196645 0)
(0.128295 0.00795495 0)
(0.128437 -0.00100065 0)
(0.128241 -0.0100473 0)
(0.128145 -0.0191979 0)
(0.10969 0.00804075 0)
(0.109567 -0.000660406 0)
(0.109183 -0.00944588 0)
(0.108856 -0.0183277 0)
(0.0915618 0.0085964 0)
(0.0912109 0.00015093 0)
(0.0906596 -0.00839022 0)
(0.090111 -0.0170381 0)
(0.0740059 0.00937437 0)
(0.0734013 0.00120949 0)
(0.0726538 -0.00705593 0)
(0.0718984 -0.0154402 0)
(0.0572201 0.0113712 0)
(0.0561761 0.00322861 0)
(0.0551377 -0.00495882 0)
(0.0540854 -0.0132336 0)
(0.0408143 0.0132365 0)
(0.0396834 0.00528715 0)
(0.0383553 -0.00284171 0)
(0.0369482 -0.011111 0)
(0.0249728 0.0167075 0)
(0.0237344 0.00911848 0)
(0.0224206 0.00135177 0)
(0.0210246 -0.00652251 0)
(2.53082e-05 0.0172495 0)
(7.88666e-06 0.00999441 0)
(-0.000146445 0.00238675 0)
(-0.000297885 -0.00562984 0)
(0.0238435 -0.1148 0)
(-0.213209 -0.0128751 0)
(-0.149842 -0.210963 0)
(-0.141874 -0.191435 0)
(-0.128525 -0.143439 0)
(-0.142014 -0.0566045 0)
(-0.119686 0.189641 0)
(-0.233558 0.195264 0)
(-0.263553 0.112316 0)
(-0.236357 0.121944 0)
(-0.114702 0.224941 0)
(0.0634156 0.435963 0)
(0.0741907 0.366045 0)
(-0.118942 0.0491956 0)
(-0.341897 -0.13355 0)
(-0.392351 -0.124682 0)
(-0.393923 0.100428 0)
(-0.357278 0.13637 0)
(-0.0909001 0.0227243 0)
(-0.867419 0.0237388 0)
(-0.690297 -0.0849885 0)
(-0.608751 -0.244825 0)
(-0.393518 -0.223995 0)
(-0.310408 -0.129505 0)
(-0.312493 0.0659746 0)
(-0.319277 0.220617 0)
(-0.327468 0.218554 0)
(-0.338836 0.112403 0)
(-0.290567 0.0572367 0)
(-0.196447 0.108358 0)
(-0.0334325 0.28585 0)
(0.0771781 0.378911 0)
(-0.0664565 0.19903 0)
(-0.348879 -0.0490174 0)
(-0.514875 -0.182114 0)
(-0.508045 -0.318511 0)
(-0.303371 -0.486835 0)
(-0.0888971 -0.568676 0)
(-1.20925 -0.159801 0)
(-1.00136 -0.3068 0)
(-0.886263 -0.476694 0)
(-0.726896 -0.43669 0)
(-0.608704 -0.220026 0)
(-0.536553 0.0503183 0)
(-0.5014 0.204445 0)
(-0.462128 0.187316 0)
(-0.408611 0.0872334 0)
(-0.353346 -0.0155131 0)
(-0.263474 -0.00427727 0)
(-0.159049 0.13454 0)
(0.00591766 0.34894 0)
(-0.0398596 0.370085 0)
(-0.129623 0.209193 0)
(-0.186949 0.0446095 0)
(-0.212027 -0.123582 0)
(-0.167291 -0.403737 0)
(0.00771079 -0.536527 0)
(-1.34151 -0.404145 0)
(-1.13562 -0.513341 0)
(-1.01085 -0.585783 0)
(-0.920806 -0.521661 0)
(-0.85764 -0.317037 0)
(-0.752199 0.00265066 0)
(-0.663256 0.126892 0)
(-0.57743 0.108035 0)
(-0.477677 0.0147855 0)
(-0.410198 -0.0642573 0)
(-0.369127 -0.0586019 0)
(-0.302354 0.0663897 0)
(-0.193199 0.309716 0)
(-0.107591 0.367478 0)
(-0.135962 0.150014 0)
(-0.103253 -0.0934177 0)
(-0.0129169 -0.252782 0)
(-0.0249166 -0.543571 0)
(0.0410071 -0.612192 0)
(-1.21119 -0.60993 0)
(-1.18929 -0.615111 0)
(-1.12502 -0.636014 0)
(-1.06289 -0.560378 0)
(-1.00784 -0.354388 0)
(-0.886535 -0.0711155 0)
(-0.774217 0.0394341 0)
(-0.649878 0.00647753 0)
(-0.536732 -0.0754166 0)
(-0.485412 -0.117006 0)
(-0.465867 -0.114038 0)
(-0.455813 -0.0207113 0)
(-0.356363 0.209809 0)
(-0.269684 0.279161 0)
(-0.172903 0.146342 0)
(-0.107961 -0.0765296 0)
(0.0575708 -0.240782 0)
(0.0404112 -0.51502 0)
(0.0720016 -0.561333 0)
(-1.17679 -0.575584 0)
(-1.23338 -0.715727 0)
(-1.25291 -0.72601 0)
(-1.18905 -0.634189 0)
(-1.11433 -0.453889 0)
(-0.982871 -0.203996 0)
(-0.859703 -0.0947146 0)
(-0.758898 -0.111679 0)
(-0.724378 -0.142547 0)
(-0.716943 -0.143844 0)
(-0.727399 -0.107873 0)
(-0.733288 0.00465508 0)
(-0.620498 0.171004 0)
(-0.442241 0.182606 0)
(-0.25306 0.0140517 0)
(-0.117355 -0.285721 0)
(0.0689366 -0.358996 0)
(0.0438453 -0.508342 0)
(0.0617589 -0.512048 0)
(-1.43898 0.223475 0)
(-1.40129 -0.563367 0)
(-1.34192 -0.791409 0)
(-1.29185 -0.72326 0)
(-1.24525 -0.525845 0)
(-1.15233 -0.29257 0)
(-1.0781 -0.174513 0)
(-1.04411 -0.154886 0)
(-1.03544 -0.129185 0)
(-0.998013 -0.106649 0)
(-0.942762 -0.0911449 0)
(-0.827701 -0.0723122 0)
(-0.625052 -0.0331727 0)
(-0.407095 -0.0674124 0)
(-0.211319 -0.208267 0)
(-0.137617 -0.351945 0)
(-0.08194 -0.41678 0)
(-0.0600104 -0.535035 0)
(0.007965 -0.495491 0)
(-1.43598 -0.261608 0)
(-1.42166 -0.28008 0)
(-1.42406 -0.663095 0)
(-1.33537 -0.752782 0)
(-1.31558 -0.584974 0)
(-1.28221 -0.291683 0)
(-1.20414 -0.145991 0)
(-1.14296 -0.116953 0)
(-1.05945 -0.207582 0)
(-0.947425 -0.267455 0)
(-0.809503 -0.27268 0)
(-0.658127 -0.25755 0)
(-0.493803 -0.233298 0)
(-0.336537 -0.22883 0)
(-0.246048 -0.28238 0)
(-0.244176 -0.37132 0)
(-0.192484 -0.509845 0)
(-0.207936 -0.584715 0)
(-0.0323805 -0.589321 0)
(-1.2999 -0.544594 0)
(-1.23616 -0.714752 0)
(-1.43114 -0.659147 0)
(-1.42233 -0.671228 0)
(-1.33049 -0.639742 0)
(-1.28312 -0.452728 0)
(-1.13497 -0.299975 0)
(-1.00919 -0.235911 0)
(-0.907536 -0.275369 0)
(-0.817283 -0.337095 0)
(-0.731171 -0.35698 0)
(-0.617119 -0.35088 0)
(-0.50649 -0.337127 0)
(-0.41934 -0.321396 0)
(-0.356824 -0.356654 0)
(-0.242968 -0.408925 0)
(-0.24029 -0.00151447 0)
(-0.491979 0.19138 0)
(-0.0662303 -0.328668 0)
(-1.34165 -0.369109 0)
(-1.27112 -0.611974 0)
(-1.28336 -0.694615 0)
(-1.43599 -0.587023 0)
(-1.34644 -0.626898 0)
(-1.24797 -0.586362 0)
(-1.16102 -0.438772 0)
(-1.01141 -0.378387 0)
(-0.887118 -0.401654 0)
(-0.814597 -0.407266 0)
(-0.754637 -0.427251 0)
(-0.681678 -0.437241 0)
(-0.622184 -0.448645 0)
(-0.495638 -0.378531 0)
(-0.452041 0.410517 0)
(-1.08384 0.706143 0)
(-1.11568 -0.287943 0)
(-0.531842 -0.972703 0)
(-0.129218 -0.847399 0)
(-1.3687 -0.483232 0)
(-1.23096 -0.648283 0)
(-1.15441 -0.69776 0)
(-1.12695 -0.674089 0)
(-1.31175 -0.495486 0)
(-1.23139 -0.555189 0)
(-1.17084 -0.575748 0)
(-1.08362 -0.485976 0)
(-0.970325 -0.450205 0)
(-0.855012 -0.487948 0)
(-0.765011 -0.510172 0)
(-0.672981 -0.507797 0)
(-0.572675 -0.142623 0)
(-1.11126 0.52898 0)
(-1.76645 -0.291443 0)
(-1.2783 -0.912603 0)
(-0.657266 -1.13264 0)
(-0.425177 -1.39059 0)
(-0.198803 -1.5503 0)
(-1.11095 -0.589609 0)
(-1.03087 -0.783394 0)
(-0.880555 -0.810258 0)
(-0.793565 -0.698848 0)
(-0.745799 -0.560272 0)
(-0.904503 -0.267663 0)
(-0.997145 -0.380222 0)
(-0.961555 -0.633654 0)
(-0.91813 -0.628129 0)
(-0.858328 -0.605711 0)
(-0.737741 -0.533434 0)
(-0.818976 0.0215174 0)
(-1.54743 0.143967 0)
(-1.71734 -0.132633 0)
(-1.35952 -0.120761 0)
(-0.945501 -0.453822 0)
(-0.568243 -0.989149 0)
(-0.358422 -1.36613 0)
(-0.123946 -1.5879 0)
(-0.572358 -0.749911 0)
(-0.605685 -0.95108 0)
(-0.487738 -0.996341 0)
(-0.401711 -0.742228 0)
(-0.333767 -0.619817 0)
(-0.322876 -0.570833 0)
(-0.444835 -0.307977 0)
(-0.629035 -0.166066 0)
(-0.806305 -0.383962 0)
(-0.926809 -0.469015 0)
(-1.20841 0.0327356 0)
(-1.44009 0.0384789 0)
(-1.48731 0.0351959 0)
(-1.34624 0.0322048 0)
(-0.965751 -0.569334 0)
(-0.602429 -1.24916 0)
(-0.189461 -1.5015 0)
(-0.158232 -1.61606 0)
(-0.0231324 -1.82636 0)
(0.421387 -0.501214 0)
(0.163478 -0.824106 0)
(-0.0391841 -0.976406 0)
(-0.100035 -0.932454 0)
(0.00572492 -0.620919 0)
(0.0169024 -0.352667 0)
(0.0137848 -0.361909 0)
(-0.0224789 -0.45961 0)
(-0.0919984 -0.178444 0)
(-0.656027 0.0390372 0)
(-0.889863 -0.254283 0)
(-0.889532 -0.179347 0)
(-0.893908 -0.0615239 0)
(-0.703446 -0.419174 0)
(-0.332807 -0.99685 0)
(-0.189696 -1.44746 0)
(0.0114103 -1.60066 0)
(0.00325335 -1.6075 0)
(0.0400989 -1.8412 0)
(1.09988 -0.355341 0)
(0.836308 -0.546158 0)
(0.548875 -0.688061 0)
(0.32719 -0.734994 0)
(0.181058 -0.693185 0)
(0.209115 -0.498736 0)
(0.240621 -0.332074 0)
(0.233205 -0.297751 0)
(0.240269 -0.249352 0)
(0.341063 -0.145256 0)
(0.586471 0.0525532 0)
(0.269669 0.0114868 0)
(0.0122299 -0.115184 0)
(-0.0298969 -0.44232 0)
(0.0812443 -0.991298 0)
(0.174132 -1.4311 0)
(0.167791 -1.63052 0)
(0.111558 -1.57172 0)
(0.0890542 -1.74272 0)
(1.29119 -0.184193 0)
(1.05929 -0.346963 0)
(0.785272 -0.574526 0)
(0.585584 -0.649562 0)
(0.417278 -0.530074 0)
(0.342582 -0.436934 0)
(0.293896 -0.351863 0)
(0.318799 -0.300749 0)
(0.214122 -0.252254 0)
(0.153666 -0.244154 0)
(0.344629 -0.0190122 0)
(0.331376 0.285382 0)
(0.242395 0.154554 0)
(0.258367 -0.409791 0)
(0.428719 -1.07835 0)
(0.457876 -1.48922 0)
(0.356376 -1.53367 0)
(0.17032 -1.48636 0)
(0.0452984 -1.64337 0)
(1.28026 -0.0248345 0)
(1.12238 -0.143334 0)
(0.905096 -0.321659 0)
(0.671525 -0.428804 0)
(0.506021 -0.454757 0)
(0.438028 -0.35845 0)
(0.349876 -0.301399 0)
(0.340396 -0.186148 0)
(0.189367 -0.127483 0)
(0.0517623 -0.238955 0)
(-0.000908242 -0.088549 0)
(0.30448 0.125642 0)
(0.402994 -0.0183107 0)
(0.679116 -0.560695 0)
(0.755421 -1.12665 0)
(0.654381 -1.40177 0)
(0.515081 -1.39296 0)
(0.262737 -1.29568 0)
(0.131169 -1.52563 0)
(1.11355 0.0495465 0)
(1.01473 0.0224394 0)
(0.873836 -0.176289 0)
(0.708974 -0.307693 0)
(0.575794 -0.332663 0)
(0.472188 -0.303964 0)
(0.448617 -0.259047 0)
(0.432858 -0.191097 0)
(0.464432 -0.0376082 0)
(0.478704 -0.0860962 0)
(0.386359 -0.229061 0)
(0.48623 -0.17574 0)
(0.653144 -0.272737 0)
(0.878546 -0.651699 0)
(0.889896 -1.04857 0)
(0.718997 -1.23795 0)
(0.538953 -1.22573 0)
(0.296833 -1.13642 0)
(0.186623 -1.28255 0)
(0.769026 0.102471 0)
(0.757523 0.070063 0)
(0.713772 -0.0812689 0)
(0.642862 -0.216362 0)
(0.557054 -0.250482 0)
(0.500831 -0.252523 0)
(0.476577 -0.2309 0)
(0.478489 -0.203572 0)
(0.517792 -0.179099 0)
(0.634584 -0.134368 0)
(0.735347 -0.11197 0)
(0.772188 -0.171901 0)
(0.873089 -0.30701 0)
(0.943981 -0.650931 0)
(0.914173 -0.959658 0)
(0.691389 -1.10891 0)
(0.500916 -1.06302 0)
(0.235647 -0.972433 0)
(0.0763237 -1.12801 0)
(0.572079 0.102587 0)
(0.599888 0.0583492 0)
(0.615082 -0.0721835 0)
(0.585509 -0.154168 0)
(0.536527 -0.203874 0)
(0.502925 -0.225367 0)
(0.485878 -0.217517 0)
(0.491365 -0.217406 0)
(0.512239 -0.221022 0)
(0.554089 -0.253379 0)
(0.641605 -0.286654 0)
(0.719843 -0.339175 0)
(0.819894 -0.452199 0)
(0.833414 -0.666022 0)
(0.747103 -0.80415 0)
(0.580042 -0.908837 0)
(0.392394 -0.870406 0)
(0.184782 -0.791514 0)
(0.044249 -1.01274 0)
(0.478232 0.062677 0)
(0.522346 0.00960336 0)
(0.540081 -0.064515 0)
(0.528925 -0.131918 0)
(0.506076 -0.180488 0)
(0.482945 -0.203611 0)
(0.478865 -0.218152 0)
(0.484318 -0.230924 0)
(0.506087 -0.241321 0)
(0.538105 -0.283913 0)
(0.565458 -0.315114 0)
(0.65003 -0.36326 0)
(0.659738 -0.46235 0)
(0.670054 -0.615803 0)
(0.614728 -0.758825 0)
(0.494666 -0.812912 0)
(0.315798 -0.740201 0)
(0.157332 -0.690329 0)
(0.0442003 -0.945956 0)
(0.436837 0.0264639 0)
(0.474026 -0.0174023 0)
(0.481393 -0.0697043 0)
(0.486259 -0.119455 0)
(0.472339 -0.162085 0)
(0.459824 -0.199094 0)
(0.462592 -0.214748 0)
(0.460016 -0.245427 0)
(0.486167 -0.261178 0)
(0.506366 -0.302079 0)
(0.517485 -0.373704 0)
(0.5576 -0.412235 0)
(0.571122 -0.492011 0)
(0.615381 -0.582549 0)
(0.589972 -0.648882 0)
(0.523615 -0.644893 0)
(0.360848 -0.556232 0)
(0.173621 -0.554496 0)
(0.0731941 -0.835305 0)
(0.411539 0.00193334 0)
(0.435966 -0.0352331 0)
(0.437878 -0.0763468 0)
(0.444014 -0.114968 0)
(0.440648 -0.156735 0)
(0.431269 -0.195746 0)
(0.43826 -0.21538 0)
(0.431041 -0.248183 0)
(0.446027 -0.294485 0)
(0.473954 -0.316898 0)
(0.477916 -0.370791 0)
(0.476337 -0.421088 0)
(0.503398 -0.511449 0)
(0.540906 -0.611087 0)
(0.511964 -0.623969 0)
(0.479939 -0.581409 0)
(0.359188 -0.45936 0)
(0.15743 -0.43856 0)
(0.04006 -0.719236 0)
(0.387362 -0.013548 0)
(0.404029 -0.044408 0)
(0.400695 -0.0807179 0)
(0.411606 -0.115554 0)
(0.406971 -0.155108 0)
(0.404744 -0.194018 0)
(0.406155 -0.215406 0)
(0.404264 -0.255625 0)
(0.417034 -0.300096 0)
(0.413478 -0.332318 0)
(0.442336 -0.372907 0)
(0.421631 -0.435872 0)
(0.462729 -0.556398 0)
(0.47219 -0.597582 0)
(0.452996 -0.576725 0)
(0.404365 -0.478173 0)
(0.214208 -0.281296 0)
(0.0831683 -0.296826 0)
(0.025077 -0.656915 0)
(0.360786 -0.0220046 0)
(0.373104 -0.0497668 0)
(0.368496 -0.0837322 0)
(0.380176 -0.117465 0)
(0.374822 -0.152675 0)
(0.374176 -0.192304 0)
(0.373739 -0.215989 0)
(0.375494 -0.260315 0)
(0.371236 -0.30323 0)
(0.381877 -0.340414 0)
(0.372787 -0.372708 0)
(0.388414 -0.451947 0)
(0.399806 -0.580636 0)
(0.386501 -0.587225 0)
(0.354673 -0.540418 0)
(0.283369 -0.366236 0)
(0.0650158 -0.163528 0)
(0.0335849 -0.263885 0)
(0.01666 -0.633416 0)
(0.334978 -0.0271884 0)
(0.341815 -0.0542069 0)
(0.34201 -0.0863965 0)
(0.34615 -0.119752 0)
(0.346078 -0.151642 0)
(0.344007 -0.190747 0)
(0.339873 -0.217997 0)
(0.346264 -0.255322 0)
(0.330297 -0.305315 0)
(0.33409 -0.332151 0)
(0.329056 -0.373949 0)
(0.336861 -0.473343 0)
(0.300047 -0.553857 0)
(0.2577 -0.561272 0)
(0.212569 -0.464085 0)
(0.0857725 -0.213042 0)
(-0.00158544 -0.0816993 0)
(0.0187829 -0.271025 0)
(0.0291201 -0.604214 0)
(0.309277 -0.0302965 0)
(0.313727 -0.0577492 0)
(0.314525 -0.0878324 0)
(0.316814 -0.120029 0)
(0.315334 -0.15172 0)
(0.315102 -0.185653 0)
(0.306674 -0.219216 0)
(0.313074 -0.251778 0)
(0.296536 -0.295394 0)
(0.289212 -0.330159 0)
(0.294077 -0.373423 0)
(0.265329 -0.434887 0)
(0.210793 -0.509366 0)
(0.141148 -0.50141 0)
(0.0809149 -0.348186 0)
(-0.00893456 -0.152372 0)
(-0.00263052 -0.0888623 0)
(0.0453407 -0.291575 0)
(0.0377401 -0.586125 0)
(0.283922 -0.0328024 0)
(0.287113 -0.06005 0)
(0.287324 -0.0891683 0)
(0.288855 -0.119465 0)
(0.285973 -0.151093 0)
(0.28576 -0.181524 0)
(0.278398 -0.217496 0)
(0.275495 -0.245652 0)
(0.269751 -0.285769 0)
(0.250392 -0.324241 0)
(0.24696 -0.355079 0)
(0.216835 -0.399619 0)
(0.17204 -0.450473 0)
(0.0871478 -0.435058 0)
(0.0450326 -0.29651 0)
(-0.0148666 -0.142525 0)
(0.0465791 -0.133493 0)
(0.0752496 -0.295981 0)
(0.0596728 -0.514575 0)
(0.259376 -0.0346237 0)
(0.261445 -0.061469 0)
(0.261353 -0.0894328 0)
(0.261159 -0.118613 0)
(0.259349 -0.14869 0)
(0.25512 -0.179003 0)
(0.252661 -0.210403 0)
(0.241499 -0.243182 0)
(0.240789 -0.274507 0)
(0.222525 -0.306639 0)
(0.20859 -0.342591 0)
(0.191297 -0.373145 0)
(0.156356 -0.396019 0)
(0.0834297 -0.38127 0)
(0.0520978 -0.259861 0)
(0.0230858 -0.160721 0)
(0.0867602 -0.174024 0)
(0.0880441 -0.284322 0)
(0.0480203 -0.46277 0)
(0.235443 -0.0358722 0)
(0.236707 -0.0620513 0)
(0.236127 -0.0890623 0)
(0.235076 -0.11712 0)
(0.232549 -0.145857 0)
(0.228363 -0.174979 0)
(0.22365 -0.205616 0)
(0.215739 -0.234438 0)
(0.208633 -0.268136 0)
(0.196567 -0.294765 0)
(0.185999 -0.326137 0)
(0.168177 -0.353259 0)
(0.153386 -0.360555 0)
(0.106476 -0.339638 0)
(0.088648 -0.242711 0)
(0.0770612 -0.179661 0)
(0.0970347 -0.184197 0)
(0.0796187 -0.262645 0)
(0.0551906 -0.401186 0)
(0.21232 -0.0365802 0)
(0.212832 -0.0619649 0)
(0.211764 -0.0880374 0)
(0.20999 -0.115025 0)
(0.20701 -0.142533 0)
(0.202056 -0.170561 0)
(0.197451 -0.199585 0)
(0.187871 -0.228122 0)
(0.18281 -0.259046 0)
(0.169216 -0.284425 0)
(0.161354 -0.32063 0)
(0.153158 -0.345915 0)
(0.153109 -0.347764 0)
(0.133504 -0.319958 0)
(0.120424 -0.234698 0)
(0.0952173 -0.175544 0)
(0.0928328 -0.178118 0)
(0.061446 -0.248182 0)
(0.0496461 -0.353229 0)
(0.189947 -0.0367761 0)
(0.189831 -0.0613807 0)
(0.188309 -0.0864988 0)
(0.185966 -0.112424 0)
(0.182317 -0.138784 0)
(0.177278 -0.165732 0)
(0.171346 -0.193375 0)
(0.1625 -0.220665 0)
(0.155852 -0.25168 0)
(0.14477 -0.276485 0)
(0.137438 -0.31249 0)
(0.13333 -0.347795 0)
(0.145428 -0.345189 0)
(0.13415 -0.310487 0)
(0.124412 -0.214495 0)
(0.0944511 -0.157248 0)
(0.0675533 -0.152286 0)
(0.0458837 -0.229279 0)
(0.0474213 -0.308048 0)
(0.16834 -0.0365385 0)
(0.167652 -0.0603056 0)
(0.165727 -0.0845382 0)
(0.162815 -0.109426 0)
(0.158839 -0.134681 0)
(0.153207 -0.160458 0)
(0.146562 -0.186657 0)
(0.138154 -0.2136 0)
(0.128088 -0.242702 0)
(0.118236 -0.267934 0)
(0.107813 -0.3086 0)
(0.1017 -0.353645 0)
(0.108629 -0.35246 0)
(0.0945307 -0.299902 0)
(0.0901343 -0.195008 0)
(0.0501537 -0.126591 0)
(0.0295729 -0.128885 0)
(0.0345328 -0.229264 0)
(0.0436858 -0.262071 0)
(0.147444 -0.0358778 0)
(0.146295 -0.0588647 0)
(0.14399 -0.082222 0)
(0.140719 -0.10614 0)
(0.136252 -0.130232 0)
(0.130387 -0.154812 0)
(0.123213 -0.17966 0)
(0.11391 -0.204623 0)
(0.102582 -0.232254 0)
(0.0889344 -0.25813 0)
(0.0759419 -0.294679 0)
(0.0429073 -0.343927 0)
(0.0177152 -0.343421 0)
(-0.0262522 -0.279514 0)
(-0.0150889 -0.17399 0)
(-0.0535552 -0.110757 0)
(0.0028541 -0.136028 0)
(0.0153736 -0.249398 0)
(0.0283678 -0.24098 0)
(0.127258 -0.034819 0)
(0.125655 -0.0570572 0)
(0.123053 -0.0796071 0)
(0.119509 -0.102543 0)
(0.114838 -0.125617 0)
(0.108815 -0.148734 0)
(0.101256 -0.172316 0)
(0.0913243 -0.194876 0)
(0.0794394 -0.220836 0)
(0.0603919 -0.241366 0)
(0.0398213 -0.272881 0)
(-0.00909955 -0.299395 0)
(-0.0492559 -0.30144 0)
(-0.0901369 -0.252764 0)
(-0.0737011 -0.161024 0)
(-0.0891017 -0.128047 0)
(0.0136381 -0.193733 0)
(0.00464897 -0.253248 0)
(0.0198358 -0.22074 0)
(0.107715 -0.0334373 0)
(0.105766 -0.0549781 0)
(0.102923 -0.0767815 0)
(0.0991965 -0.0988225 0)
(0.094513 -0.120875 0)
(0.0884838 -0.142786 0)
(0.0814589 -0.164726 0)
(0.0709366 -0.185117 0)
(0.0614641 -0.206534 0)
(0.0400903 -0.222344 0)
(0.0196536 -0.23872 0)
(-0.0192748 -0.257357 0)
(-0.0586585 -0.264785 0)
(-0.0935407 -0.244251 0)
(-0.0719762 -0.183764 0)
(-0.0597741 -0.184832 0)
(0.0282347 -0.231711 0)
(-0.00892881 -0.245842 0)
(0.0146662 -0.218989 0)
(0.088742 -0.0316913 0)
(0.0864604 -0.052637 0)
(0.0834601 -0.0737762 0)
(0.0796665 -0.0950352 0)
(0.075137 -0.116173 0)
(0.0692763 -0.13696 0)
(0.063091 -0.157349 0)
(0.0528719 -0.175628 0)
(0.0448444 -0.193605 0)
(0.0245803 -0.203663 0)
(0.0165917 -0.217903 0)
(-0.00685335 -0.230179 0)
(-0.0336483 -0.235667 0)
(-0.06079 -0.242389 0)
(-0.0214561 -0.210361 0)
(0.00133365 -0.221431 0)
(0.0347853 -0.236082 0)
(-0.00590349 -0.23892 0)
(0.0178909 -0.214851 0)
(0.0703164 -0.0297305 0)
(0.067751 -0.0501799 0)
(0.0646212 -0.0707734 0)
(0.0608891 -0.0914545 0)
(0.0566214 -0.111838 0)
(0.0512192 -0.13163 0)
(0.0458415 -0.15052 0)
(0.0356371 -0.166351 0)
(0.0302034 -0.182072 0)
(0.018402 -0.195658 0)
(0.0205583 -0.207644 0)
(0.0037022 -0.221677 0)
(0.0190339 -0.223561 0)
(0.00143878 -0.255769 0)
(0.0320008 -0.242164 0)
(0.0326209 -0.229999 0)
(0.0479201 -0.227897 0)
(0.00550316 -0.231672 0)
(0.0242797 -0.208964 0)
(0.0522712 -0.027218 0)
(0.049384 -0.047331 0)
(0.0461285 -0.0675931 0)
(0.0424762 -0.0877458 0)
(0.0384104 -0.107416 0)
(0.0332695 -0.126095 0)
(0.0285099 -0.143912 0)
(0.0224512 -0.160816 0)
(0.0253971 -0.178482 0)
(0.0183031 -0.19375 0)
(0.0286952 -0.20372 0)
(0.0214826 -0.227294 0)
(0.0533463 -0.229783 0)
(0.0477672 -0.250212 0)
(0.0560474 -0.242059 0)
(0.0466985 -0.232825 0)
(0.0598421 -0.21939 0)
(0.023349 -0.214186 0)
(0.0294748 -0.189597 0)
(0.0345938 -0.0250847 0)
(0.0313735 -0.0448741 0)
(0.0280176 -0.0646359 0)
(0.0242311 -0.0841472 0)
(0.0206138 -0.103507 0)
(0.0179824 -0.122708 0)
(0.0196871 -0.142046 0)
(0.0198032 -0.160475 0)
(0.0276155 -0.177761 0)
(0.025716 -0.196749 0)
(0.0486292 -0.208852 0)
(0.0475844 -0.240256 0)
(0.0657576 -0.243456 0)
(0.0574241 -0.251284 0)
(0.0625343 -0.241899 0)
(0.0500004 -0.232187 0)
(0.0601269 -0.212569 0)
(0.0230478 -0.203285 0)
(0.0267631 -0.166368 0)
(0.0183966 -0.0200756 0)
(0.0141249 -0.0401526 0)
(0.0106805 -0.0607913 0)
(0.00917473 -0.0819654 0)
(0.0101992 -0.103476 0)
(0.0123994 -0.125249 0)
(0.0181747 -0.1469 0)
(0.0215968 -0.169737 0)
(0.0369553 -0.188558 0)
(0.0376817 -0.215174 0)
(0.0619975 -0.225768 0)
(0.054902 -0.245197 0)
(0.0677171 -0.245568 0)
(0.0578643 -0.246505 0)
(0.0619712 -0.234554 0)
(0.0434442 -0.222425 0)
(0.0470336 -0.190607 0)
(0.00619528 -0.177744 0)
(0.0197575 -0.146025 0)
(-0.000269096 -0.0195762 0)
(0.000490483 -0.0405219 0)
(0.00221068 -0.0624096 0)
(0.00476848 -0.0850796 0)
(0.00860526 -0.108175 0)
(0.0130396 -0.131848 0)
(0.0209524 -0.154718 0)
(0.025576 -0.179692 0)
(0.0412656 -0.198641 0)
(0.0407514 -0.223154 0)
(0.0620197 -0.233238 0)
(0.055042 -0.246182 0)
(0.0669275 -0.244981 0)
(0.0560329 -0.241454 0)
(0.0590344 -0.226173 0)
(0.0368925 -0.211348 0)
(0.0424131 -0.176234 0)
(0.00480748 -0.164942 0)
(0.0215333 -0.13212 0)
)
;

boundaryField
{
    leftWall
    {
        type            calculated;
        value           uniform (0 0 0);
    }
    rightWall
    {
        type            calculated;
        value           uniform (0 0 0);
    }
    lowerWall
    {
        type            calculated;
        value           uniform (0 0 0);
    }
    atmosphere
    {
        type            calculated;
        value           nonuniform List<vector> 
46
(
(0.000660663 0.218895 0)
(6.55689e-05 0.21886 0)
(-0.00183111 0.216953 0)
(-0.00322561 0.214075 0)
(-0.00478458 0.210459 0)
(-0.00592542 0.205954 0)
(-0.00689364 0.200678 0)
(-0.00762503 0.194591 0)
(-0.00813906 0.187711 0)
(-0.00846071 0.18006 0)
(-0.0085688 0.171678 0)
(-0.00846228 0.162615 0)
(-0.00813531 0.152904 0)
(-0.00760994 0.142547 0)
(-0.00690073 0.131576 0)
(-0.00603193 0.120053 0)
(-0.00505695 0.108003 0)
(-0.0039881 0.0954776 0)
(-0.00289003 0.0825537 0)
(-0.00185603 0.069278 0)
(-0.000914396 0.0557708 0)
(-0.000202859 0.0421046 0)
(0.000240826 0.0281572 0)
(2.53082e-05 0.0172578 0)
(7.88666e-06 0.00999621 0)
(-0.000146445 0.00238088 0)
(-0.000297885 -0.0056421 0)
(-0.000269096 -0.0195964 0)
(0.000490483 -0.0405492 0)
(0.00221068 -0.0624422 0)
(0.00476848 -0.0851189 0)
(0.00860526 -0.108224 0)
(0.0130396 -0.131913 0)
(0.0209524 -0.154797 0)
(0.025576 -0.179794 0)
(0.0412656 -0.198741 0)
(0.0407514 -0.223252 0)
(0.0620197 -0.233309 0)
(0.055042 -0.24617 0)
(0.0669275 -0.244934 0)
(0.0560329 -0.241373 0)
(0.0590344 -0.22605 0)
(0.0368925 -0.211204 0)
(0.0424131 -0.176047 0)
(0.00480747 -0.164776 0)
(0.0215333 -0.131981 0)
)
;
    }
    defaultFaces
    {
        type            empty;
    }
}


// ************************************************************************* //
