/*--------------------------------*- C++ -*----------------------------------*\
| =========                 |                                                 |
| \\      /  F ield         | OpenFOAM: The Open Source CFD Toolbox           |
|  \\    /   O peration     | Version:  2.4.0                                 |
|   \\  /    A nd           | Web:      www.OpenFOAM.org                      |
|    \\/     M anipulation  |                                                 |
\*---------------------------------------------------------------------------*/
FoamFile
{
    version     2.0;
    format      ascii;
    class       surfaceScalarField;
    location    "0.1";
    object      phi;
}
// * * * * * * * * * * * * * * * * * * * * * * * * * * * * * * * * * * * * * //

dimensions      [0 3 -1 0 0 0 0];

internalField   nonuniform List<scalar> 
4432
(
2.213e-06
-2.213e-06
4.4896e-06
-2.2766e-06
6.89664e-06
-2.40704e-06
9.50911e-06
-2.61247e-06
1.24138e-05
-2.90464e-06
1.57253e-05
-3.31157e-06
1.95572e-05
-3.83185e-06
2.41145e-05
-4.55738e-06
2.94804e-05
-5.36588e-06
3.66959e-05
-7.2155e-06
4.3193e-05
-6.49706e-06
5.39184e-05
-1.07255e-05
6.87622e-05
-1.48437e-05
8.4217e-05
-1.54548e-05
9.56568e-05
-1.14398e-05
0.000100689
-5.03237e-06
0.000102104
-1.41475e-06
0.000103102
-9.98335e-07
0.000105914
-2.81235e-06
8.90079e-05
1.69065e-05
5.18738e-05
3.7134e-05
2.34983e-05
2.83755e-05
2.34984e-05
2.19954e-06
-4.41254e-06
4.46194e-06
-4.539e-06
6.85303e-06
-4.79813e-06
9.44654e-06
-5.20599e-06
1.23277e-05
-5.78584e-06
1.56108e-05
-6.59466e-06
1.94028e-05
-7.62386e-06
2.39277e-05
-9.08222e-06
2.93134e-05
-1.07516e-05
3.61651e-05
-1.40672e-05
4.32562e-05
-1.35882e-05
5.42018e-05
-2.1671e-05
6.8132e-05
-2.8774e-05
8.21339e-05
-2.94568e-05
9.37183e-05
-2.30241e-05
0.000100727
-1.20408e-05
0.000103442
-4.12985e-06
0.000106132
-3.6892e-06
8.52219e-05
1.80985e-05
5.81814e-05
4.39471e-05
4.08538e-05
5.44616e-05
2.13254e-05
4.79039e-05
4.4824e-05
2.17126e-06
-6.5838e-06
4.40375e-06
-6.77149e-06
6.7615e-06
-7.15588e-06
9.31553e-06
-7.76001e-06
1.21485e-05
-8.61879e-06
1.53706e-05
-9.81676e-06
1.9089e-05
-1.13423e-05
2.35259e-05
-1.35191e-05
2.88739e-05
-1.60996e-05
3.53176e-05
-2.05109e-05
4.27755e-05
-2.10462e-05
5.37446e-05
-3.26401e-05
6.71683e-05
-4.21977e-05
7.97516e-05
-4.20401e-05
8.94196e-05
-3.26922e-05
9.55299e-05
-1.8151e-05
0.000102429
-1.10297e-05
8.93536e-05
9.38688e-06
6.50589e-05
4.23933e-05
4.69283e-05
6.20777e-05
3.59883e-05
6.54016e-05
2.04999e-05
6.33924e-05
6.53238e-05
2.12934e-06
-8.71314e-06
4.31756e-06
-8.95971e-06
6.62609e-06
-9.46441e-06
9.12177e-06
-1.02557e-05
1.18834e-05
-1.13804e-05
1.50137e-05
-1.29471e-05
1.86254e-05
-1.4954e-05
2.29206e-05
-1.78143e-05
2.80902e-05
-2.12692e-05
3.42813e-05
-2.67019e-05
4.18689e-05
-2.86338e-05
5.27381e-05
-4.35093e-05
6.50829e-05
-5.45424e-05
7.60613e-05
-5.30184e-05
8.4752e-05
-4.13829e-05
9.44683e-05
-2.78673e-05
8.82687e-05
-4.83009e-06
6.89293e-05
2.87265e-05
5.12644e-05
6.00582e-05
4.28539e-05
7.04883e-05
3.47833e-05
7.34723e-05
2.03768e-05
7.77989e-05
8.57006e-05
2.07428e-06
-1.07874e-05
4.20446e-06
-1.10899e-05
6.44878e-06
-1.17087e-05
8.86827e-06
-1.26752e-05
1.15361e-05
-1.40482e-05
1.45466e-05
-1.59576e-05
1.80145e-05
-1.84219e-05
2.21147e-05
-2.19145e-05
2.70146e-05
-2.61692e-05
3.28404e-05
-3.25277e-05
4.05406e-05
-3.6334e-05
5.11577e-05
-5.41263e-05
6.21988e-05
-6.55835e-05
7.1139e-05
-6.19586e-05
7.9852e-05
-5.00959e-05
8.25716e-05
-3.0587e-05
7.00233e-05
7.71839e-06
5.19605e-05
4.67893e-05
4.47217e-05
6.7297e-05
4.14279e-05
7.37821e-05
3.55291e-05
7.9371e-05
2.27334e-05
9.05946e-05
0.000108434
2.00666e-06
-1.27941e-05
4.06572e-06
-1.3149e-05
6.232e-06
-1.3875e-05
8.5589e-06
-1.5002e-05
1.11116e-05
-1.66008e-05
1.39771e-05
-1.88231e-05
1.7263e-05
-2.17079e-05
2.11244e-05
-2.57759e-05
2.56644e-05
-3.07092e-05
3.11284e-05
-3.79917e-05
3.86717e-05
-4.38773e-05
4.84953e-05
-6.395e-05
5.79327e-05
-7.50208e-05
6.48989e-05
-6.89248e-05
7.45077e-05
-5.97047e-05
6.69574e-05
-2.30367e-05
5.13286e-05
2.33472e-05
4.18768e-05
5.6241e-05
4.12565e-05
6.79173e-05
4.11864e-05
7.38523e-05
3.77327e-05
8.28247e-05
2.63457e-05
0.000101982
0.00013478
1.92661e-06
-1.47207e-05
3.90144e-06
-1.51238e-05
5.97608e-06
-1.59496e-05
8.19481e-06
-1.72208e-05
1.06129e-05
-1.90189e-05
1.33107e-05
-2.1521e-05
1.63783e-05
-2.47754e-05
1.99548e-05
-2.93523e-05
2.40816e-05
-3.4836e-05
2.91275e-05
-4.30377e-05
3.61027e-05
-5.08525e-05
4.45163e-05
-7.23636e-05
5.22253e-05
-8.27298e-05
6.28563e-05
-7.95558e-05
6.26877e-05
-5.95361e-05
5.02776e-05
-1.06265e-05
3.77468e-05
3.58781e-05
3.67677e-05
5.72202e-05
4.00994e-05
6.45856e-05
4.30581e-05
7.08936e-05
4.12443e-05
8.46384e-05
3.35587e-05
0.000109667
0.000168338
1.8295e-06
-1.65502e-05
3.70179e-06
-1.69961e-05
5.66606e-06
-1.79139e-05
7.75687e-06
-1.93116e-05
1.00233e-05
-2.12854e-05
1.25321e-05
-2.40298e-05
1.53429e-05
-2.75862e-05
1.85833e-05
-3.25927e-05
2.23048e-05
-3.85576e-05
2.68063e-05
-4.75392e-05
3.29693e-05
-5.70155e-05
3.9456e-05
-7.88503e-05
4.59859e-05
-8.92596e-05
5.74178e-05
-9.09876e-05
4.93025e-05
-5.14208e-05
3.47432e-05
3.93281e-06
2.99948e-05
4.06265e-05
3.45394e-05
5.26755e-05
4.04078e-05
5.87173e-05
4.61764e-05
6.5125e-05
4.73931e-05
8.34216e-05
4.39638e-05
0.000113097
0.000212302
-1.08435e-05
1.08433e-05
-1.44685e-05
3.62462e-06
-1.09026e-05
-3.56636e-06
-4.52525e-06
-6.37747e-06
4.68186e-06
-9.20613e-06
2.24423e-05
-1.77597e-05
4.20309e-05
-1.95891e-05
5.29179e-05
-1.08877e-05
5.35371e-05
-6.19373e-07
4.93455e-05
4.19157e-06
4.2689e-05
6.65655e-06
3.57358e-05
6.95317e-06
2.93472e-05
6.38865e-06
2.35654e-05
5.78174e-06
1.8288e-05
5.27735e-06
1.33955e-05
4.89249e-06
8.77789e-06
4.61764e-06
4.33811e-06
4.43977e-06
4.33807e-06
-1.21576e-05
2.30006e-05
-1.59523e-05
7.41913e-06
-1.13319e-05
-8.18708e-06
-4.36017e-06
-1.33498e-05
4.95104e-06
-1.85172e-05
2.35705e-05
-3.63791e-05
4.52204e-05
-4.12388e-05
5.66225e-05
-2.22895e-05
5.68366e-05
-8.33242e-07
5.17582e-05
9.27019e-06
4.42758e-05
1.41392e-05
3.69358e-05
1.42933e-05
3.03147e-05
1.30099e-05
2.43472e-05
1.17493e-05
1.89008e-05
1.07238e-05
1.38482e-05
9.94518e-06
9.07598e-06
9.38995e-06
4.48111e-06
9.03474e-06
8.81933e-06
-1.45297e-05
3.75302e-05
-1.89652e-05
1.18545e-05
-1.18747e-05
-1.52776e-05
-3.12512e-06
-2.20991e-05
7.4839e-06
-2.91258e-05
2.73531e-05
-5.62481e-05
5.23485e-05
-6.62347e-05
6.50052e-05
-3.49468e-05
6.25519e-05
1.61976e-06
5.34809e-05
1.8341e-05
4.44804e-05
2.31397e-05
3.68167e-05
2.19569e-05
3.01582e-05
1.96684e-05
2.42135e-05
1.7694e-05
1.87982e-05
1.61391e-05
1.37749e-05
1.49685e-05
9.0288e-06
1.4136e-05
4.45864e-06
1.36049e-05
1.32779e-05
-1.89203e-05
5.64504e-05
-2.17875e-05
1.47217e-05
-7.20123e-06
-2.98637e-05
1.01818e-05
-3.94817e-05
2.68952e-05
-4.58383e-05
5.10542e-05
-8.04074e-05
7.86136e-05
-9.37944e-05
8.16935e-05
-3.8027e-05
6.70218e-05
1.62912e-05
5.36295e-05
3.17332e-05
4.40168e-05
3.27524e-05
3.63976e-05
2.95761e-05
2.98113e-05
2.62548e-05
2.39384e-05
2.35669e-05
1.85903e-05
2.14873e-05
1.36267e-05
1.99322e-05
8.93383e-06
1.8829e-05
4.41275e-06
1.81261e-05
1.76908e-05
-2.11104e-05
7.75605e-05
-1.11446e-05
4.75589e-06
2.43802e-05
-6.5388e-05
5.98047e-05
-7.49058e-05
9.06984e-05
-7.67324e-05
0.000119953
-0.000109662
0.000125166
-9.90081e-05
9.31693e-05
-6.03128e-06
6.73971e-05
4.20631e-05
5.2738e-05
4.63922e-05
4.32785e-05
4.22118e-05
3.57969e-05
3.70577e-05
2.93309e-05
3.27208e-05
2.35653e-05
2.93324e-05
1.83106e-05
2.67419e-05
1.3428e-05
2.48148e-05
8.80664e-06
2.34503e-05
4.35095e-06
2.25817e-05
2.20416e-05
1.29434e-06
7.62663e-05
5.15404e-05
-4.54901e-05
8.51648e-05
-9.90121e-05
0.000109325
-9.90647e-05
0.000137247
-0.000104654
0.000153141
-0.000125557
0.000134986
-8.08548e-05
8.88367e-05
4.01162e-05
6.4508e-05
6.63912e-05
5.12541e-05
5.96457e-05
4.22859e-05
5.11799e-05
3.50203e-05
4.43233e-05
2.87242e-05
3.90169e-05
2.31001e-05
3.49565e-05
1.79639e-05
3.18781e-05
1.31823e-05
2.95964e-05
8.64944e-06
2.79832e-05
4.27448e-06
2.69567e-05
2.63162e-05
4.16693e-05
3.45968e-05
7.98549e-05
-8.36759e-05
8.66467e-05
-0.000105804
0.000101459
-0.000113878
0.000126383
-0.000129577
0.000153313
-0.000152484
0.000112788
-4.03318e-05
7.85461e-05
7.43561e-05
6.05929e-05
8.43438e-05
4.94098e-05
7.08284e-05
4.10354e-05
5.95542e-05
3.40718e-05
5.12868e-05
2.7997e-05
4.50917e-05
2.25473e-05
4.04063e-05
1.75534e-05
3.6872e-05
1.28919e-05
3.4258e-05
8.46376e-06
3.24114e-05
4.18402e-06
3.12365e-05
3.05002e-05
9.13288e-05
-5.67318e-05
9.24528e-05
-8.47998e-05
9.55146e-05
-0.000108866
0.000104108
-0.000122471
0.000116485
-0.000141953
0.00013076
-0.000166758
9.40831e-05
-3.65515e-06
7.0088e-05
9.83504e-05
5.66239e-05
9.78075e-05
4.72269e-05
8.02253e-05
3.95421e-05
6.72389e-05
3.29662e-05
5.78626e-05
2.71605e-05
5.08975e-05
2.19153e-05
4.56515e-05
1.70855e-05
4.17017e-05
1.2561e-05
3.87825e-05
8.25237e-06
3.67201e-05
4.08119e-06
3.54077e-05
3.45815e-05
3.50295e-06
-2.00531e-05
7.08912e-06
-2.05822e-05
1.08748e-05
-2.16996e-05
1.48925e-05
-2.33293e-05
1.92178e-05
-2.56106e-05
2.39597e-05
-2.87716e-05
2.90705e-05
-3.2697e-05
3.49568e-05
-3.8479e-05
4.14345e-05
-4.50352e-05
4.92526e-05
-5.53573e-05
5.94845e-05
-6.72474e-05
6.76304e-05
-8.69962e-05
7.97746e-05
-0.000101404
7.46446e-05
-8.58576e-05
5.13358e-05
-2.81121e-05
4.40446e-05
1.1224e-05
5.68394e-05
2.78317e-05
7.41186e-05
3.53964e-05
9.03021e-05
4.25337e-05
0.00011043
4.49976e-05
0.000129813
6.40378e-05
0.000180414
6.24962e-05
0.000106342
0.000286374
3.08316e-06
-2.31363e-05
6.23983e-06
-2.37389e-05
9.59564e-06
-2.50554e-05
1.29461e-05
-2.66797e-05
1.63161e-05
-2.89806e-05
2.01883e-05
-3.26438e-05
2.40596e-05
-3.65683e-05
2.84365e-05
-4.28559e-05
3.29366e-05
-4.95353e-05
3.69578e-05
-5.93786e-05
3.99599e-05
-7.02494e-05
4.93423e-05
-9.63786e-05
5.51093e-05
-0.000107171
3.95161e-05
-7.02643e-05
3.34195e-05
-2.20156e-05
4.4774e-05
-1.30469e-07
6.19318e-05
1.06739e-05
7.99008e-05
1.74275e-05
9.81053e-05
2.43291e-05
0.000119912
2.31905e-05
0.000147205
3.67448e-05
0.000184405
2.52971e-05
5.04514e-05
0.000240295
2.68905e-06
-2.58254e-05
5.42201e-06
-2.64719e-05
8.46467e-06
-2.80981e-05
1.16452e-05
-2.98603e-05
1.41057e-05
-3.14412e-05
1.68639e-05
-3.5402e-05
1.91373e-05
-3.88418e-05
2.12558e-05
-4.49744e-05
2.4978e-05
-5.32574e-05
3.1975e-05
-6.63756e-05
4.48465e-05
-8.31209e-05
5.48008e-05
-0.000106333
5.0585e-05
-0.000102955
4.11054e-05
-6.07847e-05
4.5077e-05
-2.59872e-05
5.65134e-05
-1.15669e-05
7.03761e-05
-3.18881e-06
8.6057e-05
1.74649e-06
0.000103854
6.53214e-06
0.000122827
4.21781e-06
0.000147577
1.19943e-05
0.000169863
3.01141e-06
3.60044e-06
0.000216714
2.90754e-06
-2.87329e-05
4.23813e-06
-2.78025e-05
7.39093e-06
-3.12509e-05
1.10903e-05
-3.35596e-05
1.57145e-05
-3.60654e-05
2.24729e-05
-4.21605e-05
3.11286e-05
-4.74974e-05
4.16362e-05
-5.5482e-05
5.30197e-05
-6.4641e-05
6.29676e-05
-7.63234e-05
6.82643e-05
-8.84177e-05
6.54389e-05
-0.000103507
5.92898e-05
-9.68059e-05
5.77705e-05
-5.92654e-05
5.96523e-05
-2.78689e-05
6.63107e-05
-1.82252e-05
7.67693e-05
-1.36474e-05
9.00032e-05
-1.14874e-05
0.000105993
-9.45766e-06
0.000123392
-1.31811e-05
0.000146697
-1.13105e-05
0.000168232
-1.85236e-05
-2.57299e-05
0.000197562
8.61351e-06
-3.73465e-05
1.84223e-05
-3.76114e-05
2.65751e-05
-3.94038e-05
3.55048e-05
-4.24894e-05
4.35702e-05
-4.41308e-05
5.11532e-05
-4.97436e-05
5.847e-05
-5.48142e-05
6.52994e-05
-6.23114e-05
7.07887e-05
-7.01303e-05
7.46234e-05
-8.01582e-05
7.42409e-05
-8.80352e-05
6.87239e-05
-9.79905e-05
6.43434e-05
-9.24254e-05
6.26568e-05
-5.75789e-05
6.44996e-05
-2.97116e-05
7.03101e-05
-2.40358e-05
7.94215e-05
-2.27588e-05
9.11546e-05
-2.32205e-05
0.000105616
-2.39186e-05
0.000121694
-2.92597e-05
0.000141055
-3.06711e-05
0.000160808
-3.82766e-05
-4.88703e-05
0.000183948
7.07611e-06
-4.44227e-05
1.45658e-05
-4.51011e-05
2.1938e-05
-4.67761e-05
2.88877e-05
-4.94391e-05
3.70225e-05
-5.22656e-05
4.39657e-05
-5.66868e-05
5.07893e-05
-6.16378e-05
5.6307e-05
-6.78291e-05
6.06398e-05
-7.44632e-05
6.23145e-05
-8.18329e-05
6.30218e-05
-8.87425e-05
6.23786e-05
-9.73473e-05
6.0919e-05
-9.09658e-05
6.05755e-05
-5.72355e-05
6.38166e-05
-3.29526e-05
7.00251e-05
-3.02443e-05
7.87396e-05
-3.14733e-05
8.9605e-05
-3.40859e-05
0.000102744
-3.70578e-05
0.000117179
-4.36945e-05
0.000133751
-4.72428e-05
0.000152237
-5.67629e-05
-6.85856e-05
0.000171952
6.53479e-06
-5.09575e-05
1.31724e-05
-5.17387e-05
1.969e-05
-5.32937e-05
2.5819e-05
-5.55681e-05
3.20419e-05
-5.84885e-05
3.77046e-05
-6.23495e-05
4.30335e-05
-6.69667e-05
4.75757e-05
-7.23714e-05
5.15512e-05
-7.84386e-05
5.46376e-05
-8.49194e-05
5.66959e-05
-9.08007e-05
5.77795e-05
-9.8431e-05
5.74364e-05
-9.06227e-05
5.74916e-05
-5.72906e-05
6.15621e-05
-3.70231e-05
6.76404e-05
-3.63226e-05
7.5999e-05
-3.98319e-05
8.60387e-05
-4.41256e-05
9.78946e-05
-4.89138e-05
0.000110784
-5.6584e-05
0.000125533
-6.19919e-05
0.000142054
-7.32833e-05
-8.56703e-05
0.000159138
5.80098e-06
-5.67585e-05
1.15818e-05
-5.75195e-05
1.72354e-05
-5.89473e-05
2.27398e-05
-6.10725e-05
2.82074e-05
-6.39561e-05
3.33517e-05
-6.74939e-05
3.81799e-05
-7.17949e-05
4.24598e-05
-7.66513e-05
4.60509e-05
-8.20298e-05
4.88107e-05
-8.76791e-05
5.10426e-05
-9.30327e-05
5.29039e-05
-0.000100292
5.27949e-05
-9.05137e-05
5.28455e-05
-5.73412e-05
5.73727e-05
-4.15504e-05
6.36081e-05
-4.2558e-05
7.15607e-05
-4.77845e-05
8.08001e-05
-5.33651e-05
9.14464e-05
-5.956e-05
0.000102931
-6.80683e-05
0.000115958
-7.50191e-05
0.000130323
-8.7648e-05
-0.000100787
0.000145439
5.08384e-06
-6.18423e-05
1.01299e-05
-6.25656e-05
1.50927e-05
-6.39101e-05
1.99398e-05
-6.59196e-05
2.45819e-05
-6.85982e-05
2.90078e-05
-7.19198e-05
3.30647e-05
-7.58518e-05
3.67416e-05
-8.03281e-05
3.99668e-05
-8.52551e-05
4.2737e-05
-9.04493e-05
4.53139e-05
-9.56096e-05
4.76395e-05
-0.000102618
4.74235e-05
-9.02977e-05
4.75733e-05
-5.74911e-05
5.2248e-05
-4.62251e-05
5.85447e-05
-4.88548e-05
6.59578e-05
-5.51975e-05
7.43214e-05
-6.17287e-05
8.37677e-05
-6.90064e-05
9.38858e-05
-7.81864e-05
0.000105318
-8.64511e-05
0.000117739
-0.000100069
-0.000113823
0.000130776
4.40741e-06
-6.62497e-05
8.77362e-06
-6.69318e-05
1.30539e-05
-6.81903e-05
1.72143e-05
-7.00801e-05
2.12151e-05
-7.25989e-05
2.50061e-05
-7.57108e-05
2.85447e-05
-7.93904e-05
3.17844e-05
-8.35679e-05
3.47148e-05
-8.81854e-05
3.73886e-05
-9.3123e-05
3.9969e-05
-9.81901e-05
4.23121e-05
-0.000104961
4.1572e-05
-8.95576e-05
4.20134e-05
-5.79324e-05
4.65502e-05
-5.0762e-05
5.26604e-05
-5.49649e-05
5.9418e-05
-6.19551e-05
6.68539e-05
-6.91646e-05
7.50964e-05
-7.72489e-05
8.38716e-05
-8.69616e-05
9.37683e-05
-9.63478e-05
0.000104422
-0.000110723
-0.000124783
0.000115381
3.7706e-06
-7.00203e-05
7.50121e-06
-7.06624e-05
1.11475e-05
-7.18366e-05
1.46816e-05
-7.36142e-05
1.80724e-05
-7.59897e-05
2.12915e-05
-7.893e-05
2.43001e-05
-8.23989e-05
2.70911e-05
-8.6359e-05
2.96709e-05
-9.07651e-05
3.20848e-05
-9.55369e-05
3.45007e-05
-0.000100606
3.67251e-05
-0.000107185
3.52797e-05
-8.81122e-05
3.61275e-05
-5.87802e-05
4.04237e-05
-5.50581e-05
4.6184e-05
-6.07252e-05
5.2187e-05
-6.79581e-05
5.86443e-05
-7.5622e-05
6.56608e-05
-8.42654e-05
7.3063e-05
-9.43638e-05
8.14318e-05
-0.000104717
9.04494e-05
-0.000119741
-0.000134279
9.99456e-05
3.16626e-06
-7.31865e-05
6.29947e-06
-7.37955e-05
9.34304e-06
-7.48802e-05
1.22762e-05
-7.65473e-05
1.50951e-05
-7.88086e-05
1.77706e-05
-8.16055e-05
2.02809e-05
-8.49092e-05
2.26213e-05
-8.86993e-05
2.48109e-05
-9.29547e-05
2.68997e-05
-9.76257e-05
2.90404e-05
-0.000102747
3.09805e-05
-0.000109125
2.86884e-05
-8.582e-05
2.98874e-05
-5.99793e-05
3.40778e-05
-5.92484e-05
3.92687e-05
-6.59161e-05
4.44686e-05
-7.31579e-05
4.99062e-05
-8.10596e-05
5.56606e-05
-9.00198e-05
6.16256e-05
-0.000100329
6.84511e-05
-0.000111542
7.5772e-05
-0.000127062
-0.000141877
8.33705e-05
2.50144e-06
-7.5688e-05
5.00977e-06
-7.63038e-05
7.5124e-06
-7.73827e-05
9.94326e-06
-7.89781e-05
1.22455e-05
-8.11108e-05
1.44121e-05
-8.37721e-05
1.64291e-05
-8.69262e-05
1.82992e-05
-9.05694e-05
2.00424e-05
-9.46979e-05
2.17127e-05
-9.9296e-05
2.3467e-05
-0.000104501
2.49991e-05
-0.000110658
2.18372e-05
-8.26581e-05
2.34675e-05
-6.16095e-05
2.76186e-05
-6.33995e-05
3.21059e-05
-7.04034e-05
3.64694e-05
-7.75213e-05
4.08375e-05
-8.54277e-05
4.52749e-05
-9.44572e-05
4.97365e-05
-0.00010479
5.49012e-05
-0.000116707
5.98433e-05
-0.000132004
-0.000147123
6.50887e-05
1.90636e-06
-7.75943e-05
3.80661e-06
-7.8204e-05
5.73865e-06
-7.93147e-05
7.67136e-06
-8.09108e-05
9.50305e-06
-8.29424e-05
1.11806e-05
-8.54495e-05
1.27105e-05
-8.84561e-05
1.4088e-05
-9.19467e-05
1.53255e-05
-9.59354e-05
1.648e-05
-0.00010045
1.76925e-05
-0.000105714
1.8649e-05
-0.000111614
1.50081e-05
-7.90171e-05
1.70671e-05
-6.36685e-05
2.11497e-05
-6.74822e-05
2.49482e-05
-7.42019e-05
2.84382e-05
-8.10113e-05
3.17058e-05
-8.86952e-05
3.47748e-05
-9.75262e-05
3.77177e-05
-0.000107733
4.11688e-05
-0.000120158
4.32123e-05
-0.000134047
-0.000148853
4.49426e-05
1.52697e-06
-7.91212e-05
2.99591e-06
-7.9673e-05
4.38168e-06
-8.07005e-05
5.70025e-06
-8.22294e-05
6.98386e-06
-8.4226e-05
8.17808e-06
-8.66437e-05
9.23873e-06
-8.95167e-05
1.01365e-05
-9.28444e-05
1.08296e-05
-9.66285e-05
1.1287e-05
-0.000100908
1.14363e-05
-0.000105863
1.0988e-05
-0.000111166
8.25861e-06
-7.62878e-05
1.1067e-05
-6.64769e-05
1.50603e-05
-7.14754e-05
1.82324e-05
-7.7374e-05
2.09026e-05
-8.36814e-05
2.31277e-05
-9.09204e-05
2.47384e-05
-9.91368e-05
2.57683e-05
-0.000108763
2.6591e-05
-0.00012098
2.71199e-05
-0.000134576
-0.000155524
3.37913e-05
1.14577e-06
-8.0267e-05
2.26358e-06
-8.07908e-05
3.28368e-06
-8.17206e-05
4.16904e-06
-8.31147e-05
4.90488e-06
-8.49618e-05
5.54326e-06
-8.72821e-05
6.08071e-06
-9.00542e-05
6.48217e-06
-9.32459e-05
6.63458e-06
-9.67809e-05
6.32652e-06
-0.0001006
4.96149e-06
-0.000104498
9.3757e-07
-0.000107142
1.4507e-06
-7.68009e-05
6.32057e-06
-7.13468e-05
1.0021e-05
-7.51759e-05
1.23422e-05
-7.96951e-05
1.39562e-05
-8.52954e-05
1.49335e-05
-9.18977e-05
1.48283e-05
-9.90316e-05
1.31093e-05
-0.000107044
9.59913e-06
-0.00011747
1.40801e-05
-0.000139057
-0.000170289
2.88445e-05
5.48796e-07
-8.08159e-05
1.04289e-06
-8.12849e-05
1.45985e-06
-8.21376e-05
1.76946e-06
-8.34244e-05
1.95179e-06
-8.51443e-05
1.97719e-06
-8.73076e-05
1.87734e-06
-8.99545e-05
1.79638e-06
-9.31651e-05
1.82448e-06
-9.68092e-05
1.90182e-06
-0.000100677
1.00951e-06
-0.000103606
-2.4021e-06
-0.000103731
-1.75426e-06
-7.74487e-05
2.99754e-06
-7.60986e-05
4.50729e-06
-7.66856e-05
4.45176e-06
-7.96397e-05
4.21027e-06
-8.5054e-05
5.12705e-06
-9.28146e-05
8.4939e-06
-0.000102399
1.50125e-05
-0.000113563
2.48499e-05
-0.000127308
1.75569e-05
-0.000131764
-6.06843e-05
-9.20482e-05
2.16324e-07
-8.1032e-05
3.29028e-07
-8.13975e-05
4.77458e-07
-8.22859e-05
6.57968e-07
-8.36047e-05
8.73929e-07
-8.536e-05
1.17708e-06
-8.76105e-05
1.57759e-06
-9.03546e-05
1.78499e-06
-9.33721e-05
1.18801e-06
-9.62117e-05
-4.56013e-07
-9.90325e-05
-8.71205e-06
-9.5349e-05
-2.11952e-05
-9.12465e-05
-6.46206e-06
-9.21817e-05
-1.44062e-06
-8.11199e-05
3.47795e-07
-7.8474e-05
1.37061e-06
-8.0662e-05
2.15625e-06
-8.58392e-05
1.3063e-06
-9.19642e-05
-3.04478e-06
-9.80473e-05
-1.01597e-05
-0.000106448
-2.88664e-05
-0.000108601
-8.52041e-05
-7.5427e-05
2.15422e-05
-0.000167431
-2.12787e-06
-7.89038e-05
-4.33385e-06
-7.91911e-05
-6.66611e-06
-7.99532e-05
-9.20057e-06
-8.10698e-05
-1.20499e-05
-8.25103e-05
-1.52828e-05
-8.43772e-05
-1.89266e-05
-8.67103e-05
-2.2933e-05
-8.93652e-05
-2.68617e-05
-9.22826e-05
-3.01128e-05
-9.5781e-05
-2.79571e-05
-9.75043e-05
-2.10088e-05
-9.81943e-05
-3.36298e-05
-7.95604e-05
-4.17933e-05
-7.29561e-05
-4.83385e-05
-7.19283e-05
-5.52461e-05
-7.37543e-05
-6.26633e-05
-7.84218e-05
-6.92628e-05
-8.53646e-05
-7.1798e-05
-9.55122e-05
-7.599e-05
-0.000102256
-9.71556e-05
-8.7436e-05
-0.000142119
-3.0464e-05
4.6587e-05
-0.000167164
-2.12053e-06
-7.67831e-05
-3.94502e-06
-7.73665e-05
-5.9372e-06
-7.7961e-05
-8.12466e-06
-7.88823e-05
-1.06041e-05
-8.00308e-05
-1.35538e-05
-8.14275e-05
-1.72601e-05
-8.3004e-05
-2.20386e-05
-8.45868e-05
-2.82803e-05
-8.6041e-05
-3.69404e-05
-8.71211e-05
-4.7511e-05
-8.69339e-05
-6.13385e-05
-8.4367e-05
-6.38075e-05
-7.70915e-05
-6.27967e-05
-7.39668e-05
-6.25221e-05
-7.22031e-05
-6.42007e-05
-7.20757e-05
-6.94352e-05
-7.31873e-05
-7.95886e-05
-7.52114e-05
-9.66383e-05
-7.84626e-05
-0.000121089
-7.78057e-05
-0.0001483
-6.02245e-05
-0.000166
-1.27648e-05
3.47015e-05
-0.000154114
-2.22236e-06
-7.45608e-05
-4.19864e-06
-7.53903e-05
-6.39868e-06
-7.57609e-05
-8.96787e-06
-7.63132e-05
-1.19458e-05
-7.70529e-05
-1.54898e-05
-7.78835e-05
-1.96641e-05
-7.88298e-05
-2.45645e-05
-7.96865e-05
-3.03363e-05
-8.02694e-05
-3.71143e-05
-8.03432e-05
-4.44114e-05
-7.9637e-05
-5.12564e-05
-7.75221e-05
-5.47246e-05
-7.36234e-05
-5.84114e-05
-7.02802e-05
-6.29852e-05
-6.76293e-05
-6.92897e-05
-6.57714e-05
-7.83447e-05
-6.41324e-05
-9.07566e-05
-6.27996e-05
-0.000107333
-6.18863e-05
-0.000126866
-5.82732e-05
-0.000144813
-4.22776e-05
-0.000147941
-9.63667e-06
1.89892e-05
-0.000132229
-2.46466e-06
-7.20961e-05
-4.94366e-06
-7.29113e-05
-7.55662e-06
-7.3148e-05
-1.0362e-05
-7.35078e-05
-1.34751e-05
-7.39398e-05
-1.69646e-05
-7.43941e-05
-2.09723e-05
-7.48223e-05
-2.55564e-05
-7.51026e-05
-3.07345e-05
-7.50914e-05
-3.64387e-05
-7.46392e-05
-4.25901e-05
-7.34857e-05
-4.8844e-05
-7.12683e-05
-5.4138e-05
-6.83295e-05
-5.86987e-05
-6.57196e-05
-6.32549e-05
-6.30733e-05
-6.84708e-05
-6.05556e-05
-7.45075e-05
-5.80958e-05
-8.21737e-05
-5.51334e-05
-9.3672e-05
-5.03882e-05
-0.000109404
-4.2541e-05
-0.000123025
-2.86567e-05
-0.000124088
-8.57387e-06
9.72832e-06
-0.000114827
-2.47981e-06
-6.96164e-05
-5.00639e-06
-7.03848e-05
-7.66314e-06
-7.04913e-05
-1.05196e-05
-7.06514e-05
-1.36481e-05
-7.08114e-05
-1.71011e-05
-7.09411e-05
-2.09548e-05
-7.09687e-05
-2.52498e-05
-7.08077e-05
-2.9989e-05
-7.03522e-05
-3.51345e-05
-6.94939e-05
-4.05298e-05
-6.80905e-05
-4.57096e-05
-6.60886e-05
-5.03253e-05
-6.3714e-05
-5.49583e-05
-6.10867e-05
-5.98919e-05
-5.81398e-05
-6.55948e-05
-5.48528e-05
-7.25719e-05
-5.11188e-05
-8.09268e-05
-4.67786e-05
-8.96522e-05
-4.16627e-05
-9.76378e-05
-3.45555e-05
-0.000103005
-2.32897e-05
-0.000102969
-8.60974e-06
6.43534e-06
-9.9676e-05
-2.56303e-06
-6.70534e-05
-5.198e-06
-6.77498e-05
-7.93435e-06
-6.7755e-05
-1.08304e-05
-6.77555e-05
-1.39244e-05
-6.77173e-05
-1.72631e-05
-6.76026e-05
-2.08772e-05
-6.73547e-05
-2.47781e-05
-6.69069e-05
-2.89522e-05
-6.61782e-05
-3.33728e-05
-6.50734e-05
-3.79534e-05
-6.351e-05
-4.25492e-05
-6.14928e-05
-4.71645e-05
-5.90988e-05
-5.18522e-05
-5.6399e-05
-5.66215e-05
-5.33706e-05
-6.15211e-05
-4.99532e-05
-6.66421e-05
-4.59978e-05
-7.21094e-05
-4.13113e-05
-7.83333e-05
-3.54388e-05
-8.51295e-05
-2.77593e-05
-9.01496e-05
-1.82696e-05
-9.14935e-05
-7.26581e-06
3.57108e-06
-8.86292e-05
-2.56895e-06
-6.44845e-05
-5.19999e-06
-6.51188e-05
-7.91459e-06
-6.50405e-05
-1.07541e-05
-6.4916e-05
-1.37581e-05
-6.47134e-05
-1.69624e-05
-6.43983e-05
-2.03915e-05
-6.39257e-05
-2.40561e-05
-6.32423e-05
-2.79453e-05
-6.2289e-05
-3.20149e-05
-6.10039e-05
-3.61806e-05
-5.93443e-05
-4.03597e-05
-5.73137e-05
-4.45367e-05
-5.49219e-05
-4.87872e-05
-5.21485e-05
-5.31687e-05
-4.89892e-05
-5.77454e-05
-4.53764e-05
-6.25199e-05
-4.12232e-05
-6.74488e-05
-3.63824e-05
-7.22483e-05
-3.06392e-05
-7.62491e-05
-2.37585e-05
-7.88562e-05
-1.56625e-05
-7.9452e-05
-6.6699e-06
2.56474e-06
-7.84457e-05
-2.53291e-06
-6.19516e-05
-5.12644e-06
-6.25253e-05
-7.78737e-06
-6.23796e-05
-1.05489e-05
-6.21545e-05
-1.34405e-05
-6.18218e-05
-1.64859e-05
-6.13529e-05
-1.96995e-05
-6.07121e-05
-2.30842e-05
-5.98577e-05
-2.66283e-05
-5.87449e-05
-3.03008e-05
-5.73314e-05
-3.4057e-05
-5.55882e-05
-3.78644e-05
-5.35063e-05
-4.17102e-05
-5.10761e-05
-4.5584e-05
-4.82747e-05
-4.94979e-05
-4.50753e-05
-5.34424e-05
-4.1432e-05
-5.73925e-05
-3.72731e-05
-6.12736e-05
-3.25012e-05
-6.49201e-05
-2.69926e-05
-6.80174e-05
-2.06612e-05
-7.01131e-05
-1.35667e-05
-7.0789e-05
-5.99402e-06
1.69403e-06
-6.99182e-05
-2.46834e-06
-5.94833e-05
-4.98792e-06
-6.00058e-05
-7.56167e-06
-5.98058e-05
-1.02151e-05
-5.95011e-05
-1.297e-05
-5.90669e-05
-1.58431e-05
-5.84799e-05
-1.88435e-05
-5.77117e-05
-2.1971e-05
-5.67302e-05
-2.52142e-05
-5.55018e-05
-2.85497e-05
-5.39958e-05
-3.19487e-05
-5.21893e-05
-3.53894e-05
-5.00656e-05
-3.88584e-05
-4.76071e-05
-4.23405e-05
-4.47926e-05
-4.58196e-05
-4.15962e-05
-4.92698e-05
-3.79817e-05
-5.26402e-05
-3.39025e-05
-5.58383e-05
-2.9303e-05
-5.86992e-05
-2.41316e-05
-6.09873e-05
-1.83731e-05
-6.24586e-05
-1.20954e-05
-6.29533e-05
-5.49922e-06
1.17548e-06
-6.24347e-05
-2.37375e-06
-5.71095e-05
-4.7923e-06
-5.75872e-05
-7.25317e-06
-5.7345e-05
-9.77609e-06
-5.69782e-05
-1.23771e-05
-5.64659e-05
-1.50678e-05
-5.57893e-05
-1.78535e-05
-5.49261e-05
-2.07324e-05
-5.38512e-05
-2.3695e-05
-5.25393e-05
-2.67242e-05
-5.09667e-05
-2.97999e-05
-4.91135e-05
-3.29031e-05
-4.69625e-05
-3.60141e-05
-4.44961e-05
-3.91112e-05
-4.16955e-05
-4.21683e-05
-3.85391e-05
-4.51479e-05
-3.5002e-05
-4.7994e-05
-3.10564e-05
-5.06213e-05
-2.66755e-05
-5.29076e-05
-2.18453e-05
-5.46988e-05
-1.65817e-05
-5.58399e-05
-1.09542e-05
-5.62313e-05
-5.10784e-06
7.88663e-07
-5.58444e-05
-2.25792e-06
-5.48516e-05
-4.55421e-06
-5.5291e-05
-6.88302e-06
-5.50162e-05
-9.25939e-06
-5.46018e-05
-1.16949e-05
-5.40304e-05
-1.41973e-05
-5.32869e-05
-1.67696e-05
-5.23538e-05
-1.94091e-05
-5.12117e-05
-2.21075e-05
-4.98409e-05
-2.48514e-05
-4.82228e-05
-2.76244e-05
-4.63405e-05
-3.04083e-05
-4.41786e-05
-3.31825e-05
-4.17219e-05
-3.59226e-05
-3.89554e-05
-3.85979e-05
-3.58637e-05
-4.11686e-05
-3.24313e-05
-4.35804e-05
-2.86445e-05
-4.57605e-05
-2.44953e-05
-4.76166e-05
-1.99891e-05
-4.9044e-05
-1.51543e-05
-4.99457e-05
-1.00525e-05
-5.02623e-05
-4.79116e-06
5.02722e-07
-4.99763e-05
-2.12475e-06
-5.27269e-05
-4.28245e-06
-5.31333e-05
-6.46463e-06
-5.2834e-05
-8.68259e-06
-5.23839e-05
-1.09446e-05
-5.17684e-05
-1.32556e-05
-5.09759e-05
-1.56169e-05
-4.99925e-05
-1.80254e-05
-4.88032e-05
-2.04736e-05
-4.73927e-05
-2.295e-05
-4.57464e-05
-2.54401e-05
-4.38505e-05
-2.79264e-05
-4.16923e-05
-3.03882e-05
-3.92601e-05
-3.28006e-05
-3.65429e-05
-3.51332e-05
-3.35311e-05
-3.73476e-05
-3.02168e-05
-3.93959e-05
-2.65961e-05
-4.12188e-05
-2.26723e-05
-4.27474e-05
-1.84604e-05
-4.39092e-05
-1.39924e-05
-4.464e-05
-9.32162e-06
-4.49011e-05
-4.52993e-06
2.82966e-07
-4.46814e-05
-1.97858e-06
-5.07483e-05
-3.98534e-06
-5.11265e-05
-6.01014e-06
-5.08092e-05
-8.06132e-06
-5.03327e-05
-1.01445e-05
-4.96852e-05
-1.22629e-05
-4.88576e-05
-1.44163e-05
-4.78391e-05
-1.66013e-05
-4.66182e-05
-1.8811e-05
-4.51831e-05
-2.1035e-05
-4.35224e-05
-2.326e-05
-4.16255e-05
-2.54696e-05
-3.94827e-05
-2.7644e-05
-3.70857e-05
-2.97595e-05
-3.44274e-05
-3.17875e-05
-3.1503e-05
-3.36937e-05
-2.83105e-05
-3.54372e-05
-2.48525e-05
-3.69708e-05
-2.11386e-05
-3.8243e-05
-1.71882e-05
-3.92024e-05
-1.3033e-05
-3.98051e-05
-8.7188e-06
-4.00252e-05
-4.30988e-06
1.11969e-07
-3.98541e-05
-1.82266e-06
-4.89256e-05
-3.66934e-06
-4.92799e-05
-5.52896e-06
-4.89496e-05
-7.40757e-06
-4.84541e-05
-9.30889e-06
-4.77839e-05
-1.12345e-05
-4.6932e-05
-1.31835e-05
-4.58901e-05
-1.51521e-05
-4.46496e-05
-1.71338e-05
-4.32014e-05
-1.91191e-05
-4.15371e-05
-2.10958e-05
-3.96488e-05
-2.30487e-05
-3.75299e-05
-2.49594e-05
-3.51749e-05
-2.68065e-05
-3.25804e-05
-2.85642e-05
-2.97452e-05
-3.0203e-05
-2.66717e-05
-3.16889e-05
-2.33666e-05
-3.29845e-05
-1.98429e-05
-3.40511e-05
-1.61215e-05
-3.48516e-05
-1.22325e-05
-3.53553e-05
-8.21509e-06
-3.55445e-05
-4.12061e-06
-2.32195e-08
-3.54093e-05
-1.65961e-06
-4.7266e-05
-3.33958e-06
-4.75999e-05
-5.02856e-06
-4.72607e-05
-6.73082e-06
-4.67519e-05
-8.4486e-06
-4.60662e-05
-1.01824e-05
-4.51982e-05
-1.19307e-05
-4.41419e-05
-1.36896e-05
-4.28906e-05
-1.54529e-05
-4.14381e-05
-1.7212e-05
-3.9778e-05
-1.89557e-05
-3.79052e-05
-2.06702e-05
-3.58153e-05
-2.23392e-05
-3.35059e-05
-2.39434e-05
-3.09761e-05
-2.54607e-05
-2.82279e-05
-2.6866e-05
-2.52664e-05
-2.81316e-05
-2.2101e-05
-2.9228e-05
-1.87464e-05
-3.0126e-05
-1.52236e-05
-3.0798e-05
-1.15604e-05
-3.1222e-05
-7.79115e-06
-3.1384e-05
-3.95857e-06
-1.21217e-07
-3.1286e-05
-1.49147e-06
-4.57746e-05
-3.00008e-06
-4.60913e-05
-4.51473e-06
-4.5746e-05
-6.03832e-06
-4.52283e-05
-7.57203e-06
-4.45325e-05
-9.11558e-06
-4.36547e-05
-1.0667e-05
-4.25904e-05
-1.22225e-05
-4.13352e-05
-1.37762e-05
-3.98843e-05
-1.53204e-05
-3.82339e-05
-1.68449e-05
-3.63807e-05
-1.83376e-05
-3.43226e-05
-1.97841e-05
-3.20594e-05
-2.11678e-05
-2.95924e-05
-2.24699e-05
-2.69258e-05
-2.36695e-05
-2.40667e-05
-2.47442e-05
-2.10262e-05
-2.56711e-05
-1.78195e-05
-2.64276e-05
-1.44671e-05
-2.69935e-05
-1.09945e-05
-2.73524e-05
-7.43223e-06
-2.74946e-05
-3.81635e-06
-1.94195e-07
-2.74216e-05
-1.31983e-06
-4.44548e-05
-2.65386e-06
-4.47573e-05
-3.99181e-06
-4.44081e-05
-5.33556e-06
-4.38845e-05
-6.68546e-06
-4.31826e-05
-8.0407e-06
-4.22994e-05
-9.39913e-06
-4.1232e-05
-1.07571e-05
-3.99772e-05
-1.21092e-05
-3.85322e-05
-1.34484e-05
-3.68946e-05
-1.47661e-05
-3.5063e-05
-1.60515e-05
-3.30372e-05
-1.72923e-05
-3.08185e-05
-1.84745e-05
-2.84102e-05
-1.95823e-05
-2.5818e-05
-2.05987e-05
-2.30503e-05
-2.15058e-05
-2.0119e-05
-2.22856e-05
-1.70396e-05
-2.2921e-05
-1.38316e-05
-2.33969e-05
-1.05187e-05
-2.37012e-05
-7.12793e-06
-2.38268e-05
-3.69075e-06
-2.45785e-07
-2.37752e-05
-1.14574e-06
-4.3309e-05
-2.30311e-06
-4.35999e-05
-3.46301e-06
-4.32482e-05
-4.62652e-06
-4.2721e-05
-5.79341e-06
-4.20157e-05
-6.96254e-06
-4.11303e-05
-8.13168e-06
-4.00629e-05
-9.2974e-06
-3.88115e-05
-1.0455e-05
-3.73746e-05
-1.15983e-05
-3.57513e-05
-1.27197e-05
-3.39416e-05
-1.38103e-05
-3.19466e-05
-1.48597e-05
-2.97691e-05
-1.58561e-05
-2.74138e-05
-1.67868e-05
-2.48873e-05
-1.76379e-05
-2.21991e-05
-1.83955e-05
-1.93614e-05
-1.90456e-05
-1.63896e-05
-1.95751e-05
-1.33021e-05
-1.99728e-05
-1.01209e-05
-2.023e-05
-6.87075e-06
-2.03415e-05
-3.57932e-06
-2.78533e-07
-2.03087e-05
-9.69547e-07
-4.23395e-05
-1.9492e-06
-4.26203e-05
-2.93047e-06
-4.22669e-05
-3.91393e-06
-4.17376e-05
-4.89897e-06
-4.10306e-05
-5.88421e-06
-4.0145e-05
-6.86751e-06
-3.90796e-05
-7.84582e-06
-3.78332e-05
-8.81505e-06
-3.64054e-05
-9.77e-06
-3.47964e-05
-1.07044e-05
-3.30072e-05
-1.16106e-05
-3.10403e-05
-1.24803e-05
-2.88994e-05
-1.3304e-05
-2.65901e-05
-1.40713e-05
-2.412e-05
-1.47715e-05
-2.1499e-05
-1.53936e-05
-1.87393e-05
-1.5927e-05
-1.58562e-05
-1.6362e-05
-1.28672e-05
-1.66903e-05
-9.79261e-06
-1.69059e-05
-6.65524e-06
-1.70051e-05
-3.48015e-06
-2.94809e-07
-1.69888e-05
-7.9132e-07
-4.15481e-05
-1.59256e-06
-4.1819e-05
-2.39519e-06
-4.14643e-05
-3.19913e-06
-4.09336e-05
-4.00353e-06
-4.02262e-05
-4.80693e-06
-3.93417e-05
-5.6074e-06
-3.82791e-05
-6.4024e-06
-3.70382e-05
-7.18856e-06
-3.56193e-05
-7.96163e-06
-3.40233e-05
-8.7165e-06
-3.22524e-05
-9.44718e-06
-3.03096e-05
-1.01469e-05
-2.81997e-05
-1.08082e-05
-2.59288e-05
-1.14232e-05
-2.3505e-05
-1.19836e-05
-2.09386e-05
-1.2481e-05
-1.82419e-05
-1.29076e-05
-1.54296e-05
-1.32563e-05
-1.25185e-05
-1.35215e-05
-9.5275e-06
-1.3699e-05
-6.47776e-06
-1.37868e-05
-3.39228e-06
-2.95108e-07
-1.37866e-05
-6.08565e-07
-4.09396e-05
-1.23269e-06
-4.11949e-05
-1.85645e-06
-4.08405e-05
-2.48064e-06
-4.03094e-05
-3.10466e-06
-3.96022e-05
-3.72705e-06
-3.87193e-05
-4.3465e-06
-3.76597e-05
-4.96112e-06
-3.64236e-05
-5.56836e-06
-3.5012e-05
-6.16492e-06
-3.34267e-05
-6.74681e-06
-3.16705e-05
-7.30938e-06
-2.97471e-05
-7.84739e-06
-2.76617e-05
-8.35523e-06
-2.5421e-05
-8.82701e-06
-2.30332e-05
-9.25671e-06
-2.05089e-05
-9.63815e-06
-1.78605e-05
-9.96557e-06
-1.51022e-05
-1.02342e-05
-1.22498e-05
-1.04406e-05
-9.32121e-06
-1.05823e-05
-6.336e-06
-1.06594e-05
-3.31522e-06
-2.80488e-07
-1.0674e-05
-4.23333e-07
-4.05162e-05
-8.67778e-07
-4.07504e-05
-1.30922e-06
-4.03991e-05
-1.74648e-06
-3.98722e-05
-2.18008e-06
-3.91686e-05
-2.61286e-06
-3.82865e-05
-3.04513e-06
-3.72274e-05
-3.47604e-06
-3.59927e-05
-3.90405e-06
-3.4584e-05
-4.32707e-06
-3.30037e-05
-4.74231e-06
-3.12552e-05
-5.14629e-06
-2.93431e-05
-5.5347e-06
-2.72733e-05
-5.90241e-06
-2.50532e-05
-6.24375e-06
-2.26919e-05
-6.55363e-06
-2.0199e-05
-6.82882e-06
-1.75853e-05
-7.06654e-06
-1.48645e-05
-7.26372e-06
-1.20527e-05
-7.41797e-06
-9.16699e-06
-7.52781e-06
-6.22618e-06
-7.59281e-06
-3.25024e-06
-2.45731e-07
-7.62757e-06
-2.37167e-07
-4.02791e-05
-5.07343e-07
-4.04803e-05
-7.78655e-07
-4.01277e-05
-1.04859e-06
-3.96022e-05
-1.31551e-06
-3.89017e-05
-1.5765e-06
-3.80255e-05
-1.83024e-06
-3.69737e-05
-2.07583e-06
-3.57471e-05
-2.31251e-06
-3.43473e-05
-2.5396e-06
-3.27766e-05
-2.75664e-06
-3.10382e-05
-2.96349e-06
-2.91362e-05
-3.1605e-06
-2.70763e-05
-3.34848e-06
-2.48653e-05
-3.5286e-06
-2.25118e-05
-3.70121e-06
-2.00264e-05
-3.86495e-06
-1.74216e-05
-4.01861e-06
-1.47109e-05
-4.1623e-06
-1.1909e-05
-4.2969e-06
-9.03241e-06
-4.42389e-06
-6.09922e-06
-4.54158e-06
-3.13256e-06
-1.86281e-07
-4.60106e-06
-1.71601e-07
-4.17566e-07
-6.45499e-07
-8.61939e-07
-1.06907e-06
-1.26598e-06
-1.45092e-06
-1.62182e-06
-1.77642e-06
-1.91241e-06
-2.02752e-06
-2.11959e-06
-2.18671e-06
-2.22731e-06
-2.24026e-06
-2.22512e-06
-2.18232e-06
-2.11313e-06
-2.0199e-06
-1.90692e-06
-1.78286e-06
-1.66953e-06
-1.63935e-06
0.000249997
3.63765e-05
0.000230296
1.97009e-05
0.000225214
5.08262e-06
-3.65038e-06
0.000228864
0.000255874
2.0798e-05
0.000269613
5.96107e-06
0.000280957
-6.26121e-06
-1.28243e-05
0.000290131
0.000238485
-9.7321e-07
0.000252689
-8.24252e-06
0.000260728
-1.43004e-05
-1.90488e-05
0.000266952
0.000211994
-1.54056e-05
0.000223523
-1.97707e-05
0.000231521
-2.22985e-05
-2.79347e-05
0.000240407
0.000195597
-2.70549e-05
0.000205133
-2.93064e-05
0.000214845
-3.20101e-05
-3.79348e-05
0.000224845
0.00018133
-3.64331e-05
0.000190752
-3.87278e-05
0.000201825
-4.3083e-05
-4.7585e-05
0.000211475
0.000167431
-4.47262e-05
0.000177269
-4.85653e-05
0.00018744
-5.32544e-05
-5.55879e-05
0.000195443
0.000153412
-5.26988e-05
0.000161709
-5.68622e-05
0.000169097
-6.06424e-05
-6.17106e-05
0.000175219
0.000137462
-5.93852e-05
0.000143451
-6.2851e-05
0.000148394
-6.55854e-05
-6.98163e-05
0.000156499
0.000120104
-6.41082e-05
0.000124481
-6.72278e-05
0.00012782
-6.89239e-05
-7.46435e-05
0.000132646
0.000104181
-6.83439e-05
0.000107244
-7.02903e-05
0.000114289
-7.59697e-05
-7.03133e-05
0.000109958
8.69213e-05
-7.18947e-05
9.18257e-05
-7.51946e-05
0.000103378
-8.75226e-05
-1.82888e-05
5.13531e-05
6.7215e-05
-7.40209e-05
7.24023e-05
-8.03819e-05
2.20527e-05
-3.71737e-05
4.25112e-05
-3.87477e-05
4.69984e-05
-7.60767e-05
2.86479e-05
-6.20317e-05
-3.79765e-05
2.94504e-05
6.82011e-05
-6.36667e-05
2.93212e-05
-7.16067e-05
-4.42488e-05
1.15384e-05
-8.0915e-05
6.61163e-05
7.14392e-05
-8.41531e-05
-5.01689e-05
7.40696e-06
-0.000103298
6.46668e-05
-0.000105165
6.79834e-05
6.69135e-05
-0.000100639
-0.000133903
4.92611e-05
-0.0001282
5.89639e-05
-0.000121126
6.09095e-05
5.80765e-05
-0.000112289
-0.000159943
4.17729e-05
-0.000146595
4.56159e-05
-0.000130834
4.51478e-05
4.60462e-05
-0.000118803
-0.000157628
3.22366e-05
-0.000144031
3.20185e-05
-0.000131286
3.24032e-05
3.55443e-05
-0.000120784
-0.000143056
2.11778e-05
-0.000132653
2.16158e-05
-0.00012537
2.51206e-05
2.68965e-05
-0.000116723
-0.000124538
1.34869e-05
-0.000119814
1.6892e-05
-0.000115261
2.05672e-05
2.01795e-05
-0.000108544
-0.000110558
9.21789e-06
-0.000105821
1.21545e-05
-0.000100565
1.53116e-05
1.62064e-05
-9.65923e-05
-9.76435e-05
7.18542e-06
-9.50059e-05
9.51698e-06
-9.16412e-05
1.19468e-05
1.32251e-05
-8.86599e-05
-8.67991e-05
5.35525e-06
-8.47694e-05
7.48719e-06
-8.23754e-05
9.55276e-06
1.1221e-05
-8.03713e-05
-7.73905e-05
4.3001e-06
-7.59946e-05
6.0913e-06
-7.43149e-05
7.87302e-06
9.47363e-06
-7.25675e-05
-6.90831e-05
3.46493e-06
-6.807e-05
5.07821e-06
-6.68425e-05
6.64555e-06
8.10717e-06
-6.54761e-05
-6.18433e-05
2.87352e-06
-6.10655e-05
4.30048e-06
-6.01199e-05
5.69991e-06
7.02791e-06
-5.90406e-05
-5.54003e-05
2.42943e-06
-5.48063e-05
3.70655e-06
-5.40691e-05
4.96273e-06
6.17022e-06
-5.32114e-05
-4.96314e-05
2.08454e-06
-4.91648e-05
3.23994e-06
-4.85814e-05
4.37938e-06
5.48387e-06
-4.7895e-05
-4.44097e-05
1.81293e-06
-4.40381e-05
2.86833e-06
-4.357e-05
3.91137e-06
4.92859e-06
-4.30147e-05
-3.96374e-05
1.59619e-06
-3.93381e-05
2.56906e-06
-3.89589e-05
3.53217e-06
4.47561e-06
-3.85059e-05
-3.5236e-05
1.42288e-06
-3.49938e-05
2.32694e-06
-3.46849e-05
3.2232e-06
4.10415e-06
-3.43134e-05
-3.11451e-05
1.28206e-06
-3.09478e-05
2.12958e-06
-3.0695e-05
2.97044e-06
3.79886e-06
-3.03897e-05
-2.73093e-05
1.16975e-06
-2.71497e-05
1.97008e-06
-2.69439e-05
2.76464e-06
3.54884e-06
-2.66939e-05
-2.36868e-05
1.0813e-06
-2.35592e-05
1.84253e-06
-2.33933e-05
2.59868e-06
3.34597e-06
-2.31904e-05
-2.02409e-05
1.01353e-06
-2.01412e-05
1.74285e-06
-2.001e-05
2.46747e-06
3.18428e-06
-1.98484e-05
-1.69397e-05
9.64434e-07
-1.6865e-05
1.66811e-06
-1.67649e-05
2.36734e-06
3.05948e-06
-1.66401e-05
-1.37546e-05
9.32491e-07
-1.37029e-05
1.61644e-06
-1.36315e-05
2.29592e-06
2.96873e-06
-1.35408e-05
-1.06591e-05
9.17537e-07
-1.06298e-05
1.58711e-06
-1.05859e-05
2.25208e-06
2.91047e-06
-1.05277e-05
-7.62873e-06
9.18689e-07
-7.62187e-06
1.58028e-06
-7.60574e-06
2.23592e-06
2.88445e-06
-7.57973e-06
-4.63381e-06
9.51421e-07
-4.65796e-06
1.60439e-06
-4.6744e-06
2.25234e-06
2.89446e-06
-4.68444e-06
-1.62792e-06
-1.62771e-06
-1.63383e-06
-1.64273e-06
0.000233297
-6.11645e-05
0.000246623
-9.81264e-05
0.000249228
-0.00011147
0.000250471
-0.000123716
0.000258107
-0.000149589
0.000224954
-0.000133605
0.000154323
6.69749e-05
0.00012627
0.000126402
0.000108397
0.000115681
9.26262e-05
9.59961e-05
7.85493e-05
8.13157e-05
6.59938e-05
7.04181e-05
5.46523e-05
6.22389e-05
4.42602e-05
5.60436e-05
3.45985e-05
5.13634e-05
2.54854e-05
4.78956e-05
1.67649e-05
4.54406e-05
8.29667e-06
4.38759e-05
4.28781e-05
0.000294366
-6.53995e-05
0.000286757
-9.05173e-05
0.000276833
-0.000101546
0.000274913
-0.000121796
0.000265105
-0.00013978
0.000161892
-3.03911e-05
0.00011331
0.000115556
0.000100338
0.000139375
9.09174e-05
0.000125101
8.03068e-05
0.000106607
6.9595e-05
9.20274e-05
5.93073e-05
8.07057e-05
4.95937e-05
7.19525e-05
4.04395e-05
6.51978e-05
3.1767e-05
6.00358e-05
2.34805e-05
5.61821e-05
1.54811e-05
5.34399e-05
7.67045e-06
5.16865e-05
5.05486e-05
0.000276314
-7.47611e-05
0.000273529
-8.77319e-05
0.00027419
-0.000102208
0.000307774
-0.00015538
0.000239259
-7.12652e-05
0.00012437
8.44979e-05
8.93377e-05
0.000150588
8.07094e-05
0.000148003
7.53523e-05
0.000130458
6.82389e-05
0.00011372
6.03015e-05
9.99648e-05
5.21395e-05
8.88677e-05
4.40711e-05
8.00209e-05
3.62219e-05
7.3047e-05
2.86189e-05
6.76387e-05
2.12408e-05
6.35602e-05
1.40425e-05
6.06381e-05
6.96762e-06
5.87614e-05
5.75161e-05
0.000250769
-8.51238e-05
0.000254618
-9.15807e-05
0.000281105
-0.000128695
0.000250839
-0.000125114
0.000140867
3.87068e-05
7.92231e-05
0.000146141
6.68934e-05
0.000162918
6.45625e-05
0.000150333
6.16797e-05
0.00013334
5.69769e-05
0.000118423
5.12074e-05
0.000105734
4.48949e-05
9.51802e-05
3.83657e-05
8.65501e-05
3.17998e-05
7.96128e-05
2.52849e-05
7.41536e-05
1.88526e-05
6.99925e-05
1.25019e-05
6.69888e-05
6.21309e-06
6.50502e-05
6.37292e-05
0.000238843
-9.91217e-05
0.00026242
-0.000115158
0.000292417
-0.000158694
0.000163283
4.02313e-06
7.23239e-05
0.000129666
5.06144e-05
0.000167851
4.97331e-05
0.000163799
5.07415e-05
0.000149325
4.95093e-05
0.000134572
4.66001e-05
0.000121332
4.25651e-05
0.000109769
3.78299e-05
9.99153e-05
3.26891e-05
9.16908e-05
2.73344e-05
8.49675e-05
2.1882e-05
7.96059e-05
1.63968e-05
7.54777e-05
1.09098e-05
7.24757e-05
5.43131e-06
7.05287e-05
6.91605e-05
0.000227446
-0.000115093
0.000267442
-0.000155154
0.000178983
-7.0235e-05
7.88625e-05
0.000104145
3.89267e-05
0.000169602
3.43899e-05
0.000172388
3.70664e-05
0.000161122
3.88382e-05
0.000147553
3.87184e-05
0.000134692
3.71475e-05
0.000122903
3.45012e-05
0.000112416
3.10984e-05
0.000103318
2.71869e-05
9.56023e-05
2.29473e-05
8.92071e-05
1.85046e-05
8.40486e-05
1.39413e-05
8.00409e-05
9.3101e-06
7.7107e-05
4.64361e-06
7.51951e-05
7.38041e-05
0.00022412
-0.000143771
0.000216662
-0.000147697
9.07441e-05
5.56848e-05
2.98384e-05
0.000165051
2.05131e-05
0.000178927
2.2902e-05
0.000169999
2.63785e-05
0.000157646
2.84412e-05
0.00014549
2.912e-05
0.000134013
2.85826e-05
0.00012344
2.7061e-05
0.000113937
2.47847e-05
0.000105594
2.19529e-05
9.84341e-05
1.87255e-05
9.24344e-05
1.52247e-05
8.75494e-05
1.15406e-05
8.3725e-05
7.73875e-06
8.09088e-05
3.86792e-06
7.90659e-05
7.7672e-05
0.000203619
-0.000172171
0.000106961
-5.10395e-05
2.38441e-05
0.000138802
6.54828e-06
0.000182347
8.52682e-06
0.000176949
1.29924e-05
0.000165534
1.66502e-05
0.000153988
1.91556e-05
0.000142985
2.05154e-05
0.000132654
2.08265e-05
0.000123129
2.02411e-05
0.000114522
1.89267e-05
0.000106909
1.70425e-05
0.000100318
1.4727e-05
9.47499e-05
1.20941e-05
9.01822e-05
9.2355e-06
8.65836e-05
6.22374e-06
8.39206e-05
3.11829e-06
8.21713e-05
8.07903e-05
0.000155043
-0.000170715
4.08067e-05
6.31972e-05
-6.59429e-06
0.000186204
-6.45316e-06
0.000182206
-1.36798e-06
0.000171864
3.73297e-06
0.000160433
7.76963e-06
0.000149952
1.07729e-05
0.000139982
1.27595e-05
0.000130667
1.38018e-05
0.000122086
1.40179e-05
0.000114306
1.35352e-05
0.000107391
1.2485e-05
0.000101368
1.09875e-05
9.62474e-05
9.14773e-06
9.2022e-05
7.05509e-06
8.86763e-05
4.78555e-06
8.61901e-05
2.40529e-06
8.45516e-05
8.31955e-05
5.26687e-05
-9.07381e-05
-2.70168e-05
0.000142883
-2.39646e-05
0.000183152
-1.75159e-05
0.000175758
-1.05136e-05
0.000164862
-4.98479e-06
0.000154904
-3.62527e-07
0.000145329
3.18467e-06
0.000136435
5.76142e-06
0.00012809
7.44697e-06
0.000120401
8.36403e-06
0.000113389
8.60659e-06
0.000107149
8.29268e-06
0.000101682
7.52739e-06
9.70127e-05
6.40756e-06
9.31418e-05
5.01884e-06
9.0065e-05
3.43829e-06
8.77706e-05
1.7362e-06
8.62536e-05
8.49317e-05
-5.40808e-08
1.92747e-05
-4.20349e-05
0.000184864
-3.36968e-05
0.000174814
-2.56042e-05
0.000167666
-1.8536e-05
0.000157794
-1.25815e-05
0.00014895
-7.70042e-06
0.000140449
-3.70091e-06
0.000132435
-5.96985e-07
0.000124986
1.70128e-06
0.000118102
3.2522e-06
0.000111838
4.12882e-06
0.000106272
4.46701e-06
0.000101344
4.35541e-06
9.71242e-05
3.88619e-06
9.3611e-05
3.13863e-06
9.08125e-05
2.19094e-06
8.87183e-05
1.11592e-06
8.73286e-05
8.60476e-05
-5.71251e-05
0.000127753
-5.05783e-05
0.000178317
-4.14285e-05
0.000165665
-3.29353e-05
0.000159173
-2.56674e-05
0.000150527
-1.94055e-05
0.000142688
-1.41287e-05
0.000135172
-9.766e-06
0.000128072
-6.23664e-06
0.000121457
-3.47302e-06
0.000115339
-1.43049e-06
0.000109795
6.37251e-08
0.000104778
9.96511e-07
0.000100411
1.47005e-06
9.66506e-05
1.58885e-06
9.34922e-05
1.41996e-06
9.09814e-05
1.04754e-06
8.90907e-05
5.44501e-07
8.78316e-05
8.65921e-05
-6.6745e-05
0.00015575
-5.63313e-05
0.000167904
-4.79547e-05
0.000157288
-3.94124e-05
0.000150631
-3.19908e-05
0.000143106
-2.54697e-05
0.000136167
-1.98479e-05
0.00012955
-1.50983e-05
0.000123323
-1.11573e-05
0.000117516
-7.97641e-06
0.000112158
-5.45846e-06
0.000107277
-3.56081e-06
0.00010288
-2.14639e-06
9.89967e-05
-1.15365e-06
9.56579e-05
-5.26454e-07
9.2865e-05
-1.58377e-07
9.06133e-05
2.77762e-09
8.89295e-05
2.31253e-08
8.78112e-05
8.66152e-05
-7.13951e-05
0.000163478
-6.21873e-05
0.000158696
-5.38034e-05
0.000148905
-4.52495e-05
0.000142077
-3.75971e-05
0.000135453
-3.079e-05
0.000129361
-2.48579e-05
0.000123618
-1.9773e-05
0.000118238
-1.54883e-05
0.000113231
-1.19314e-05
0.000108601
-9.02156e-06
0.000104368
-6.68609e-06
0.000100545
-4.85504e-06
9.71657e-05
-3.42363e-06
9.42265e-05
-2.34157e-06
9.17829e-05
-1.52932e-06
8.9801e-05
-9.16051e-07
8.83162e-05
-4.37896e-07
8.7333e-05
8.61773e-05
-7.75421e-05
0.000156867
-6.86981e-05
0.000149852
-5.92622e-05
0.000139469
-5.04793e-05
0.000133295
-4.24839e-05
0.000127458
-3.53827e-05
0.00012226
-2.91784e-05
0.000117414
-2.38251e-05
0.000112885
-1.92444e-05
0.000108651
-1.53701e-05
0.000104727
-1.21244e-05
0.000101122
-9.43791e-06
9.78581e-05
-7.2243e-06
9.49521e-05
-5.42779e-06
9.243e-05
-3.94856e-06
9.03037e-05
-2.74017e-06
8.85927e-05
-1.72543e-06
8.73015e-05
-8.24741e-07
8.64324e-05
8.53525e-05
-8.77477e-05
0.000143976
-7.50859e-05
0.00013719
-6.45652e-05
0.000128948
-5.50479e-05
0.000123777
-4.66545e-05
0.000119065
-3.92745e-05
0.00011488
-3.28335e-05
0.000110973
-2.72463e-05
0.000107298
-2.24306e-05
0.000103835
-1.8303e-05
0.000100599
-1.47839e-05
9.76028e-05
-1.17985e-05
9.48728e-05
-9.27813e-06
9.24317e-05
-7.1484e-06
9.03003e-05
-5.34162e-06
8.84969e-05
-3.78871e-06
8.70398e-05
-2.42391e-06
8.59367e-05
-1.19229e-06
8.52007e-05
8.41603e-05
-9.63663e-05
0.000128053
-8.08151e-05
0.000121639
-6.89566e-05
0.00011709
-5.87998e-05
0.000113621
-5.00425e-05
0.000110308
-4.24335e-05
0.000107271
-3.58078e-05
0.000104348
-3.0046e-05
0.000101536
-2.50481e-05
9.88374e-05
-2.07244e-05
9.62753e-05
-1.69943e-05
9.38727e-05
-1.37812e-05
9.16596e-05
-1.10114e-05
8.9662e-05
-8.61689e-06
8.79057e-05
-6.53074e-06
8.64108e-05
-4.6867e-06
8.51957e-05
-3.02363e-06
8.42736e-05
-1.47133e-06
8.36485e-05
8.26889e-05
-0.000100844
0.000110094
-8.38972e-05
0.000104692
-7.19957e-05
0.000105188
-6.14222e-05
0.000103047
-5.25277e-05
0.000101413
-4.4807e-05
9.95502e-05
-3.80942e-05
9.76349e-05
-3.22404e-05
9.56824e-05
-2.71334e-05
9.37304e-05
-2.26786e-05
9.18206e-05
-1.87937e-05
8.99878e-05
-1.54033e-05
8.82693e-05
-1.24377e-05
8.66963e-05
-9.82996e-06
8.52979e-05
-7.51665e-06
8.40975e-05
-5.43667e-06
8.31158e-05
-3.5321e-06
8.23691e-05
-1.75085e-06
8.18672e-05
8.09382e-05
-0.000100044
8.93536e-05
-8.55222e-05
9.01704e-05
-7.3217e-05
9.2883e-05
-6.28735e-05
9.27033e-05
-5.40412e-05
9.25808e-05
-4.63732e-05
9.18822e-05
-3.96871e-05
9.09488e-05
-3.38305e-05
8.98258e-05
-2.86903e-05
8.85902e-05
-2.41717e-05
8.7302e-05
-2.01943e-05
8.60104e-05
-1.66852e-05
8.47601e-05
-1.35775e-05
8.35886e-05
-1.0808e-05
8.25285e-05
-8.3166e-06
8.16061e-05
-6.04449e-06
8.08436e-05
-3.93368e-06
8.02583e-05
-1.91952e-06
7.98531e-05
7.90186e-05
-9.68533e-05
6.9484e-05
-8.49214e-05
7.82384e-05
-7.2941e-05
8.09025e-05
-6.31516e-05
8.29139e-05
-5.46016e-05
8.40306e-05
-4.71484e-05
8.44291e-05
-4.06061e-05
8.44065e-05
-3.48388e-05
8.40585e-05
-2.97412e-05
8.34926e-05
-2.52246e-05
8.27854e-05
-2.12137e-05
8.19995e-05
-1.76404e-05
8.11868e-05
-1.44421e-05
8.03904e-05
-1.15601e-05
7.96464e-05
-8.93795e-06
7.8984e-05
-6.52064e-06
7.84263e-05
-4.25304e-06
7.79907e-05
-2.08101e-06
7.76811e-05
7.69376e-05
-9.43305e-05
5.52707e-05
-8.25322e-05
6.64399e-05
-7.14138e-05
6.97842e-05
-6.23543e-05
7.38543e-05
-5.42758e-05
7.59522e-05
-4.71834e-05
7.73367e-05
-4.08929e-05
7.8116e-05
-3.53014e-05
7.84671e-05
-3.03178e-05
7.8509e-05
-2.58651e-05
7.83327e-05
-2.1876e-05
7.80104e-05
-1.82894e-05
7.76002e-05
-1.50487e-05
7.71497e-05
-1.21003e-05
7.6698e-05
-9.39278e-06
7.62765e-05
-6.87674e-06
7.59103e-05
-4.50491e-06
7.56189e-05
-2.23606e-06
7.54123e-05
7.47016e-05
-8.83348e-05
4.70131e-05
-7.79712e-05
5.60763e-05
-6.89008e-05
6.07138e-05
-6.06087e-05
6.55622e-05
-5.31845e-05
6.85281e-05
-4.65549e-05
7.07071e-05
-4.06078e-05
7.21689e-05
-3.52664e-05
7.31257e-05
-3.04599e-05
7.37026e-05
-2.61263e-05
7.39992e-05
-2.22091e-05
7.40932e-05
-1.86557e-05
7.40468e-05
-1.54164e-05
7.39105e-05
-1.24437e-05
7.37253e-05
-9.69143e-06
7.35243e-05
-7.11511e-06
7.3334e-05
-4.6713e-06
7.31751e-05
-2.31547e-06
7.30564e-05
7.23861e-05
-8.12247e-05
3.95779e-05
-7.27096e-05
4.75612e-05
-6.53232e-05
5.33274e-05
-5.8076e-05
5.8315e-05
-5.14358e-05
6.1888e-05
-4.53579e-05
6.46293e-05
-3.98243e-05
6.66354e-05
-3.47916e-05
6.80931e-05
-3.02141e-05
6.91251e-05
-2.60464e-05
6.98315e-05
-2.22443e-05
7.02911e-05
-1.87649e-05
7.05673e-05
-1.5566e-05
7.07116e-05
-1.26066e-05
7.07658e-05
-9.84591e-06
7.07636e-05
-7.24386e-06
7.0732e-05
-4.76024e-06
7.06915e-05
-2.35353e-06
7.06497e-05
7.00326e-05
-7.42141e-05
3.34207e-05
-6.7539e-05
4.08862e-05
-6.12622e-05
4.70506e-05
-5.50403e-05
5.20932e-05
-4.91843e-05
5.60321e-05
-4.37024e-05
5.91475e-05
-3.86247e-05
6.15577e-05
-3.39415e-05
6.341e-05
-2.96315e-05
6.48152e-05
-2.56666e-05
6.58666e-05
-2.20152e-05
6.66397e-05
-1.86442e-05
6.71964e-05
-1.55196e-05
6.7587e-05
-1.26067e-05
6.78529e-05
-9.87046e-06
6.80274e-05
-7.27564e-06
6.81371e-05
-4.78662e-06
6.82025e-05
-2.36768e-06
6.82308e-05
6.76649e-05
-6.76556e-05
2.85089e-05
-6.23894e-05
3.56201e-05
-5.7066e-05
4.17273e-05
-5.1742e-05
4.67693e-05
-4.66055e-05
5.08957e-05
-4.17086e-05
5.42506e-05
-3.70968e-05
5.6946e-05
-3.27831e-05
5.90963e-05
-2.87649e-05
6.07971e-05
-2.50292e-05
6.21308e-05
-2.1556e-05
6.31666e-05
-1.83217e-05
6.39621e-05
-1.52998e-05
6.45651e-05
-1.24621e-05
6.50153e-05
-9.77931e-06
6.53446e-05
-7.2211e-06
6.5579e-05
-4.75662e-06
6.5738e-05
-2.35475e-06
6.5829e-05
6.53102e-05
-6.16047e-05
2.46376e-05
-5.73464e-05
3.13619e-05
-5.2865e-05
3.72459e-05
-4.8315e-05
4.22194e-05
-4.38289e-05
4.64097e-05
-3.94807e-05
4.99025e-05
-3.53227e-05
5.2788e-05
-3.13811e-05
5.51548e-05
-2.76663e-05
5.70823e-05
-2.41762e-05
5.86408e-05
-2.0901e-05
5.98914e-05
-1.7825e-05
6.08862e-05
-1.4929e-05
6.16691e-05
-1.21907e-05
6.2277e-05
-9.58618e-06
6.27401e-05
-7.08989e-06
6.30827e-05
-4.67543e-06
6.33236e-05
-2.3159e-06
6.34694e-05
6.29943e-05
-5.59818e-05
2.15788e-05
-5.25006e-05
2.78809e-05
-4.87374e-05
3.34828e-05
-4.48487e-05
3.83309e-05
-4.09433e-05
4.25044e-05
-3.70994e-05
4.60587e-05
-3.33716e-05
4.90603e-05
-2.97935e-05
5.15768e-05
-2.63833e-05
5.36721e-05
-2.31471e-05
5.54047e-05
-2.00826e-05
5.68269e-05
-1.7181e-05
5.79846e-05
-1.4429e-05
5.89171e-05
-1.18099e-05
5.96579e-05
-9.30442e-06
6.02346e-05
-6.89166e-06
6.06699e-05
-4.54934e-06
6.09813e-05
-2.25457e-06
6.11747e-05
6.07397e-05
-5.07592e-05
1.91267e-05
-4.78919e-05
2.50136e-05
-4.47297e-05
3.03208e-05
-4.14051e-05
3.50064e-05
-3.80125e-05
3.91119e-05
-3.4626e-05
4.26723e-05
-3.12994e-05
4.57338e-05
-2.80692e-05
4.83467e-05
-2.4958e-05
5.0561e-05
-2.19776e-05
5.24242e-05
-1.91309e-05
5.39803e-05
-1.64146e-05
5.52683e-05
-1.38203e-05
5.63229e-05
-1.1336e-05
5.71736e-05
-8.94678e-06
5.78455e-05
-6.63577e-06
5.83589e-05
-4.38453e-06
5.873e-05
-2.17389e-06
5.8964e-05
5.85658e-05
-4.59072e-05
1.7139e-05
-4.35309e-05
2.26375e-05
-4.08678e-05
2.76577e-05
-3.80241e-05
3.21628e-05
-3.50816e-05
3.61694e-05
-3.21066e-05
3.96974e-05
-2.91501e-05
4.27773e-05
-2.62484e-05
4.54451e-05
-2.34264e-05
4.7739e-05
-2.06989e-05
4.96967e-05
-1.80727e-05
5.13541e-05
-1.55484e-05
5.2744e-05
-1.31216e-05
5.38962e-05
-1.07843e-05
5.48363e-05
-8.52516e-06
5.55864e-05
-6.33099e-06
5.61648e-05
-4.18677e-06
5.65858e-05
-2.07672e-06
5.6854e-05
5.64891e-05
-4.13887e-05
1.5513e-05
-3.94104e-05
2.06592e-05
-3.71624e-05
2.54098e-05
-3.47296e-05
2.97301e-05
-3.21811e-05
3.3621e-05
-2.95751e-05
3.70915e-05
-2.69577e-05
4.01599e-05
-2.43638e-05
4.28513e-05
-2.18183e-05
4.51936e-05
-1.93378e-05
4.72162e-05
-1.69313e-05
4.89477e-05
-1.46025e-05
5.04152e-05
-1.23499e-05
5.16436e-05
-1.01686e-05
5.26549e-05
-8.05046e-06
5.34683e-05
-5.98538e-06
5.40997e-05
-3.96139e-06
5.45618e-05
-1.9657e-06
5.48583e-05
5.45234e-05
-3.7167e-05
1.41741e-05
-3.55145e-05
1.90068e-05
-3.36144e-05
2.35098e-05
-3.1534e-05
2.76498e-05
-2.93309e-05
3.1418e-05
-2.70552e-05
3.48158e-05
-2.47477e-05
3.78525e-05
-2.24406e-05
4.05442e-05
-2.01579e-05
4.2911e-05
-1.79165e-05
4.49748e-05
-1.57269e-05
4.67581e-05
-1.35944e-05
4.82828e-05
-1.15201e-05
4.95692e-05
-9.50121e-06
5.06361e-05
-7.53245e-06
5.14996e-05
-5.6062e-06
5.21735e-05
-3.71315e-06
5.26688e-05
-1.8432e-06
5.29884e-05
5.26802e-05
-3.32064e-05
1.30672e-05
-3.1824e-05
1.76245e-05
-3.0218e-05
2.19039e-05
-2.84417e-05
2.58735e-05
-2.65427e-05
2.95191e-05
-2.45633e-05
3.28363e-05
-2.25389e-05
3.58282e-05
-2.04986e-05
3.85039e-05
-1.84646e-05
4.08771e-05
-1.64535e-05
4.29637e-05
-1.44762e-05
4.47808e-05
-1.25392e-05
4.63458e-05
-1.0645e-05
4.76751e-05
-8.79299e-06
4.87841e-05
-6.97977e-06
4.96863e-05
-5.19991e-06
5.03936e-05
-3.44637e-06
5.09152e-05
-1.71134e-06
5.12534e-05
5.09689e-05
-2.94737e-05
1.21512e-05
-2.83183e-05
1.64691e-05
-2.69637e-05
2.05493e-05
-2.54521e-05
2.43619e-05
-2.38223e-05
2.78894e-05
-2.21096e-05
3.11236e-05
-2.03444e-05
3.4063e-05
-1.85522e-05
3.67118e-05
-1.67533e-05
3.90783e-05
-1.49632e-05
4.11736e-05
-1.31928e-05
4.30104e-05
-1.14491e-05
4.46021e-05
-9.73567e-06
4.59617e-05
-8.05318e-06
4.71016e-05
-6.3999e-06
4.80331e-05
-4.77216e-06
4.87659e-05
-3.16481e-06
4.93079e-05
-1.57203e-06
4.96606e-05
4.93969e-05
-2.59384e-05
1.13956e-05
-2.49766e-05
1.55074e-05
-2.38397e-05
1.94125e-05
-2.25607e-05
2.30829e-05
-2.11711e-05
2.64998e-05
-1.96999e-05
2.96525e-05
-1.81729e-05
3.25361e-05
-1.66121e-05
3.5151e-05
-1.50356e-05
3.75017e-05
-1.34574e-05
3.95954e-05
-1.1888e-05
4.14411e-05
-1.03346e-05
4.30487e-05
-8.80123e-06
4.44283e-05
-7.28963e-06
4.559e-05
-5.79924e-06
4.65427e-05
-4.32782e-06
4.72944e-05
-2.87175e-06
4.78518e-05
-1.42686e-06
4.82157e-05
4.797e-05
-2.25726e-05
1.07779e-05
-2.1779e-05
1.47138e-05
-2.08333e-05
1.84668e-05
-1.97611e-05
2.20108e-05
-1.85878e-05
2.53265e-05
-1.73369e-05
2.84016e-05
-1.60299e-05
3.12291e-05
-1.46856e-05
3.38067e-05
-1.33197e-05
3.61358e-05
-1.19447e-05
3.82205e-05
-1.05705e-05
4.00668e-05
-9.20382e-06
4.1682e-05
-7.84921e-06
4.30737e-05
-6.50887e-06
4.42496e-05
-5.18318e-06
4.5217e-05
-3.87099e-06
4.59823e-05
-2.56994e-06
4.65508e-05
-1.27725e-06
4.6923e-05
4.66928e-05
-1.93514e-05
1.02809e-05
-1.87063e-05
1.40687e-05
-1.7931e-05
1.76915e-05
-1.70452e-05
2.1125e-05
-1.60687e-05
2.435e-05
-1.50204e-05
2.73534e-05
-1.39181e-05
3.01268e-05
-1.27773e-05
3.26659e-05
-1.16116e-05
3.497e-05
-1.04319e-05
3.70408e-05
-9.24703e-06
3.8882e-05
-8.06349e-06
4.04985e-05
-6.88571e-06
4.18959e-05
-5.71626e-06
4.30802e-05
-4.55617e-06
4.40569e-05
-3.40512e-06
4.48312e-05
-2.26174e-06
4.54074e-05
-1.12434e-06
4.57857e-05
4.55684e-05
-1.62515e-05
9.89226e-06
-1.57404e-05
1.35575e-05
-1.51197e-05
1.70708e-05
-1.44041e-05
2.04094e-05
-1.36088e-05
2.35547e-05
-1.27488e-05
2.64934e-05
-1.18382e-05
2.92162e-05
-1.08899e-05
3.17177e-05
-9.91521e-06
3.39953e-05
-8.92359e-06
3.60492e-05
-7.92277e-06
3.78811e-05
-6.91866e-06
3.94944e-05
-5.91553e-06
4.08928e-05
-4.91613e-06
4.20808e-05
-3.92186e-06
4.30627e-05
-2.93304e-06
4.38424e-05
-1.94906e-06
4.44235e-05
-9.69128e-07
4.48057e-05
4.45993e-05
-1.3252e-05
9.60349e-06
-1.28643e-05
1.31698e-05
-1.23864e-05
1.65929e-05
-1.18287e-05
1.98517e-05
-1.12024e-05
2.29284e-05
-1.0519e-05
2.581e-05
-9.78958e-06
2.84868e-05
-9.0245e-06
3.09526e-05
-8.233e-06
3.32038e-05
-7.42309e-06
3.52393e-05
-6.6014e-06
3.70594e-05
-5.7732e-06
3.86662e-05
-4.94244e-06
4.00621e-05
-4.11188e-06
4.12502e-05
-3.28316e-06
4.2234e-05
-2.45704e-06
4.30163e-05
-1.63351e-06
4.36e-05
-8.12381e-07
4.39847e-05
4.3787e-05
-1.03336e-05
9.40939e-06
-1.00623e-05
1.28985e-05
-9.71876e-06
1.62494e-05
-9.30978e-06
1.94427e-05
-8.8432e-06
2.24619e-05
-8.32741e-06
2.52942e-05
-7.7708e-06
2.79302e-05
-7.18141e-06
3.03632e-05
-6.56664e-06
3.2589e-05
-5.93303e-06
3.46056e-05
-5.28617e-06
3.64126e-05
-4.63061e-06
3.80106e-05
-3.96994e-06
3.94014e-05
-3.30678e-06
4.05871e-05
-2.64291e-06
4.15701e-05
-1.97939e-06
4.23527e-05
-1.31662e-06
4.29372e-05
-6.54933e-07
4.3323e-05
4.31321e-05
-7.47791e-06
9.30754e-06
-7.31847e-06
1.2739e-05
-7.10321e-06
1.60341e-05
-6.83575e-06
1.91752e-05
-6.52108e-06
2.21472e-05
-6.165e-06
2.49381e-05
-5.77363e-06
2.75388e-05
-5.35303e-06
2.99425e-05
-4.90898e-06
3.21449e-05
-4.4467e-06
3.41433e-05
-3.97078e-06
3.59366e-05
-3.4851e-06
3.75249e-05
-2.99279e-06
3.89091e-05
-2.49627e-06
4.00905e-05
-1.99731e-06
4.10711e-05
-1.49713e-06
4.18526e-05
-9.96482e-07
4.24366e-05
-4.9557e-07
4.28221e-05
4.26365e-05
-4.68263e-06
9.30571e-06
-4.64227e-06
1.26986e-05
-4.56175e-06
1.59535e-05
-4.44127e-06
1.90547e-05
-4.28274e-06
2.19886e-05
-4.08913e-06
2.47445e-05
-3.86413e-06
2.73138e-05
-3.61178e-06
2.96902e-05
-3.33619e-06
3.18693e-05
-3.04137e-06
3.38485e-05
-2.73104e-06
3.56263e-05
-2.40853e-06
3.72024e-05
-2.07672e-06
3.85772e-05
-1.73803e-06
3.97518e-05
-1.39437e-06
4.07274e-05
-1.0472e-06
4.15054e-05
-6.98185e-07
4.20875e-05
-3.47472e-07
4.24714e-05
4.2289e-05
-1.66419e-06
-1.67434e-06
-1.66925e-06
-1.64744e-06
-1.60876e-06
-1.55381e-06
-1.48368e-06
-1.39978e-06
-1.30374e-06
-1.19723e-06
-1.08191e-06
-9.59351e-07
-8.31e-07
-6.98119e-07
-5.61792e-07
-4.22921e-07
-2.82429e-07
-1.40789e-07
)
;

boundaryField
{
    leftWall
    {
        type            calculated;
        value           uniform 0;
    }
    rightWall
    {
        type            calculated;
        value           uniform 0;
    }
    lowerWall
    {
        type            calculated;
        value           nonuniform List<scalar> 
62
(
-1.58708e-35
-3.92284e-37
-5.60786e-36
-3.49776e-35
-9.60998e-34
-2.9994e-32
-4.59057e-31
-4.23516e-22
-4.23522e-22
-4.08153e-25
-1.44922e-24
-7.11938e-23
-1.92429e-22
1.73915e-22
1.9356e-22
-3.97047e-23
-2.11758e-22
-2.11758e-22
-1.05879e-22
-6.35275e-22
1.12497e-22
-2.45673e-22
-2.76407e-23
0
0
0
0
0
0
0
0
5.02259e-26
3.49824e-23
-1.25339e-22
-5.33178e-23
0
0
0
0
0
0
0
0
-3.12681e-23
1.03548e-22
-4.03901e-22
-3.57367e-22
5.00788e-22
1.32071e-22
8.89012e-23
7.16552e-23
5.29211e-23
-1.00783e-22
-5.3387e-23
-7.64161e-23
3.92285e-25
4.00234e-28
2.24288e-31
6.57169e-35
9.12983e-39
4.88941e-43
5.81589e-48
)
;
    }
    atmosphere
    {
        type            calculated;
        value           nonuniform List<scalar> 
46
(
-4.01075e-05
-4.02343e-05
-3.98998e-05
-3.93858e-05
-3.86946e-05
-3.78286e-05
-3.67887e-05
-3.55762e-05
-3.41927e-05
-3.26407e-05
-3.09231e-05
-2.90442e-05
-2.70091e-05
-2.48247e-05
-2.24988e-05
-2.00416e-05
-1.74644e-05
-1.47801e-05
-1.20023e-05
-9.14541e-06
-6.22328e-06
-3.2459e-06
-2.16477e-07
9.39958e-07
1.60417e-06
2.25844e-06
2.90335e-06
9.32716e-06
1.27088e-05
1.59484e-05
1.90329e-05
2.19499e-05
2.46895e-05
2.72436e-05
2.96063e-05
3.17733e-05
3.3742e-05
3.5511e-05
3.70798e-05
3.84489e-05
3.96189e-05
4.05911e-05
4.13665e-05
4.1947e-05
4.23297e-05
4.21482e-05
)
;
    }
    defaultFaces
    {
        type            empty;
        value           nonuniform 0();
    }
}


// ************************************************************************* //
