/*--------------------------------*- C++ -*----------------------------------*\
| =========                 |                                                 |
| \\      /  F ield         | OpenFOAM: The Open Source CFD Toolbox           |
|  \\    /   O peration     | Version:  2.4.0                                 |
|   \\  /    A nd           | Web:      www.OpenFOAM.org                      |
|    \\/     M anipulation  |                                                 |
\*---------------------------------------------------------------------------*/
FoamFile
{
    version     2.0;
    format      ascii;
    class       surfaceScalarField;
    location    "0.3";
    object      phi;
}
// * * * * * * * * * * * * * * * * * * * * * * * * * * * * * * * * * * * * * //

dimensions      [0 3 -1 0 0 0 0];

internalField   nonuniform List<scalar> 
4432
(
3.48176e-06
-3.48176e-06
6.9798e-06
-3.49805e-06
1.04597e-05
-3.47991e-06
1.41008e-05
-3.6411e-06
1.73541e-05
-3.25324e-06
2.16619e-05
-4.30785e-06
2.44958e-05
-2.83389e-06
2.84672e-05
-3.97141e-06
3.30927e-05
-4.62547e-06
3.68472e-05
-3.75453e-06
3.97459e-05
-2.89868e-06
4.30905e-05
-3.34459e-06
4.72307e-05
-4.14022e-06
5.19774e-05
-4.74674e-06
5.59262e-05
-3.94876e-06
5.79209e-05
-1.99471e-06
5.76564e-05
2.64514e-07
5.49936e-05
2.66279e-06
4.95578e-05
5.43581e-06
3.99071e-05
9.65067e-06
2.75474e-05
1.23597e-05
1.27341e-05
1.48133e-05
1.27341e-05
3.48255e-06
-6.96431e-06
6.98162e-06
-6.99712e-06
1.04593e-05
-6.95762e-06
1.40997e-05
-7.28142e-06
1.74087e-05
-6.56228e-06
2.1547e-05
-8.44613e-06
2.45588e-05
-5.84572e-06
2.8587e-05
-7.99962e-06
3.30994e-05
-9.13789e-06
3.6703e-05
-7.3581e-06
3.97139e-05
-5.90957e-06
4.32981e-05
-6.92881e-06
4.78816e-05
-8.72372e-06
5.2507e-05
-9.37208e-06
5.62742e-05
-7.71602e-06
5.80128e-05
-3.73329e-06
5.79061e-05
3.71264e-07
5.53452e-05
5.22365e-06
5.00549e-05
1.07261e-05
4.2021e-05
1.76846e-05
3.01614e-05
2.42193e-05
1.53615e-05
2.96133e-05
2.80956e-05
3.4797e-06
-1.0444e-05
6.97137e-06
-1.04888e-05
1.04514e-05
-1.04376e-05
1.40769e-05
-1.09069e-05
1.74486e-05
-9.93399e-06
2.1364e-05
-1.23615e-05
2.46974e-05
-9.17916e-06
2.87092e-05
-1.20114e-05
3.27997e-05
-1.32284e-05
3.63679e-05
-1.09263e-05
3.99642e-05
-9.50586e-06
4.42415e-05
-1.12061e-05
4.83897e-05
-1.2872e-05
5.24331e-05
-1.34154e-05
5.58837e-05
-1.11667e-05
5.77641e-05
-5.61367e-06
5.81967e-05
-6.13844e-08
5.74138e-05
6.00655e-06
5.28455e-05
1.52944e-05
4.5147e-05
2.53831e-05
2.94177e-05
3.99486e-05
1.55558e-05
4.34752e-05
4.36513e-05
3.47572e-06
-1.39197e-05
6.95506e-06
-1.39681e-05
1.04448e-05
-1.39274e-05
1.40398e-05
-1.45019e-05
1.74669e-05
-1.33611e-05
2.1206e-05
-1.61006e-05
2.4775e-05
-1.27481e-05
2.87253e-05
-1.59617e-05
3.24284e-05
-1.69315e-05
3.59633e-05
-1.44612e-05
4.06164e-05
-1.41589e-05
4.50855e-05
-1.56752e-05
4.88988e-05
-1.66853e-05
5.19865e-05
-1.65031e-05
5.49579e-05
-1.41381e-05
5.68282e-05
-7.48397e-06
5.94321e-05
-2.66527e-06
6.11097e-05
4.32893e-06
5.86516e-05
1.77525e-05
5.19887e-05
3.2046e-05
3.57512e-05
5.61861e-05
1.62283e-05
6.2998e-05
5.98797e-05
3.46928e-06
-1.7389e-05
6.93587e-06
-1.74347e-05
1.04265e-05
-1.7418e-05
1.40003e-05
-1.80757e-05
1.74239e-05
-1.67847e-05
2.10734e-05
-1.97501e-05
2.48096e-05
-1.64843e-05
2.86128e-05
-1.97649e-05
3.20836e-05
-2.04023e-05
3.59434e-05
-1.8321e-05
4.11915e-05
-1.94071e-05
4.54714e-05
-1.99551e-05
4.91079e-05
-2.03218e-05
5.17269e-05
-1.91221e-05
5.45041e-05
-1.69153e-05
5.86508e-05
-1.16307e-05
6.43135e-05
-8.32794e-06
6.62476e-05
2.39485e-06
6.36055e-05
2.03945e-05
5.53358e-05
4.03158e-05
4.00852e-05
7.14367e-05
2.11829e-05
8.19003e-05
8.10626e-05
3.46385e-06
-2.08529e-05
6.92182e-06
-2.08927e-05
1.04123e-05
-2.09085e-05
1.39537e-05
-2.16171e-05
1.73705e-05
-2.02015e-05
2.10314e-05
-2.3411e-05
2.4881e-05
-2.03339e-05
2.84253e-05
-2.33092e-05
3.19909e-05
-2.3968e-05
3.65094e-05
-2.28395e-05
4.13394e-05
-2.42371e-05
4.54513e-05
-2.40669e-05
4.98403e-05
-2.47108e-05
5.23657e-05
-2.16475e-05
5.52209e-05
-1.97705e-05
5.79053e-05
-1.43151e-05
5.76443e-05
-8.06698e-06
5.85296e-05
1.50959e-06
5.73613e-05
2.15628e-05
4.77634e-05
4.99137e-05
3.93946e-05
7.98055e-05
2.2466e-05
9.88289e-05
0.000103529
3.47477e-06
-2.43276e-05
6.94759e-06
-2.43655e-05
1.04474e-05
-2.44084e-05
1.39326e-05
-2.51022e-05
1.74799e-05
-2.37489e-05
2.09347e-05
-2.68657e-05
2.52168e-05
-2.46161e-05
2.82403e-05
-2.63326e-05
3.20939e-05
-2.78216e-05
3.68967e-05
-2.76423e-05
4.07846e-05
-2.8125e-05
4.39144e-05
-2.71968e-05
4.63835e-05
-2.71798e-05
4.62274e-05
-2.14914e-05
4.2194e-05
-1.57371e-05
3.30512e-05
-5.17229e-06
2.40215e-05
9.62722e-07
2.41441e-05
1.38697e-06
3.15225e-05
1.41844e-05
3.2787e-05
4.86493e-05
3.0887e-05
8.17055e-05
2.15082e-05
0.000108208
0.000125037
3.49536e-06
-2.7823e-05
6.99216e-06
-2.78623e-05
1.04967e-05
-2.79129e-05
1.38404e-05
-2.8446e-05
1.76587e-05
-2.75672e-05
2.0754e-05
-2.9961e-05
2.52453e-05
-2.91074e-05
2.81901e-05
-2.92774e-05
3.16777e-05
-3.13092e-05
3.53804e-05
-3.1345e-05
3.67142e-05
-2.94588e-05
3.5762e-05
-2.62445e-05
3.00327e-05
-2.14505e-05
2.3874e-05
-1.53327e-05
2.01789e-05
-1.2042e-05
2.52816e-05
-1.02751e-05
3.091e-05
-4.66568e-06
2.75382e-05
4.75883e-06
2.50087e-05
1.67138e-05
2.36509e-05
5.00071e-05
1.83871e-05
8.69693e-05
1.76652e-05
0.000108929
0.000142702
-6.59683e-05
6.59683e-05
-0.000109097
4.31285e-05
-0.000129214
2.01169e-05
-0.000131976
2.76271e-06
-0.000119388
-1.25883e-05
-9.50771e-05
-2.43111e-05
-6.79323e-05
-2.71448e-05
-3.64094e-05
-3.15229e-05
-3.11749e-06
-3.32919e-05
3.08717e-05
-3.39892e-05
5.27902e-05
-2.19185e-05
6.64425e-05
-1.36523e-05
6.81449e-05
-1.70238e-06
6.1752e-05
6.39292e-06
4.83792e-05
1.33728e-05
3.10523e-05
1.73269e-05
1.08789e-05
2.01734e-05
-1.94967e-06
1.28286e-05
-1.94967e-06
-6.54226e-05
0.000131391
-0.000105235
8.29414e-05
-0.000123081
3.7962e-05
-0.000120861
5.4268e-07
-0.000110664
-2.27845e-05
-9.04788e-05
-4.44966e-05
-5.8095e-05
-5.95285e-05
-2.71794e-05
-6.24385e-05
4.23798e-06
-6.47093e-05
3.84545e-05
-6.82057e-05
6.23895e-05
-4.58535e-05
7.7346e-05
-2.86087e-05
8.00299e-05
-4.38637e-06
7.50072e-05
1.14156e-05
6.08751e-05
2.75049e-05
4.31763e-05
3.50257e-05
2.23809e-05
4.09687e-05
3.46802e-06
3.17415e-05
1.51834e-06
-6.0198e-05
0.000191589
-0.000102081
0.000124825
-0.000113714
4.95944e-05
-0.00011266
-5.11547e-07
-0.000107506
-2.7938e-05
-8.33012e-05
-6.87015e-05
-5.00242e-05
-9.28055e-05
-2.34461e-05
-8.90166e-05
9.73356e-06
-9.7889e-05
4.3799e-05
-0.000102271
6.94476e-05
-7.15021e-05
8.36293e-05
-4.27904e-05
8.53636e-05
-6.12068e-06
8.00376e-05
1.67416e-05
6.78555e-05
3.9687e-05
5.12416e-05
5.16395e-05
3.06716e-05
6.15388e-05
9.55469e-06
5.28584e-05
1.1073e-05
-5.29495e-05
0.000244538
-8.84734e-05
0.000160349
-9.42704e-05
5.53914e-05
-9.4018e-05
-7.63933e-07
-9.12339e-05
-3.07221e-05
-7.47958e-05
-8.51397e-05
-4.56155e-05
-0.000121986
-1.46352e-05
-0.000119997
1.91378e-05
-0.000131662
5.19253e-05
-0.000135059
7.70453e-05
-9.66221e-05
8.91195e-05
-5.48646e-05
9.01384e-05
-7.1396e-06
8.53712e-05
2.15088e-05
7.3253e-05
5.18052e-05
5.69157e-05
6.79768e-05
3.83285e-05
8.0126e-05
1.90078e-05
7.21791e-05
3.00809e-05
-4.48173e-05
0.000289356
-6.7113e-05
0.000182644
-6.60806e-05
5.4359e-05
-6.80536e-05
1.20899e-06
-6.64862e-05
-3.22894e-05
-5.57894e-05
-9.58366e-05
-3.50427e-05
-0.000142732
-3.18261e-06
-0.000151857
3.1656e-05
-0.000166501
6.27106e-05
-0.000166113
8.53732e-05
-0.000119285
9.3936e-05
-6.34274e-05
9.51548e-05
-8.35833e-06
8.97857e-05
2.68779e-05
7.82158e-05
6.33751e-05
6.26037e-05
8.35889e-05
3.98943e-05
0.000102835
1.79841e-05
9.40893e-05
4.8065e-05
-3.71593e-05
0.000326515
-3.86621e-05
0.000184147
-2.59096e-05
4.16065e-05
-3.01509e-05
5.45038e-06
-3.64041e-05
-2.60362e-05
-3.25061e-05
-9.97346e-05
-1.71214e-05
-0.000158117
1.20236e-05
-0.000181002
4.40567e-05
-0.000198534
7.14561e-05
-0.000193513
9.12951e-05
-0.000139124
0.000100991
-7.31228e-05
0.000101073
-8.44032e-06
9.43267e-05
3.36238e-05
7.92158e-05
7.8486e-05
6.35816e-05
9.92232e-05
4.49917e-05
0.000121425
2.09078e-05
0.000118173
6.89728e-05
-2.42959e-05
0.000350811
-6.78406e-06
0.000166635
-2.24166e-05
5.72391e-05
-1.48784e-05
-2.08785e-06
-7.11869e-06
-3.37959e-05
-3.52991e-06
-0.000103323
5.73074e-07
-0.00016222
2.55019e-05
-0.000205931
5.53608e-05
-0.000228393
7.92714e-05
-0.000217423
9.53404e-05
-0.000155193
9.66241e-05
-7.44065e-05
0.000107511
-1.93269e-05
9.98152e-05
4.13193e-05
8.65241e-05
9.1777e-05
6.82952e-05
0.000117452
5.08452e-05
0.000138875
2.87835e-05
0.000140235
9.77562e-05
-1.13046e-05
0.000362115
1.47547e-05
0.000140576
1.56062e-06
7.04333e-05
-5.06437e-05
5.01165e-05
-3.15504e-05
-5.28891e-05
4.03483e-06
-0.000138909
1.63814e-05
-0.000174567
3.65354e-05
-0.000226085
6.25987e-05
-0.000254456
8.08784e-05
-0.000235703
0.00010504
-0.000179354
9.80089e-05
-6.73754e-05
0.000102039
-2.33566e-05
9.69941e-05
4.63638e-05
8.71723e-05
0.000101599
7.2258e-05
0.000132367
4.99036e-05
0.00016123
2.74485e-05
0.00016269
0.000125205
7.55495e-06
-3.53779e-05
1.50288e-05
-3.53361e-05
2.2143e-05
-3.50272e-05
2.83879e-05
-3.46908e-05
3.55765e-05
-3.47557e-05
4.02873e-05
-3.46717e-05
4.51391e-05
-3.39593e-05
4.98938e-05
-3.40321e-05
5.07099e-05
-3.21253e-05
4.8885e-05
-2.95202e-05
4.81125e-05
-2.86863e-05
4.98068e-05
-2.79388e-05
5.65292e-05
-2.8173e-05
6.63024e-05
-2.51059e-05
7.50536e-05
-2.07932e-05
7.64091e-05
-1.16305e-05
7.09161e-05
8.27269e-07
6.69233e-05
8.75167e-06
5.99114e-05
2.37257e-05
5.46667e-05
5.52518e-05
4.07598e-05
0.000100876
5.06712e-05
9.90181e-05
0.000124457
6.89163e-05
4.0746e-06
-3.94525e-05
8.24828e-06
-3.95098e-05
1.21204e-05
-3.88993e-05
1.59954e-05
-3.85659e-05
1.97751e-05
-3.85355e-05
2.37786e-05
-3.86752e-05
2.75556e-05
-3.77363e-05
3.37111e-05
-4.01876e-05
3.92332e-05
-3.76474e-05
4.70521e-05
-3.73391e-05
5.8112e-05
-3.97462e-05
6.94446e-05
-3.92715e-05
7.70982e-05
-3.58266e-05
8.32196e-05
-3.12272e-05
8.58465e-05
-2.34202e-05
9.34744e-05
-1.92583e-05
0.000103281
-8.97964e-06
0.000107276
4.75664e-06
0.000103169
2.78327e-05
0.000101912
5.65095e-05
9.33144e-05
0.000109474
7.46084e-05
0.000117724
0.000118279
8.0786e-05
4.67024e-06
-4.41228e-05
9.64839e-06
-4.44879e-05
1.50437e-05
-4.42945e-05
2.10686e-05
-4.45908e-05
2.71364e-05
-4.46032e-05
3.35882e-05
-4.5127e-05
4.00131e-05
-4.41612e-05
4.68651e-05
-4.70395e-05
5.36828e-05
-4.44652e-05
6.19646e-05
-4.56209e-05
6.96937e-05
-4.74753e-05
7.70134e-05
-4.65911e-05
8.39972e-05
-4.28104e-05
9.2336e-05
-3.95661e-05
0.000103298
-3.43824e-05
0.000114369
-3.03287e-05
0.000120473
-1.5084e-05
0.000127191
-1.96164e-06
0.00013016
2.48638e-05
0.000135785
5.08845e-05
0.000149169
9.60896e-05
0.000122655
0.000144238
0.000137661
0.000103273
6.12876e-06
-5.02515e-05
1.21392e-05
-5.04983e-05
1.8261e-05
-5.04164e-05
2.41098e-05
-5.04396e-05
2.99915e-05
-5.04849e-05
3.57512e-05
-5.08867e-05
4.17001e-05
-5.01102e-05
4.76138e-05
-5.29532e-05
5.35451e-05
-5.03965e-05
6.17759e-05
-5.38517e-05
6.9209e-05
-5.49084e-05
7.68927e-05
-5.42748e-05
8.69234e-05
-5.28411e-05
9.86008e-05
-5.12434e-05
0.000111243
-4.70242e-05
0.000122677
-4.17632e-05
0.000132633
-2.50403e-05
0.000143149
-1.24774e-05
0.000151833
1.61801e-05
0.000155792
4.6925e-05
0.000175488
7.63936e-05
0.000177577
0.00014215
0.000167676
0.000147563
5.89385e-06
-5.61454e-05
1.17596e-05
-5.63641e-05
1.76764e-05
-5.63332e-05
2.33974e-05
-5.61606e-05
2.9031e-05
-5.61185e-05
3.42869e-05
-5.61426e-05
4.00637e-05
-5.5887e-05
4.50344e-05
-5.79239e-05
5.12603e-05
-5.66224e-05
5.98224e-05
-6.24138e-05
6.74067e-05
-6.24926e-05
7.70478e-05
-6.39159e-05
9.08875e-05
-6.66808e-05
0.000104574
-6.49298e-05
0.00011728
-5.97301e-05
0.000127608
-5.20917e-05
0.000139044
-3.64758e-05
0.000148099
-2.15324e-05
0.000155327
8.95248e-06
0.000161809
4.04424e-05
0.00017551
6.26925e-05
0.000193431
0.000124229
0.00017271
0.000188396
5.82731e-06
-6.19727e-05
1.16846e-05
-6.22214e-05
1.7438e-05
-6.20866e-05
2.31783e-05
-6.19009e-05
2.87139e-05
-6.16541e-05
3.4029e-05
-6.14577e-05
3.97603e-05
-6.16183e-05
4.44403e-05
-6.26039e-05
5.11065e-05
-6.32886e-05
5.85693e-05
-6.98765e-05
6.7175e-05
-7.10983e-05
7.88932e-05
-7.56342e-05
9.03735e-05
-7.81611e-05
9.87638e-05
-7.33201e-05
0.000104858
-6.58241e-05
0.00010948
-5.6714e-05
0.000113443
-4.04386e-05
0.000115597
-2.36862e-05
0.000120683
3.86559e-06
0.000134576
2.65501e-05
0.000149563
4.77057e-05
0.00017915
9.46422e-05
0.000158819
0.000193041
6.02904e-06
-6.80017e-05
1.2065e-05
-6.82573e-05
1.79904e-05
-6.8012e-05
2.37616e-05
-6.7672e-05
2.92953e-05
-6.71878e-05
3.45459e-05
-6.67083e-05
3.91732e-05
-6.62456e-05
4.2408e-05
-6.58387e-05
4.6689e-05
-6.75696e-05
5.16408e-05
-7.48283e-05
5.98114e-05
-7.92689e-05
6.41151e-05
-7.99379e-05
6.21094e-05
-7.61554e-05
5.63241e-05
-6.75348e-05
4.75707e-05
-5.70707e-05
3.78571e-05
-4.70004e-05
3.26715e-05
-3.52529e-05
3.40632e-05
-2.5078e-05
4.44441e-05
-6.51528e-06
6.53205e-05
5.67365e-06
8.70796e-05
2.59467e-05
0.000130187
5.15345e-05
0.000114512
0.000174494
6.14824e-06
-7.415e-05
1.22158e-05
-7.43249e-05
1.82104e-05
-7.40067e-05
2.40083e-05
-7.34699e-05
2.94725e-05
-7.2652e-05
3.43229e-05
-7.15587e-05
3.77642e-05
-6.9687e-05
3.86579e-05
-6.67323e-05
3.79663e-05
-6.68781e-05
3.82563e-05
-7.51184e-05
3.4152e-05
-7.51646e-05
1.94255e-05
-6.52114e-05
4.29771e-06
-6.10276e-05
-7.50455e-06
-5.57325e-05
-1.09519e-05
-5.36233e-05
-1.01977e-05
-4.77546e-05
-7.43058e-06
-3.802e-05
-1.94083e-08
-3.24892e-05
1.13292e-05
-1.78639e-05
2.68228e-05
-9.81994e-06
4.00871e-05
1.26824e-05
6.90323e-05
2.25892e-05
6.25027e-05
0.000121042
6.60623e-06
-8.07562e-05
1.30404e-05
-8.0759e-05
1.92829e-05
-8.02491e-05
2.53278e-05
-7.95148e-05
3.09643e-05
-7.82886e-05
3.61188e-05
-7.67131e-05
4.08477e-05
-7.44159e-05
3.91991e-05
-6.50838e-05
2.6114e-05
-5.37929e-05
5.6986e-06
-5.4703e-05
-2.29003e-05
-4.65657e-05
-4.36234e-05
-4.44883e-05
-4.34671e-05
-6.11839e-05
-3.74067e-05
-6.17929e-05
-2.97756e-05
-6.12545e-05
-2.03751e-05
-5.71551e-05
-9.43673e-06
-4.89584e-05
5.26809e-07
-4.24527e-05
1.116e-05
-2.84971e-05
2.26166e-05
-2.12766e-05
3.45127e-05
7.86337e-07
5.07817e-05
6.32028e-06
3.092e-05
8.23644e-05
6.06054e-06
-8.68168e-05
1.16632e-05
-8.63617e-05
1.72343e-05
-8.58202e-05
2.24877e-05
-8.47682e-05
2.76252e-05
-8.34261e-05
3.40231e-05
-8.3111e-05
4.1061e-05
-8.14538e-05
4.02137e-05
-6.42364e-05
-9.87589e-07
-1.25917e-05
-6.73849e-05
1.16943e-05
-9.79692e-05
-1.59813e-05
-8.35643e-05
-5.88932e-05
-6.06391e-05
-8.41091e-05
-4.35998e-05
-7.88322e-05
-2.85247e-05
-7.63295e-05
-1.49577e-05
-7.07221e-05
-4.07093e-06
-5.98452e-05
4.94264e-06
-5.14663e-05
1.73608e-05
-4.09153e-05
3.02511e-05
-3.41669e-05
4.82292e-05
-1.71918e-05
6.20487e-05
-7.49918e-06
9.07998e-06
8.38887e-05
-1.35819e-05
-7.32349e-05
-2.69672e-05
-7.29764e-05
-3.96217e-05
-7.31657e-05
-5.05424e-05
-7.38475e-05
-5.7497e-05
-7.64715e-05
-5.69769e-05
-8.36311e-05
-4.71044e-05
-9.13263e-05
-2.1532e-05
-8.98088e-05
-3.96295e-06
-3.01607e-05
-4.96538e-05
5.73851e-05
-5.40322e-05
-1.16029e-05
-1.23696e-05
-0.000100556
2.14679e-06
-9.86255e-05
1.03628e-05
-8.70481e-05
9.70526e-06
-7.5672e-05
1.09991e-05
-7.20159e-05
1.73259e-05
-6.6172e-05
2.47055e-05
-5.88458e-05
3.67686e-05
-5.29784e-05
4.74682e-05
-4.48665e-05
5.9648e-05
-2.93716e-05
7.62704e-05
-2.41216e-05
-1.22236e-05
9.7574e-05
-1.35871e-05
-5.96478e-05
-2.46668e-05
-6.18967e-05
-3.28007e-05
-6.50318e-05
-3.68008e-05
-6.98474e-05
-3.76181e-05
-7.56542e-05
-3.87808e-05
-8.24684e-05
-4.53417e-05
-8.47654e-05
-5.76098e-05
-7.75406e-05
-5.08371e-05
-3.69334e-05
-3.3496e-06
9.89761e-06
5.39112e-05
-6.88636e-05
6.28968e-05
-0.000109541
7.75127e-05
-0.000113241
9.77211e-05
-0.000107257
0.000114536
-9.24871e-05
0.000112156
-6.96358e-05
9.845e-05
-5.24659e-05
8.11349e-05
-4.15308e-05
6.52832e-05
-3.71267e-05
5.77163e-05
-3.72996e-05
6.42043e-05
-3.58596e-05
7.12847e-05
-3.1202e-05
-1.84641e-05
7.75252e-05
-7.2689e-06
-5.23789e-05
-1.22936e-05
-5.6872e-05
-1.58297e-05
-6.14957e-05
-1.82992e-05
-6.73778e-05
-2.02277e-05
-7.37257e-05
-2.2466e-05
-8.02301e-05
-2.449e-05
-8.27414e-05
-2.641e-05
-7.56206e-05
-2.29161e-05
-4.04273e-05
6.84921e-06
-1.98677e-05
1.51205e-05
-7.71349e-05
9.46119e-06
-0.000103882
2.54376e-06
-0.000106324
-3.98175e-06
-0.000100731
-5.5502e-06
-9.09187e-05
1.29824e-06
-7.64842e-05
1.24751e-05
-6.36428e-05
2.22651e-05
-5.13208e-05
3.05593e-05
-4.54208e-05
3.61568e-05
-4.2897e-05
2.92886e-05
-2.89914e-05
1.56397e-05
-1.75531e-05
4.81724e-07
-3.30607e-06
-2.28196e-06
-5.00969e-05
-4.25067e-06
-5.49033e-05
-6.37886e-06
-5.93675e-05
-9.12e-06
-6.46367e-05
-1.29388e-05
-6.99069e-05
-1.88035e-05
-7.43655e-05
-2.55504e-05
-7.59945e-05
-2.87534e-05
-7.24176e-05
-6.52904e-06
-6.26517e-05
3.06485e-05
-5.70452e-05
3.42669e-05
-8.07533e-05
2.08301e-05
-9.04455e-05
9.88554e-06
-9.53794e-05
2.82032e-06
-9.36658e-05
7.43859e-07
-8.88422e-05
1.05238e-06
-7.67927e-05
1.37673e-07
-6.2728e-05
1.43031e-07
-5.13262e-05
-8.73168e-07
-4.44046e-05
-9.77415e-06
-3.3996e-05
-1.99932e-05
-1.87724e-05
-1.74336e-05
-2.01127e-05
3.95717e-07
-1.73476e-05
1.45893e-06
-5.15558e-05
2.5993e-06
-5.60437e-05
2.53482e-06
-5.9303e-05
1.15779e-06
-6.32596e-05
-1.51109e-06
-6.7238e-05
-5.45107e-06
-7.04255e-05
-9.78039e-06
-7.16651e-05
-1.21821e-05
-7.0016e-05
-9.07333e-06
-6.57604e-05
-1.95937e-06
-6.41591e-05
-4.8919e-06
-7.78208e-05
-9.9751e-06
-8.53622e-05
-1.33463e-05
-9.20082e-05
-1.36699e-05
-9.33422e-05
-1.26238e-05
-8.98883e-05
-9.93311e-06
-7.94834e-05
-8.05387e-06
-6.46073e-05
-9.23599e-06
-5.01441e-05
-1.68256e-05
-3.6815e-05
-3.09741e-05
-1.98475e-05
-5.11899e-05
1.44349e-06
-7.12169e-05
-8.56551e-08
3.69959e-06
-7.45208e-05
8.73425e-07
-5.24293e-05
1.55963e-06
-5.67299e-05
1.44198e-06
-5.91853e-05
2.80237e-07
-6.20979e-05
-2.07792e-06
-6.48799e-05
-5.80897e-06
-6.66944e-05
-1.03221e-05
-6.7152e-05
-1.38212e-05
-6.65169e-05
-1.43595e-05
-6.52221e-05
-1.28145e-05
-6.57041e-05
-1.6777e-05
-7.38583e-05
-2.12367e-05
-8.09026e-05
-2.66585e-05
-8.65864e-05
-3.23679e-05
-8.76328e-05
-3.9283e-05
-8.29732e-05
-4.6467e-05
-7.22995e-05
-5.48476e-05
-5.62266e-05
-6.38286e-05
-4.11631e-05
-7.27264e-05
-2.79173e-05
-7.58773e-05
-1.66966e-05
-6.65087e-05
-7.92518e-06
-5.75558e-05
-9.03853e-06
-7.73124e-06
-4.6125e-05
8.46835e-07
-5.32761e-05
1.21653e-06
-5.70996e-05
8.29133e-07
-5.87979e-05
-6.56178e-07
-6.06126e-05
-3.61906e-06
-6.1917e-05
-7.66069e-06
-6.26528e-05
-1.19276e-05
-6.28851e-05
-1.56424e-05
-6.28021e-05
-1.7785e-05
-6.30795e-05
-1.86355e-05
-6.48536e-05
-2.26889e-05
-6.98049e-05
-2.87243e-05
-7.48672e-05
-3.83628e-05
-7.69479e-05
-4.90725e-05
-7.69231e-05
-5.7453e-05
-7.45927e-05
-6.41596e-05
-6.55928e-05
-7.0435e-05
-4.99512e-05
-7.46288e-05
-3.69693e-05
-7.57231e-05
-2.6823e-05
-7.49159e-05
-1.75038e-05
-7.21035e-05
-1.07376e-05
-7.32154e-05
-7.92655e-06
-6.70619e-06
-7.42405e-05
1.18179e-08
-5.32879e-05
-4.85495e-07
-5.66022e-05
-1.90084e-06
-5.73826e-05
-4.19142e-06
-5.8322e-05
-7.09858e-06
-5.90098e-05
-1.0332e-05
-5.94193e-05
-1.35266e-05
-5.96905e-05
-1.63596e-05
-5.9969e-05
-1.8784e-05
-6.06552e-05
-2.13079e-05
-6.23296e-05
-2.63467e-05
-6.47662e-05
-3.484e-05
-6.63739e-05
-4.55614e-05
-6.62265e-05
-5.60753e-05
-6.64092e-05
-6.64868e-05
-6.41811e-05
-7.53592e-05
-5.67204e-05
-8.0601e-05
-4.47093e-05
-8.1617e-05
-3.59532e-05
-7.76702e-05
-3.07698e-05
-7.02516e-05
-2.49224e-05
-6.36285e-05
-1.73606e-05
-5.7536e-05
-1.4019e-05
-1.20451e-05
-5.21971e-05
-8.15731e-07
-5.24722e-05
-2.10989e-06
-5.53081e-05
-3.8626e-06
-5.56299e-05
-5.92671e-06
-5.62579e-05
-8.15843e-06
-5.67781e-05
-1.03939e-05
-5.71838e-05
-1.25595e-05
-5.7525e-05
-1.46735e-05
-5.7855e-05
-1.71691e-05
-5.81596e-05
-2.0768e-05
-5.87307e-05
-2.61749e-05
-5.93593e-05
-3.35563e-05
-5.89925e-05
-4.12443e-05
-5.85385e-05
-5.00786e-05
-5.75749e-05
-5.88231e-05
-5.54365e-05
-6.39845e-05
-5.15591e-05
-6.41147e-05
-4.45791e-05
-6.33644e-05
-3.67035e-05
-6.2395e-05
-3.17391e-05
-6.04614e-05
-2.6856e-05
-5.79282e-05
-1.98938e-05
-5.70899e-05
-1.48573e-05
-1.19521e-05
-5.71829e-05
-1.37375e-06
-5.10984e-05
-2.83098e-06
-5.38508e-05
-4.3783e-06
-5.40826e-05
-6.15663e-06
-5.44795e-05
-8.13022e-06
-5.48045e-05
-1.01786e-05
-5.51354e-05
-1.23243e-05
-5.53793e-05
-1.46336e-05
-5.55457e-05
-1.71761e-05
-5.56171e-05
-2.03542e-05
-5.55526e-05
-2.44214e-05
-5.52921e-05
-2.85797e-05
-5.48342e-05
-3.34298e-05
-5.36884e-05
-3.91611e-05
-5.18436e-05
-4.51001e-05
-4.94975e-05
-5.09281e-05
-4.57311e-05
-5.43013e-05
-4.12058e-05
-5.49828e-05
-3.6022e-05
-5.55599e-05
-3.11619e-05
-5.51214e-05
-2.72946e-05
-5.23974e-05
-2.26177e-05
-5.06845e-05
-1.65702e-05
-1.27172e-05
-4.99194e-05
-1.33804e-06
-4.97604e-05
-2.85241e-06
-5.23365e-05
-4.54163e-06
-5.23933e-05
-6.43506e-06
-5.25861e-05
-8.46768e-06
-5.27719e-05
-1.06644e-05
-5.29387e-05
-1.29602e-05
-5.30835e-05
-1.54028e-05
-5.31031e-05
-1.80496e-05
-5.29703e-05
-2.07872e-05
-5.2815e-05
-2.37601e-05
-5.23192e-05
-2.73792e-05
-5.12151e-05
-3.12301e-05
-4.98374e-05
-3.49446e-05
-4.81292e-05
-3.86736e-05
-4.57684e-05
-4.22653e-05
-4.21394e-05
-4.54649e-05
-3.80063e-05
-4.73744e-05
-3.41126e-05
-4.81016e-05
-3.04347e-05
-4.85247e-05
-2.68715e-05
-4.88643e-05
-2.22781e-05
-4.93501e-05
-1.60843e-05
-1.29355e-05
-4.91318e-05
-1.56591e-06
-4.81945e-05
-3.27075e-06
-5.06316e-05
-5.0442e-06
-5.06199e-05
-6.90528e-06
-5.0725e-05
-8.88796e-06
-5.07892e-05
-1.10414e-05
-5.07853e-05
-1.34119e-05
-5.0713e-05
-1.59609e-05
-5.05541e-05
-1.85628e-05
-5.03684e-05
-2.13852e-05
-4.99926e-05
-2.46042e-05
-4.91002e-05
-2.8026e-05
-4.77933e-05
-3.12959e-05
-4.65675e-05
-3.45925e-05
-4.48326e-05
-3.78096e-05
-4.25513e-05
-4.03864e-05
-3.95626e-05
-4.23474e-05
-3.60453e-05
-4.39585e-05
-3.25015e-05
-4.51475e-05
-2.92456e-05
-4.59656e-05
-2.60534e-05
-4.64321e-05
-2.18117e-05
-4.623e-05
-1.62864e-05
-1.38374e-05
-4.53281e-05
-1.42763e-06
-4.67668e-05
-2.99531e-06
-4.9064e-05
-4.66121e-06
-4.8954e-05
-6.44049e-06
-4.89457e-05
-8.35261e-06
-4.88771e-05
-1.03928e-05
-4.8745e-05
-1.25873e-05
-4.85186e-05
-1.49473e-05
-4.81941e-05
-1.75819e-05
-4.77337e-05
-2.04955e-05
-4.70791e-05
-2.32832e-05
-4.63125e-05
-2.57812e-05
-4.52952e-05
-2.8605e-05
-4.37438e-05
-3.16795e-05
-4.17582e-05
-3.46718e-05
-3.95589e-05
-3.7023e-05
-3.72114e-05
-3.87242e-05
-3.43441e-05
-4.02257e-05
-3.1e-05
-4.17184e-05
-2.7753e-05
-4.29878e-05
-2.47839e-05
-4.35036e-05
-2.12959e-05
-4.29163e-05
-1.68736e-05
-1.45502e-05
-4.22036e-05
-1.56271e-06
-4.52041e-05
-3.22522e-06
-4.74014e-05
-4.9352e-06
-4.7244e-05
-6.72504e-06
-4.71559e-05
-8.61422e-06
-4.69879e-05
-1.06138e-05
-4.67454e-05
-1.27101e-05
-4.64224e-05
-1.48834e-05
-4.60207e-05
-1.71026e-05
-4.55146e-05
-1.93721e-05
-4.48096e-05
-2.18202e-05
-4.38644e-05
-2.4479e-05
-4.26363e-05
-2.70467e-05
-4.11761e-05
-2.93324e-05
-3.94724e-05
-3.16996e-05
-3.71917e-05
-3.42323e-05
-3.46786e-05
-3.62844e-05
-3.22921e-05
-3.76399e-05
-2.96445e-05
-3.85013e-05
-2.68916e-05
-3.9317e-05
-2.39683e-05
-4.01227e-05
-2.04901e-05
-3.98288e-05
-1.71675e-05
-1.50743e-05
-3.93048e-05
-1.54729e-06
-4.36568e-05
-3.17924e-06
-4.57695e-05
-4.82161e-06
-4.56016e-05
-6.49658e-06
-4.54809e-05
-8.19977e-06
-4.52847e-05
-9.93505e-06
-4.50101e-05
-1.17206e-05
-4.46368e-05
-1.36047e-05
-4.41366e-05
-1.56621e-05
-4.34572e-05
-1.79358e-05
-4.25359e-05
-2.04311e-05
-4.13691e-05
-2.29457e-05
-4.01217e-05
-2.53812e-05
-3.87406e-05
-2.77917e-05
-3.7062e-05
-2.97684e-05
-3.5215e-05
-3.11852e-05
-3.32618e-05
-3.25369e-05
-3.09404e-05
-3.39913e-05
-2.81901e-05
-3.54764e-05
-2.54065e-05
-3.68174e-05
-2.26273e-05
-3.73811e-05
-1.99265e-05
-3.71182e-05
-1.74304e-05
-1.50807e-05
-3.71118e-05
-1.4817e-06
-4.21751e-05
-3.05124e-06
-4.42e-05
-4.65377e-06
-4.39991e-05
-6.31645e-06
-4.38182e-05
-8.05096e-06
-4.35502e-05
-9.8651e-06
-4.3196e-05
-1.17557e-05
-4.27463e-05
-1.37072e-05
-4.2185e-05
-1.56791e-05
-4.14854e-05
-1.75894e-05
-4.06256e-05
-1.94015e-05
-3.95569e-05
-2.11809e-05
-3.83423e-05
-2.30101e-05
-3.69114e-05
-2.48223e-05
-3.52498e-05
-2.66966e-05
-3.33407e-05
-2.87936e-05
-3.11649e-05
-3.08219e-05
-2.89121e-05
-3.22955e-05
-2.67165e-05
-3.32907e-05
-2.44113e-05
-3.38099e-05
-2.21081e-05
-3.42677e-05
-1.94687e-05
-3.47812e-05
-1.69169e-05
-1.48067e-05
-3.50552e-05
-1.41708e-06
-4.0758e-05
-2.90463e-06
-4.27124e-05
-4.40443e-06
-4.24993e-05
-5.93617e-06
-4.22865e-05
-7.50798e-06
-4.19784e-05
-9.13164e-06
-4.15723e-05
-1.08195e-05
-4.10584e-05
-1.25795e-05
-4.0425e-05
-1.44069e-05
-3.9658e-05
-1.62916e-05
-3.87409e-05
-1.81904e-05
-3.76581e-05
-2.01484e-05
-3.63844e-05
-2.21054e-05
-3.49544e-05
-2.39835e-05
-3.33717e-05
-2.56604e-05
-3.16639e-05
-2.69903e-05
-2.98349e-05
-2.80349e-05
-2.78675e-05
-2.90691e-05
-2.56823e-05
-3.01721e-05
-2.33083e-05
-3.13672e-05
-2.0913e-05
-3.21512e-05
-1.86846e-05
-3.25744e-05
-1.64938e-05
-1.43388e-05
-3.30423e-05
-1.37422e-06
-3.93838e-05
-2.81682e-06
-4.12698e-05
-4.269e-06
-4.10471e-05
-5.7464e-06
-4.08091e-05
-7.24792e-06
-4.04768e-05
-8.77276e-06
-4.00475e-05
-1.03216e-05
-3.95096e-05
-1.18987e-05
-3.88479e-05
-1.35106e-05
-3.80461e-05
-1.51566e-05
-3.70949e-05
-1.68106e-05
-3.60042e-05
-1.84005e-05
-3.47945e-05
-1.99311e-05
-3.34237e-05
-2.14218e-05
-3.18811e-05
-2.29068e-05
-3.01789e-05
-2.44061e-05
-2.83356e-05
-2.59041e-05
-2.63696e-05
-2.72389e-05
-2.43475e-05
-2.82719e-05
-2.22754e-05
-2.90527e-05
-2.01322e-05
-2.97699e-05
-1.79675e-05
-3.04437e-05
-1.58199e-05
-1.37352e-05
-3.10474e-05
-1.28085e-06
-3.8103e-05
-2.62181e-06
-3.99288e-05
-3.96908e-06
-3.96999e-05
-5.33925e-06
-3.94389e-05
-6.73946e-06
-3.90766e-05
-8.17493e-06
-3.8612e-05
-9.64578e-06
-3.80387e-05
-1.11433e-05
-3.73504e-05
-1.26492e-05
-3.65402e-05
-1.41465e-05
-3.55976e-05
-1.56407e-05
-3.451e-05
-1.71569e-05
-3.32782e-05
-1.86643e-05
-3.19164e-05
-2.0113e-05
-3.04323e-05
-2.1473e-05
-2.88189e-05
-2.27278e-05
-2.70809e-05
-2.38578e-05
-2.52396e-05
-2.49107e-05
-2.32946e-05
-2.5924e-05
-2.12621e-05
-2.68623e-05
-1.91939e-05
-2.76772e-05
-1.71526e-05
-2.83842e-05
-1.51129e-05
-1.30593e-05
-2.90601e-05
-1.19744e-06
-3.69055e-05
-2.45504e-06
-3.86712e-05
-3.71326e-06
-3.84416e-05
-4.98804e-06
-3.81642e-05
-6.2805e-06
-3.77842e-05
-7.59246e-06
-3.73001e-05
-8.92504e-06
-3.67062e-05
-1.02787e-05
-3.59968e-05
-1.16518e-05
-3.5167e-05
-1.3035e-05
-3.42144e-05
-1.44063e-05
-3.31387e-05
-1.57458e-05
-3.19387e-05
-1.70531e-05
-3.06091e-05
-1.8335e-05
-2.91504e-05
-1.95805e-05
-2.75735e-05
-2.0773e-05
-2.58883e-05
-2.19076e-05
-2.4105e-05
-2.29607e-05
-2.22415e-05
-2.3913e-05
-2.03099e-05
-2.47754e-05
-1.83315e-05
-2.55862e-05
-1.63418e-05
-2.63512e-05
-1.43479e-05
-1.23306e-05
-2.70799e-05
-1.11337e-06
-3.57922e-05
-2.27426e-06
-3.75104e-05
-3.43578e-06
-3.72801e-05
-4.61088e-06
-3.69891e-05
-5.80129e-06
-3.65938e-05
-7.00791e-06
-3.60934e-05
-8.22935e-06
-3.54847e-05
-9.46175e-06
-3.47644e-05
-1.06999e-05
-3.39289e-05
-1.1939e-05
-3.29753e-05
-1.31762e-05
-3.19014e-05
-1.44068e-05
-3.07081e-05
-1.56171e-05
-2.93988e-05
-1.67905e-05
-2.7977e-05
-1.79191e-05
-2.64449e-05
-1.89976e-05
-2.48099e-05
-2.00194e-05
-2.30832e-05
-2.09855e-05
-2.12754e-05
-2.18961e-05
-1.93993e-05
-2.27529e-05
-1.74747e-05
-2.35648e-05
-1.55298e-05
-2.43416e-05
-1.35711e-05
-1.15769e-05
-2.50954e-05
-1.01436e-06
-3.47778e-05
-2.07605e-06
-3.64487e-05
-3.13561e-06
-3.62205e-05
-4.20688e-06
-3.59178e-05
-5.29084e-06
-3.55098e-05
-6.38812e-06
-3.49962e-05
-7.49796e-06
-3.43749e-05
-8.61799e-06
-3.36443e-05
-9.74397e-06
-3.28029e-05
-1.08697e-05
-3.18496e-05
-1.19874e-05
-3.07837e-05
-1.30902e-05
-2.96054e-05
-1.41733e-05
-2.83157e-05
-1.52328e-05
-2.69175e-05
-1.62612e-05
-2.54165e-05
-1.72516e-05
-2.38195e-05
-1.82002e-05
-2.21346e-05
-1.91035e-05
-2.03721e-05
-1.99607e-05
-1.85421e-05
-2.07781e-05
-1.66574e-05
-2.15691e-05
-1.47388e-05
-2.23425e-05
-1.27977e-05
-1.08166e-05
-2.31029e-05
-9.18174e-07
-3.38596e-05
-1.87675e-06
-3.54901e-05
-2.83309e-06
-3.52642e-05
-3.79974e-06
-3.49511e-05
-4.77687e-06
-3.45327e-05
-5.76463e-06
-3.40084e-05
-6.76218e-06
-3.33773e-05
-7.7672e-06
-3.26393e-05
-8.77636e-06
-3.17938e-05
-9.78558e-06
-3.08404e-05
-1.07902e-05
-2.9779e-05
-1.1785e-05
-2.86106e-05
-1.27638e-05
-2.73369e-05
-1.37205e-05
-2.59608e-05
-1.46507e-05
-2.44863e-05
-1.5551e-05
-2.29192e-05
-1.64189e-05
-2.12667e-05
-1.72541e-05
-1.95369e-05
-1.80578e-05
-1.77384e-05
-1.88344e-05
-1.58807e-05
-1.95941e-05
-1.39791e-05
-2.03462e-05
-1.20456e-05
-1.00686e-05
-2.10942e-05
-8.13291e-07
-3.30463e-05
-1.66593e-06
-3.46375e-05
-2.5161e-06
-3.4414e-05
-3.37628e-06
-3.4091e-05
-4.24641e-06
-3.36626e-05
-5.12669e-06
-3.31281e-05
-6.01662e-06
-3.24874e-05
-6.914e-06
-3.17419e-05
-7.81538e-06
-3.08924e-05
-8.71652e-06
-2.99392e-05
-9.61287e-06
-2.88827e-05
-1.05e-05
-2.77234e-05
-1.13741e-05
-2.64628e-05
-1.22314e-05
-2.51035e-05
-1.30684e-05
-2.36493e-05
-1.38826e-05
-2.21051e-05
-1.46727e-05
-2.04766e-05
-1.5439e-05
-1.87706e-05
-1.61835e-05
-1.6994e-05
-1.69105e-05
-1.51537e-05
-1.76289e-05
-1.32607e-05
-1.83476e-05
-1.1327e-05
-9.34663e-06
-1.90696e-05
-7.04343e-07
-3.2342e-05
-1.44908e-06
-3.38927e-05
-2.19184e-06
-3.36713e-05
-2.94434e-06
-3.33385e-05
-3.70614e-06
-3.29008e-05
-4.47766e-06
-3.23566e-05
-5.25943e-06
-3.17057e-05
-6.04985e-06
-3.09515e-05
-6.84567e-06
-3.00966e-05
-7.64275e-06
-2.91421e-05
-8.43666e-06
-2.80888e-05
-9.22338e-06
-2.69367e-05
-9.99958e-06
-2.56866e-05
-1.07621e-05
-2.4341e-05
-1.15086e-05
-2.29028e-05
-1.22379e-05
-2.13758e-05
-1.29495e-05
-1.9765e-05
-1.36446e-05
-1.80756e-05
-1.43258e-05
-1.63128e-05
-1.49972e-05
-1.44822e-05
-1.56664e-05
-1.25915e-05
-1.63418e-05
-1.06516e-05
-8.66192e-06
-1.70266e-05
-5.87804e-07
-3.17542e-05
-1.2257e-06
-3.32548e-05
-1.86154e-06
-3.30354e-05
-2.50551e-06
-3.26945e-05
-3.15695e-06
-3.22493e-05
-3.81634e-06
-3.16972e-05
-4.48688e-06
-3.10351e-05
-5.16888e-06
-3.02695e-05
-5.85994e-06
-2.94055e-05
-6.55639e-06
-2.84457e-05
-7.25316e-06
-2.7392e-05
-7.94538e-06
-2.62445e-05
-8.62993e-06
-2.50021e-05
-9.30313e-06
-2.36678e-05
-9.96302e-06
-2.22429e-05
-1.06093e-05
-2.07296e-05
-1.12425e-05
-1.91318e-05
-1.18641e-05
-1.7454e-05
-1.24775e-05
-1.56994e-05
-1.30875e-05
-1.38723e-05
-1.37008e-05
-1.19782e-05
-1.43255e-05
-1.00269e-05
-8.02189e-06
-1.49656e-05
-4.66473e-07
-3.12877e-05
-1.00676e-06
-3.27145e-05
-1.54367e-06
-3.24985e-05
-2.08302e-06
-3.21551e-05
-2.62351e-06
-3.17088e-05
-3.16272e-06
-3.1158e-05
-3.70161e-06
-3.04962e-05
-4.24525e-06
-2.97259e-05
-4.80579e-06
-2.8845e-05
-5.39133e-06
-2.78601e-05
-5.99927e-06
-2.67841e-05
-6.61466e-06
-2.56291e-05
-7.22402e-06
-2.43927e-05
-7.82361e-06
-2.30682e-05
-8.40992e-06
-2.16566e-05
-8.982e-06
-2.01575e-05
-9.54148e-06
-1.85723e-05
-1.00896e-05
-1.69059e-05
-1.06319e-05
-1.51571e-05
-1.1175e-05
-1.33292e-05
-1.17263e-05
-1.14268e-05
-1.22943e-05
-9.45887e-06
-7.43273e-06
-1.28835e-05
-3.49657e-07
-3.09381e-05
-8.24152e-07
-3.224e-05
-1.29158e-06
-3.20311e-05
-1.74938e-06
-3.16973e-05
-2.19641e-06
-3.12618e-05
-2.62743e-06
-3.0727e-05
-3.03455e-06
-3.00891e-05
-3.42573e-06
-2.93347e-05
-3.80911e-06
-2.84616e-05
-4.19919e-06
-2.74701e-05
-4.62064e-06
-2.63626e-05
-5.09628e-06
-2.51535e-05
-5.62459e-06
-2.38644e-05
-6.18624e-06
-2.25066e-05
-6.75528e-06
-2.10875e-05
-7.30169e-06
-1.96111e-05
-7.8134e-06
-1.80606e-05
-8.30071e-06
-1.64186e-05
-8.77692e-06
-1.46809e-05
-9.25236e-06
-1.28537e-05
-9.73698e-06
-1.09422e-05
-1.02412e-05
-8.95467e-06
-6.89463e-06
-1.07793e-05
-2.68678e-07
-3.06694e-05
-7.41927e-07
-3.17668e-05
-1.20185e-06
-3.15712e-05
-1.63599e-06
-3.12632e-05
-2.04999e-06
-3.08478e-05
-2.45596e-06
-3.0321e-05
-2.84736e-06
-2.96977e-05
-3.21525e-06
-2.89668e-05
-3.54883e-06
-2.8128e-05
-3.83917e-06
-2.71797e-05
-4.08614e-06
-2.61156e-05
-4.30583e-06
-2.49338e-05
-4.52174e-06
-2.36485e-05
-4.76426e-06
-2.2264e-05
-5.06567e-06
-2.07861e-05
-5.45358e-06
-1.92232e-05
-5.91594e-06
-1.75982e-05
-6.40373e-06
-1.59308e-05
-6.86828e-06
-1.42164e-05
-7.29776e-06
-1.24242e-05
-7.72686e-06
-1.05131e-05
-8.1673e-06
-8.51424e-06
-6.41845e-06
-8.64348e-06
-2.78515e-07
-3.03909e-05
-8.26136e-07
-3.12192e-05
-1.3533e-06
-3.1044e-05
-1.84391e-06
-3.07726e-05
-2.29954e-06
-3.03922e-05
-2.72136e-06
-2.98992e-05
-3.11436e-06
-2.93047e-05
-3.4677e-06
-2.86135e-05
-3.77468e-06
-2.78211e-05
-4.03003e-06
-2.69244e-05
-4.22374e-06
-2.59219e-05
-4.35396e-06
-2.48036e-05
-4.43528e-06
-2.35672e-05
-4.47977e-06
-2.22195e-05
-4.49581e-06
-2.07701e-05
-4.49732e-06
-1.92217e-05
-4.51947e-06
-1.75761e-05
-4.62146e-06
-1.58288e-05
-4.8531e-06
-1.39848e-05
-5.18764e-06
-1.20897e-05
-5.57005e-06
-1.01307e-05
-6.01046e-06
-8.07383e-06
-5.9317e-06
-6.49722e-06
-3.95249e-07
-2.99956e-05
-1.03025e-06
-3.05842e-05
-1.64823e-06
-3.0426e-05
-2.23445e-06
-3.01864e-05
-2.78324e-06
-2.98434e-05
-3.27597e-06
-2.94065e-05
-3.71069e-06
-2.887e-05
-4.08822e-06
-2.82359e-05
-4.40542e-06
-2.75039e-05
-4.65748e-06
-2.66723e-05
-4.83983e-06
-2.57396e-05
-4.94076e-06
-2.47026e-05
-4.95704e-06
-2.35509e-05
-4.89581e-06
-2.22808e-05
-4.76125e-06
-2.09046e-05
-4.56622e-06
-1.94167e-05
-4.33114e-06
-1.78112e-05
-4.07361e-06
-1.60864e-05
-3.82019e-06
-1.42382e-05
-3.65008e-06
-1.22598e-05
-3.63701e-06
-1.01438e-05
-3.81534e-06
-7.89549e-06
-5.55462e-06
-4.19243e-06
-4.33885e-07
-1.06836e-06
-1.69154e-06
-2.29009e-06
-2.85464e-06
-3.37935e-06
-3.85482e-06
-4.27551e-06
-4.63616e-06
-4.93144e-06
-5.15646e-06
-5.30576e-06
-5.36719e-06
-5.32924e-06
-5.19563e-06
-4.96908e-06
-4.65291e-06
-4.25595e-06
-3.79327e-06
-3.28746e-06
-2.78071e-06
-2.35502e-06
-2.15136e-06
1.45092e-05
5.44071e-05
-1.85528e-05
3.3062e-05
-2.64942e-06
-1.59034e-05
9.08076e-06
-1.17302e-05
8.42994e-05
5.08937e-05
7.33598e-05
4.40016e-05
2.75329e-05
2.99235e-05
2.55974e-05
1.10163e-05
9.96773e-05
5.4489e-05
9.36794e-05
4.99995e-05
8.0641e-05
4.29619e-05
3.75376e-05
6.87007e-05
0.000130756
7.12958e-05
0.000119999
6.07568e-05
0.000111292
5.16685e-05
4.46023e-05
0.000104228
0.000178447
8.12453e-05
0.000163193
7.60109e-05
0.0001491
6.5761e-05
5.36908e-05
0.000140012
0.000195026
7.92601e-05
0.000192244
7.87924e-05
0.00018467
7.33354e-05
6.29417e-05
0.000175419
0.000187791
6.59627e-05
0.000196753
6.98308e-05
0.000200847
6.92417e-05
6.36915e-05
0.000200097
0.000145269
4.17355e-05
0.000167569
4.75305e-05
0.000186193
5.0618e-05
5.03869e-05
0.000199497
0.000101163
2.2937e-05
0.000122493
2.61999e-05
0.000145814
2.72974e-05
2.86433e-05
0.000167558
9.67782e-05
1.00475e-05
0.000111037
1.19409e-05
0.000124318
1.40166e-05
1.47189e-05
0.000138242
0.000111589
-3.96703e-06
0.000124785
-1.25606e-06
0.000134972
3.82962e-06
7.60037e-06
0.000142091
8.02405e-05
-6.68239e-06
9.03194e-05
-1.1335e-05
0.000104445
-1.02964e-05
-1.78494e-06
0.000113831
-2.59764e-05
1.59879e-05
-3.75571e-05
2.4572e-07
-3.80162e-05
-9.83731e-06
9.4127e-07
-4.07424e-05
-1.81019e-05
1.67422e-05
-2.20433e-05
4.18711e-06
-2.96725e-05
-2.20809e-06
5.50228e-06
-3.42335e-05
-6.36169e-05
5.83832e-06
-6.16758e-05
2.24602e-06
-6.58523e-05
1.96841e-06
4.44936e-06
-6.47994e-05
-4.43384e-05
4.05176e-06
-4.55922e-05
3.49983e-06
-4.70376e-05
3.41376e-06
4.7037e-06
-4.72919e-05
-6.8839e-05
-1.34975e-06
-6.4475e-05
-8.64178e-07
-6.13223e-05
2.61081e-07
6.32061e-07
-5.72506e-05
-5.06155e-05
-2.93133e-06
-4.94676e-05
-2.01214e-06
-4.78942e-05
-1.31231e-06
-6.91377e-07
-4.65708e-05
-5.59744e-05
-4.13986e-06
-5.44629e-05
-3.52367e-06
-5.25537e-05
-3.22154e-06
-2.54541e-06
-5.06997e-05
-4.91991e-05
-4.86006e-06
-4.81531e-05
-4.56972e-06
-4.73628e-05
-4.01187e-06
-3.37362e-06
-4.65345e-05
-4.82096e-05
-5.78235e-06
-4.72853e-05
-5.49399e-06
-4.63997e-05
-4.89751e-06
-4.46459e-06
-4.53087e-05
-4.47011e-05
-6.4093e-06
-4.40722e-05
-6.12294e-06
-4.34505e-05
-5.51923e-06
-5.21485e-06
-4.27002e-05
-4.18518e-05
-6.76108e-06
-4.14837e-05
-6.49102e-06
-4.11352e-05
-5.86779e-06
-5.43829e-06
-4.09117e-05
-3.92678e-05
-6.798e-06
-3.92277e-05
-6.53118e-06
-3.91712e-05
-5.92432e-06
-5.40903e-06
-3.92004e-05
-3.72686e-05
-6.64122e-06
-3.74494e-05
-6.35036e-06
-3.75299e-05
-5.84383e-06
-5.37738e-06
-3.75615e-05
-3.52618e-05
-6.43472e-06
-3.55318e-05
-6.08034e-06
-3.57094e-05
-5.66624e-06
-5.19789e-06
-3.58889e-05
-3.33326e-05
-6.14443e-06
-3.36258e-05
-5.78715e-06
-3.39117e-05
-5.38033e-06
-4.95496e-06
-3.41547e-05
-3.13605e-05
-5.83126e-06
-3.17026e-05
-5.44511e-06
-3.20313e-05
-5.05158e-06
-4.63977e-06
-3.23465e-05
-2.94012e-05
-5.49014e-06
-2.97599e-05
-5.08649e-06
-3.01242e-05
-4.68723e-06
-4.2802e-06
-3.04838e-05
-2.74344e-05
-5.13561e-06
-2.78075e-05
-4.71344e-06
-2.81933e-05
-4.3014e-06
-3.89364e-06
-2.85799e-05
-2.5457e-05
-4.77397e-06
-2.58329e-05
-4.33759e-06
-2.62239e-05
-3.91035e-06
-3.49319e-06
-2.66244e-05
-2.34654e-05
-4.41147e-06
-2.38375e-05
-3.96543e-06
-2.42237e-05
-3.52414e-06
-3.09451e-06
-2.46224e-05
-2.1451e-05
-4.05459e-06
-2.18146e-05
-3.6019e-06
-2.21892e-05
-3.14949e-06
-2.70552e-06
-2.25782e-05
-1.94151e-05
-3.7091e-06
-1.97645e-05
-3.25246e-06
-2.01232e-05
-2.79074e-06
-2.3372e-06
-2.04916e-05
-1.73541e-05
-3.38159e-06
-1.7687e-05
-2.9195e-06
-1.80258e-05
-2.452e-06
-1.98896e-06
-1.8374e-05
-1.5274e-05
-3.07312e-06
-1.55854e-05
-2.60814e-06
-1.5901e-05
-2.13636e-06
-1.66439e-06
-1.62256e-05
-1.31695e-05
-2.78713e-06
-1.34598e-05
-2.31781e-06
-1.37545e-05
-1.84167e-06
-1.36297e-06
-1.40559e-05
-1.10427e-05
-2.52368e-06
-1.13116e-05
-2.04895e-06
-1.15856e-05
-1.56768e-06
-1.08399e-06
-1.18646e-05
-8.88671e-06
-2.28046e-06
-9.13727e-06
-1.79839e-06
-9.39344e-06
-1.3115e-06
-8.23358e-07
-9.65407e-06
-6.7276e-06
-2.05008e-06
-6.96107e-06
-1.56492e-06
-7.19727e-06
-1.0753e-06
-5.81783e-07
-7.43885e-06
-4.42355e-06
-1.81896e-06
-4.68977e-06
-1.2987e-06
-4.97273e-06
-7.92342e-07
-2.94029e-07
-5.26049e-06
-2.14242e-06
-2.18739e-06
-2.27502e-06
-2.39451e-06
3.35633e-05
0.000316822
-2.51331e-06
0.000176653
1.38685e-05
5.40515e-05
-4.12571e-06
6.81108e-05
2.64111e-05
-8.34259e-05
4.42318e-05
-0.000156729
8.08587e-05
-0.000211194
0.000106725
-0.000251951
0.000130349
-0.00027808
0.000174884
-0.000280238
0.000253505
-0.000257975
0.00025105
-6.49206e-05
0.000205262
2.24307e-05
0.000165934
8.5692e-05
0.000162486
0.000105047
0.000155798
0.000139054
0.0001173
0.000199728
6.45095e-05
0.00021548
0.000189714
0.000110886
0.000216952
0.000120154
0.000167385
0.000128269
4.59363e-05
0.000230366
-3.39863e-05
0.00017438
-2.74402e-05
0.000124273
-0.000106622
0.000123998
-0.000210919
0.000130184
-0.000258137
0.000116845
-0.000264741
8.68238e-05
-0.000250217
5.40135e-06
-0.000176552
0.000102776
-0.000162295
0.000198151
-7.29447e-05
0.000151654
0.000132189
0.000123708
0.000132994
0.000131752
0.000131009
0.0001098
0.00022168
5.92462e-05
0.000266034
0.00024896
0.000138587
0.000147066
0.000179951
0.000126022
0.000162552
6.33354e-05
0.000135641
-7.07522e-06
0.000154165
-4.59644e-05
0.0001614
-0.000113857
0.000158858
-0.000208377
0.000151703
-0.000250982
0.000136414
-0.000249452
0.000130643
-0.000244446
9.47874e-05
-0.000140697
6.42507e-05
-0.000131759
6.13606e-05
-7.00545e-05
0.000110378
8.31714e-05
0.000110493
0.000132879
6.28556e-05
0.000178647
7.98399e-05
0.000204696
4.76511e-05
0.000298223
0.000296612
0.000139283
0.00011201
0.000169508
9.57966e-05
0.00018415
4.86931e-05
0.000178407
-1.3323e-06
0.000180142
-4.76987e-05
0.000186855
-0.00012057
0.000183033
-0.000204555
0.000168757
-0.000236706
0.000165448
-0.000246143
0.00014101
-0.000220007
0.00010446
-0.000104148
6.56384e-05
-9.29366e-05
3.93047e-05
-4.37209e-05
6.2449e-05
6.00272e-05
3.08347e-05
0.000164494
3.45919e-05
0.00017489
6.22227e-05
0.000177065
4.10239e-05
0.000319421
0.000337635
0.000146383
0.000105639
0.000166999
7.51811e-05
0.000180209
3.54832e-05
0.00018803
-9.15365e-06
0.000200379
-6.00478e-05
0.000209973
-0.000130164
0.000200528
-0.00019511
0.000174887
-0.000211065
0.000158963
-0.000230219
7.72766e-05
-0.000138321
4.24803e-05
-6.93512e-05
2.27088e-06
-5.27272e-05
-1.72188e-06
-3.97281e-05
4.84717e-05
9.83359e-06
3.00051e-05
0.00018296
3.31334e-05
0.000171761
4.90897e-05
0.000161109
3.62738e-05
0.000332237
0.000373909
0.000171613
0.000109444
0.000183111
6.3683e-05
0.000193925
2.46694e-05
0.00020726
-2.24884e-05
0.000220708
-7.34956e-05
0.000226331
-0.000135788
0.000213298
-0.000182076
0.000199375
-0.000197142
0.000151279
-0.000182123
8.18676e-05
-6.89096e-05
4.95404e-05
-3.7024e-05
2.73508e-05
-3.05376e-05
1.30509e-05
-2.54282e-05
-7.87126e-06
3.07557e-05
4.42162e-05
0.000130873
5.9894e-05
0.000156084
4.36396e-05
0.000177363
2.71503e-05
0.000348727
0.00040106
0.000201624
0.000107917
0.000207523
5.77838e-05
0.000219758
1.24351e-05
0.000231027
-3.3758e-05
0.00023802
-8.04888e-05
0.000233664
-0.000131431
0.000210486
-0.000158898
0.000185205
-0.000171861
9.39857e-05
-9.09038e-05
4.4537e-05
-1.94609e-05
2.52929e-05
-1.77799e-05
8.23872e-06
-1.34834e-05
7.07548e-06
-2.4265e-05
3.75583e-06
3.40754e-05
6.16502e-05
7.29783e-05
3.90499e-05
0.000178684
2.28783e-05
0.000193535
1.95776e-05
0.000352027
0.000420637
0.000217946
8.94688e-05
0.000232538
4.31916e-05
0.000244774
1.99179e-07
0.000245265
-3.42493e-05
0.000243759
-7.89824e-05
0.000226389
-0.000114061
0.000205897
-0.000138407
0.000130205
-9.61687e-05
5.32127e-05
-1.3912e-05
3.12317e-05
2.52015e-06
2.28305e-05
-9.37875e-06
2.00461e-05
-1.0699e-05
2.03179e-05
-2.45367e-05
2.91394e-05
2.52539e-05
7.83463e-05
2.37714e-05
5.22124e-05
0.000204818
7.19731e-06
0.00023855
1.50701e-05
0.000344155
0.000435707
0.000203057
5.39699e-05
0.000218815
2.7433e-05
0.000219649
-6.34728e-07
0.000224237
-3.88374e-05
0.000225235
-7.99805e-05
0.000199125
-8.79508e-05
0.000126378
-6.56595e-05
4.09056e-05
-1.06963e-05
1.75206e-05
9.47301e-06
1.73466e-05
2.6941e-06
1.71658e-05
-9.19797e-06
1.69781e-05
-1.05113e-05
1.80859e-05
-2.56445e-05
3.5267e-05
8.07274e-06
6.60973e-05
-7.05896e-06
4.43812e-05
0.000226534
7.67981e-06
0.000275252
1.35642e-05
0.00033827
0.000449271
0.000168575
2.36376e-05
0.000202848
-6.84077e-06
0.000224297
-2.20831e-05
0.000201316
-1.58568e-05
0.000156145
-3.48092e-05
8.94619e-05
-2.12678e-05
1.78043e-05
5.99802e-06
1.8109e-06
5.2971e-06
6.70653e-06
4.57738e-06
1.15585e-05
-2.15787e-06
1.30549e-05
-1.06944e-05
1.51016e-05
-1.2558e-05
1.5343e-05
-2.58859e-05
2.64468e-05
-3.03099e-06
3.72303e-05
-1.78425e-05
4.60457e-05
0.000217718
2.24613e-05
0.000298836
1.42457e-05
0.000346486
0.000463517
0.000145915
1.9814e-05
0.000138697
3.76352e-07
0.00014004
-2.34254e-05
9.16947e-05
3.24882e-05
1.91511e-05
3.77344e-05
-3.76193e-06
1.64527e-06
-9.91898e-07
3.22798e-06
9.09237e-07
3.39596e-06
5.96751e-06
-4.80894e-07
8.20119e-06
-4.39155e-06
9.0539e-06
-1.15471e-05
1.04588e-05
-1.39629e-05
9.50944e-06
-2.49365e-05
1.85763e-05
-1.20978e-05
1.62737e-05
-1.554e-05
4.87836e-05
0.000185209
5.49905e-05
0.000292629
1.8453e-05
0.000383023
0.00048197
0.00011326
2.03851e-05
4.64038e-05
6.72322e-05
-6.3218e-06
2.93002e-05
-5.5581e-06
3.17245e-05
1.28455e-05
1.93308e-05
2.14529e-06
1.23455e-05
-1.41781e-06
6.79107e-06
-5.2414e-08
2.03056e-06
1.33318e-06
-1.86649e-06
4.22535e-06
-7.28372e-06
5.01972e-06
-1.23415e-05
7.00707e-06
-1.59503e-05
6.48084e-06
-2.44103e-05
1.19958e-05
-1.76128e-05
7.9835e-06
-1.15277e-05
4.45174e-05
0.000148675
5.91438e-05
0.000278003
2.08962e-05
0.000421271
0.000502866
-4.06438e-05
2.02865e-05
-7.50977e-06
3.40982e-05
2.64701e-06
1.91434e-05
-2.92079e-06
3.72923e-05
-5.87888e-06
2.22889e-05
-6.89884e-06
1.33655e-05
-5.62928e-06
5.5215e-06
-3.44878e-06
-1.49936e-07
-1.86306e-06
-3.45221e-06
1.14774e-06
-1.02945e-05
1.15845e-06
-1.23522e-05
3.90268e-06
-1.86945e-05
2.7311e-06
-2.32387e-05
7.09073e-06
-2.19724e-05
4.92496e-06
-9.36189e-06
3.55864e-05
0.000118013
4.37466e-05
0.000269843
1.32281e-05
0.000451789
0.000516094
-3.71229e-05
2.31759e-05
-3.43303e-05
3.13056e-05
-3.76721e-05
2.24852e-05
-2.37385e-05
2.33587e-05
-1.63032e-05
1.48535e-05
-1.21975e-05
9.25979e-06
-9.5021e-06
2.8261e-06
-7.65117e-06
-2.00088e-06
-5.0739e-06
-6.02948e-06
-2.49177e-06
-1.28766e-05
-1.70271e-06
-1.31412e-05
1.34693e-06
-2.17441e-05
-5.01518e-07
-2.13903e-05
2.9694e-06
-2.54433e-05
-1.33482e-06
-5.05765e-06
1.80437e-05
9.86347e-05
1.56013e-05
0.000272285
3.73329e-06
0.000463657
0.000519828
-5.47752e-05
1.31516e-05
-3.8205e-05
1.47354e-05
-3.17138e-05
1.5994e-05
-2.45528e-05
1.61977e-05
-2.03729e-05
1.06737e-05
-1.66092e-05
5.49608e-06
-1.36508e-05
-1.32365e-07
-1.12739e-05
-4.37778e-06
-8.17974e-06
-9.1236e-06
-6.05634e-06
-1.5e-05
-3.87524e-06
-1.53223e-05
-6.30289e-07
-2.49891e-05
-1.5974e-06
-2.04232e-05
7.18795e-07
-2.77595e-05
-4.33877e-06
-9.56452e-11
-5.11842e-06
9.94144e-05
-5.64344e-06
0.00027281
-3.25265e-07
0.000458339
0.000519502
-4.64067e-05
1.22664e-05
-4.29948e-05
1.13235e-05
-3.78398e-05
1.08391e-05
-3.00797e-05
8.43757e-06
-2.45748e-05
5.16889e-06
-2.06691e-05
1.59038e-06
-1.7538e-05
-3.26347e-06
-1.47898e-05
-7.12597e-06
-1.15813e-05
-1.23321e-05
-9.35069e-06
-1.72306e-05
-5.94412e-06
-1.87289e-05
-2.48029e-06
-2.84529e-05
-1.49726e-06
-2.14062e-05
2.44207e-06
-3.16988e-05
-1.51963e-06
3.96162e-06
-3.87663e-06
0.000101771
-1.40273e-06
0.000270336
-3.56824e-06
0.000460505
0.000515934
-4.80449e-05
3.06057e-06
-4.14758e-05
4.75451e-06
-3.67447e-05
6.10797e-06
-3.18151e-05
3.50793e-06
-2.77493e-05
1.10315e-06
-2.42085e-05
-1.95038e-06
-2.11914e-05
-6.28063e-06
-1.84473e-05
-9.87008e-06
-1.53872e-05
-1.53921e-05
-1.26888e-05
-1.99291e-05
-8.02169e-06
-2.3396e-05
-3.55398e-06
-3.29206e-05
1.08299e-06
-2.60431e-05
9.51652e-06
-4.01323e-05
1.43714e-05
-8.93241e-07
3.02334e-05
8.59094e-05
3.02787e-05
0.000270291
-9.22286e-06
0.000500006
0.000506711
-4.46035e-05
1.09329e-06
-4.21136e-05
2.26461e-06
-3.73188e-05
1.31327e-06
-3.32742e-05
-5.36627e-07
-3.04094e-05
-1.76167e-06
-2.73421e-05
-5.01768e-06
-2.46545e-05
-8.96821e-06
-2.22819e-05
-1.22426e-05
-1.94161e-05
-1.8258e-05
-1.63308e-05
-2.30144e-05
-1.08039e-05
-2.89228e-05
-5.56467e-06
-3.81598e-05
3.98623e-06
-3.5594e-05
1.72686e-05
-5.34147e-05
3.55946e-05
-1.92193e-05
8.09354e-05
4.05687e-05
8.9188e-05
0.000262038
-8.06399e-06
0.000597258
0.000498647
-4.60306e-05
-3.57577e-06
-4.19844e-05
-1.78158e-06
-3.8119e-05
-2.55207e-06
-3.50679e-05
-3.5877e-06
-3.25873e-05
-4.24227e-06
-3.00825e-05
-7.52246e-06
-2.82137e-05
-1.08371e-05
-2.61519e-05
-1.43044e-05
-2.39257e-05
-2.04842e-05
-2.09633e-05
-2.59768e-05
-1.59269e-05
-3.39592e-05
-1.04018e-05
-4.3685e-05
1.88142e-06
-4.78773e-05
1.96072e-05
-7.11405e-05
4.97584e-05
-4.93704e-05
0.000106987
-1.66595e-05
0.000106887
0.000262138
1.48485e-05
0.000689297
0.000513496
-4.38029e-05
-6.30737e-06
-4.07884e-05
-4.79609e-06
-3.85309e-05
-4.80955e-06
-3.66255e-05
-5.49307e-06
-3.44489e-05
-6.41893e-06
-3.27342e-05
-9.2371e-06
-3.18328e-05
-1.17385e-05
-3.01747e-05
-1.59624e-05
-2.91067e-05
-2.15522e-05
-2.70938e-05
-2.79897e-05
-2.3953e-05
-3.71e-05
-1.89721e-05
-4.86659e-05
-5.20476e-06
-6.16445e-05
1.1726e-05
-8.80713e-05
5.19604e-05
-8.96048e-05
0.000108357
-7.30558e-05
0.000163137
0.000207357
7.04484e-05
0.000781986
0.000583944
-4.27535e-05
-8.8626e-06
-4.05633e-05
-6.98629e-06
-3.90441e-05
-6.32869e-06
-3.7614e-05
-6.92321e-06
-3.60358e-05
-7.99704e-06
-3.54279e-05
-9.84507e-06
-3.49655e-05
-1.22009e-05
-3.44864e-05
-1.64415e-05
-3.46347e-05
-2.14039e-05
-3.43513e-05
-2.8273e-05
-3.37257e-05
-3.77257e-05
-3.16278e-05
-5.07638e-05
-2.39803e-05
-6.9292e-05
-1.27643e-05
-9.92872e-05
2.17266e-05
-0.000124096
6.96354e-05
-0.000120965
0.000173115
0.000103878
0.000156415
0.000798686
0.000740359
-4.10057e-05
-1.05571e-05
-4.01082e-05
-7.8838e-06
-3.92257e-05
-7.21117e-06
-3.81593e-05
-7.98954e-06
-3.76251e-05
-8.53123e-06
-3.78025e-05
-9.66772e-06
-3.78363e-05
-1.21671e-05
-3.87705e-05
-1.55073e-05
-4.01461e-05
-2.00283e-05
-4.20374e-05
-2.63817e-05
-4.45442e-05
-3.52189e-05
-4.74094e-05
-4.78986e-05
-4.97464e-05
-6.6955e-05
-5.22567e-05
-9.67769e-05
-4.13664e-05
-0.000134986
-9.42793e-06
-0.000152903
8.78839e-05
6.56629e-06
0.000200536
0.000686034
0.000940894
-4.0257e-05
-1.12118e-05
-3.96999e-05
-8.44092e-06
-3.91073e-05
-7.80383e-06
-3.85612e-05
-8.53561e-06
-3.88487e-05
-8.24374e-06
-3.95207e-05
-8.99567e-06
-4.04654e-05
-1.12225e-05
-4.25047e-05
-1.3468e-05
-4.52118e-05
-1.73212e-05
-4.91797e-05
-2.24138e-05
-5.47864e-05
-2.96122e-05
-6.28296e-05
-3.98554e-05
-7.48351e-05
-5.49494e-05
-9.37245e-05
-7.78875e-05
-0.000117285
-0.000111425
-0.000138456
-0.000131732
-0.000121783
-1.01068e-05
7.81145e-05
0.000486136
0.00101901
-3.92339e-05
-1.11784e-05
-3.88161e-05
-8.85871e-06
-3.8625e-05
-7.99494e-06
-3.8881e-05
-8.27963e-06
-3.96596e-05
-7.46509e-06
-4.07912e-05
-7.86414e-06
-4.26473e-05
-9.36628e-06
-4.54216e-05
-1.06937e-05
-4.93234e-05
-1.34194e-05
-5.49019e-05
-1.68353e-05
-6.28667e-05
-2.16474e-05
-7.45827e-05
-2.81394e-05
-9.25175e-05
-3.70146e-05
-0.000121168
-4.92369e-05
-0.000167143
-6.54505e-05
-0.00022718
-7.16953e-05
-0.00025061
1.33229e-05
-0.000139083
0.00037461
0.000879926
-3.78224e-05
-1.09175e-05
-3.77973e-05
-8.88389e-06
-3.8013e-05
-7.77919e-06
-3.88771e-05
-7.4155e-06
-3.99837e-05
-6.35855e-06
-4.15228e-05
-6.32498e-06
-4.40407e-05
-6.84842e-06
-4.73722e-05
-7.36225e-06
-5.20807e-05
-8.71087e-06
-5.8614e-05
-1.03021e-05
-6.78184e-05
-1.24429e-05
-8.10596e-05
-1.48983e-05
-0.00010071
-1.73642e-05
-0.000131078
-1.88686e-05
-0.000179315
-1.7214e-05
-0.000248808
-2.20227e-06
-0.000308322
7.28376e-05
-0.000263409
0.000329697
0.000616517
-3.63334e-05
-1.0473e-05
-3.66458e-05
-8.5715e-06
-3.72263e-05
-7.19868e-06
-3.84116e-05
-6.23017e-06
-3.98303e-05
-4.93985e-06
-4.17471e-05
-4.40816e-06
-4.45848e-05
-4.01077e-06
-4.82608e-05
-3.68627e-06
-5.3318e-05
-3.65362e-06
-6.01292e-05
-3.49082e-06
-6.94367e-05
-3.13545e-06
-8.23001e-05
-2.03493e-06
-0.000100375
7.10206e-07
-0.000126159
6.91571e-06
-0.000163461
2.00884e-05
-0.000214365
4.87012e-05
-0.000259554
0.000118027
-0.000210175
0.000280318
0.000406342
-3.47117e-05
-9.91596e-06
-3.53648e-05
-7.91842e-06
-3.62388e-05
-6.32463e-06
-3.759e-05
-4.87897e-06
-3.92042e-05
-3.32565e-06
-4.13753e-05
-2.23708e-06
-4.43159e-05
-1.07016e-06
-4.80938e-05
9.15864e-08
-5.30998e-05
1.35238e-06
-5.96326e-05
3.04197e-06
-6.82219e-05
5.45385e-06
-7.95261e-05
9.26926e-06
-9.43693e-05
1.55534e-05
-0.000113634
2.61809e-05
-0.000137859
4.43127e-05
-0.000164643
7.54853e-05
-0.000177674
0.000131058
-0.000125918
0.000228561
0.000280424
-3.30637e-05
-9.19875e-06
-3.39068e-05
-7.07536e-06
-3.49908e-05
-5.24066e-06
-3.64241e-05
-3.44568e-06
-3.81562e-05
-1.59354e-06
-4.04192e-05
2.59164e-08
-4.33154e-05
1.826e-06
-4.69712e-05
3.74746e-06
-5.16327e-05
6.01381e-06
-5.75059e-05
8.91526e-06
-6.48882e-05
1.28361e-05
-7.40572e-05
1.84383e-05
-8.52015e-05
2.66977e-05
-9.81402e-05
3.91197e-05
-0.000111697
5.78692e-05
-0.000121993
8.57816e-05
-0.000117352
0.000126417
-7.25571e-05
0.000183767
0.000207867
-3.1325e-05
-8.35753e-06
-3.22935e-05
-6.10693e-06
-3.34913e-05
-4.04285e-06
-3.49601e-05
-1.97686e-06
-3.67256e-05
1.71928e-07
-3.89495e-05
2.24987e-06
-4.16867e-05
4.56316e-06
-4.50551e-05
7.11593e-06
-4.91883e-05
1.0147e-05
-5.41937e-05
1.39207e-05
-6.01741e-05
1.88165e-05
-6.71297e-05
2.53939e-05
-7.48462e-05
3.44142e-05
-8.26211e-05
4.68945e-05
-8.87922e-05
6.40404e-05
-8.99372e-05
8.69266e-05
-7.9263e-05
0.000115743
-4.52918e-05
0.000149796
0.000162575
-2.94985e-05
-7.4389e-06
-3.05331e-05
-5.07231e-06
-3.17673e-05
-2.80869e-06
-3.32292e-05
-5.14981e-07
-3.49555e-05
1.89825e-06
-3.70514e-05
4.34581e-06
-3.95507e-05
7.06245e-06
-4.25319e-05
1.00971e-05
-4.60486e-05
1.36637e-05
-5.01228e-05
1.79949e-05
-5.472e-05
2.34137e-05
-5.9672e-05
3.03459e-05
-6.45713e-05
3.93135e-05
-6.85852e-05
5.09083e-05
-7.02017e-05
6.56569e-05
-6.69598e-05
8.36847e-05
-5.52878e-05
0.000104071
-3.04464e-05
0.000124954
0.000132128
-2.75836e-05
-6.47967e-06
-2.86418e-05
-4.01412e-06
-2.98614e-05
-1.58914e-06
-3.1279e-05
9.02685e-07
-3.29055e-05
3.52474e-06
-3.48191e-05
6.25934e-06
-3.70327e-05
9.27608e-06
-3.95831e-05
1.26475e-05
-4.24694e-05
1.65501e-05
-4.56506e-05
2.11761e-05
-4.90108e-05
2.67739e-05
-5.2303e-05
3.3638e-05
-5.50751e-05
4.20856e-05
-5.65675e-05
5.24008e-05
-5.56113e-05
6.47007e-05
-5.06166e-05
7.869e-05
-3.98183e-05
9.32724e-05
-2.14905e-05
0.000106626
0.000110638
-2.55876e-05
-5.51443e-06
-2.66311e-05
-2.97071e-06
-2.78087e-05
-4.11503e-07
-2.91409e-05
2.23488e-06
-3.06366e-05
5.02047e-06
-3.23399e-05
7.96261e-06
-3.42495e-05
1.11857e-05
-3.63687e-05
1.47666e-05
-3.86615e-05
1.88429e-05
-4.10483e-05
2.35629e-05
-4.3376e-05
2.91017e-05
-4.53815e-05
3.56435e-05
-4.66484e-05
4.33525e-05
-4.6562e-05
5.23144e-05
-4.42952e-05
6.24338e-05
-3.88871e-05
7.32818e-05
-2.95163e-05
8.39016e-05
-1.57093e-05
9.28194e-05
9.49286e-05
-2.35197e-05
-4.57294e-06
-2.45235e-05
-1.96693e-06
-2.56401e-05
7.0508e-07
-2.68638e-05
3.45861e-06
-2.82085e-05
6.36512e-06
-2.96925e-05
9.44667e-06
-3.13027e-05
1.27959e-05
-3.30187e-05
1.64826e-05
-3.47849e-05
2.06092e-05
-3.65037e-05
2.52817e-05
-3.80151e-05
3.0613e-05
-3.90751e-05
3.67035e-05
-3.93353e-05
4.36127e-05
-3.83326e-05
5.13117e-05
-3.55131e-05
5.96143e-05
-3.03241e-05
6.80928e-05
-2.24163e-05
7.59939e-05
-1.17974e-05
8.22005e-05
8.31312e-05
-2.13951e-05
-3.66944e-06
-2.23452e-05
-1.01677e-06
-2.33761e-05
1.73596e-06
-2.44852e-05
4.5677e-06
-2.56733e-05
7.5532e-06
-2.69436e-05
1.0717e-05
-2.82746e-05
1.41269e-05
-2.96323e-05
1.78403e-05
-3.09523e-05
2.19292e-05
-3.21343e-05
2.64637e-05
-3.30288e-05
3.15076e-05
-3.34271e-05
3.71018e-05
-3.30545e-05
4.32401e-05
-3.1578e-05
4.98353e-05
-2.86406e-05
5.66769e-05
-2.39389e-05
6.33911e-05
-1.73539e-05
6.94088e-05
-9.04646e-06
7.38931e-05
7.40847e-05
-1.92229e-05
-2.82056e-06
-2.01107e-05
-1.28954e-07
-2.10501e-05
2.67529e-06
-2.20406e-05
5.55826e-06
-2.30754e-05
8.58796e-06
-2.41469e-05
1.17885e-05
-2.52286e-05
1.52086e-05
-2.62802e-05
1.88919e-05
-2.72367e-05
2.28858e-05
-2.80043e-05
2.72312e-05
-2.84528e-05
3.19561e-05
-2.84124e-05
3.70615e-05
-2.76756e-05
4.25033e-05
-2.60105e-05
4.81702e-05
-2.31938e-05
5.38601e-05
-1.90662e-05
5.92635e-05
-1.36122e-05
6.39548e-05
-7.04132e-06
6.73223e-05
6.70434e-05
-1.70121e-05
-2.03409e-06
-1.78388e-05
6.97749e-07
-1.86842e-05
3.52072e-06
-1.9559e-05
6.43307e-06
-2.04498e-05
9.47877e-06
-2.13423e-05
1.26809e-05
-2.22078e-05
1.60742e-05
-2.30052e-05
1.96894e-05
-2.36742e-05
2.35547e-05
-2.41322e-05
2.76892e-05
-2.42717e-05
3.20956e-05
-2.396e-05
3.67498e-05
-2.30451e-05
4.15883e-05
-2.13698e-05
4.64949e-05
-1.87983e-05
5.12886e-05
-1.52536e-05
5.57188e-05
-1.07664e-05
5.94676e-05
-5.5312e-06
6.20871e-05
6.15122e-05
-1.4784e-05
-1.306e-06
-1.55362e-05
1.4499e-06
-1.62974e-05
4.28192e-06
-1.70663e-05
7.20206e-06
-1.78287e-05
1.02412e-05
-1.85672e-05
1.34194e-05
-1.9254e-05
1.67609e-05
-1.98503e-05
2.02857e-05
-2.03032e-05
2.40076e-05
-2.05435e-05
2.79296e-05
-2.04853e-05
3.20374e-05
-2.0028e-05
3.62924e-05
-1.90628e-05
4.06232e-05
-1.74854e-05
4.49176e-05
-1.52157e-05
4.90188e-05
-1.2222e-05
5.27251e-05
-8.55204e-06
5.57976e-05
-4.36784e-06
5.79029e-05
5.71444e-05
-1.25376e-05
-6.33007e-07
-1.32201e-05
2.13239e-06
-1.38992e-05
4.96108e-06
-1.45671e-05
7.86996e-06
-1.52083e-05
1.08823e-05
-1.58051e-05
1.40162e-05
-1.63327e-05
1.72886e-05
-1.67585e-05
2.07115e-05
-1.70395e-05
2.42886e-05
-1.71214e-05
2.80115e-05
-1.69391e-05
3.18552e-05
-1.64196e-05
3.57729e-05
-1.54875e-05
3.96911e-05
-1.40758e-05
4.35059e-05
-1.21392e-05
4.70822e-05
-9.6713e-06
5.02573e-05
-6.72145e-06
5.28478e-05
-3.41625e-06
5.45977e-05
5.37281e-05
-1.02854e-05
-1.70675e-09
-1.09233e-05
2.7703e-06
-1.15485e-05
5.58633e-06
-1.21521e-05
8.47353e-06
-1.27174e-05
1.14476e-05
-1.32259e-05
1.45247e-05
-1.36549e-05
1.77176e-05
-1.39763e-05
2.10329e-05
-1.41555e-05
2.44678e-05
-1.4151e-05
2.80069e-05
-1.3915e-05
3.16192e-05
-1.33964e-05
3.52543e-05
-1.25454e-05
3.884e-05
-1.13204e-05
4.22809e-05
-9.69742e-06
4.54593e-05
-7.68007e-06
4.82399e-05
-5.30948e-06
5.04772e-05
-2.68493e-06
5.19732e-05
5.10432e-05
-7.99344e-06
5.52878e-07
-8.52656e-06
3.30341e-06
-9.03504e-06
6.09481e-06
-9.50874e-06
8.94722e-06
-9.93534e-06
1.18742e-05
-1.0303e-05
1.48924e-05
-1.05968e-05
1.80114e-05
-1.07975e-05
2.12336e-05
-1.08805e-05
2.45507e-05
-1.0816e-05
2.79424e-05
-1.05706e-05
3.13738e-05
-1.01093e-05
3.4793e-05
-9.39978e-06
3.81305e-05
-8.41715e-06
4.12983e-05
-7.1514e-06
4.41935e-05
-5.61619e-06
4.67047e-05
-3.85894e-06
4.87199e-05
-1.94336e-06
5.00576e-05
4.90998e-05
-6.00072e-06
1.2931e-06
-6.66689e-06
3.96957e-06
-7.24524e-06
6.67315e-06
-7.72502e-06
9.42701e-06
-8.11336e-06
1.22626e-05
-8.41359e-06
1.51926e-05
-8.6234e-06
1.82212e-05
-8.73491e-06
2.13451e-05
-8.73636e-06
2.45521e-05
-8.61258e-06
2.78186e-05
-8.34587e-06
3.1107e-05
-7.91741e-06
3.43646e-05
-7.31015e-06
3.75232e-05
-6.51212e-06
4.05002e-05
-5.51941e-06
4.32008e-05
-4.33834e-06
4.55236e-05
-2.98492e-06
4.73665e-05
-1.49651e-06
4.85692e-05
4.76033e-05
-2.72654e-06
-3.13661e-06
-3.56499e-06
-3.97154e-06
-4.32453e-06
-4.60458e-06
-4.80127e-06
-4.90925e-06
-4.9252e-06
-4.8464e-06
-4.67027e-06
-4.39488e-06
-4.01888e-06
-3.54245e-06
-2.96839e-06
-2.30237e-06
-1.5657e-06
-7.79306e-07
)
;

boundaryField
{
    leftWall
    {
        type            calculated;
        value           uniform 0;
    }
    rightWall
    {
        type            calculated;
        value           uniform 0;
    }
    lowerWall
    {
        type            calculated;
        value           nonuniform List<scalar> 
62
(
7.15672e-23
1.45967e-22
5.86945e-23
-5.19594e-23
4.90907e-23
-3.61785e-23
7.94552e-23
4.66708e-23
6.04135e-23
-1.64117e-23
2.58569e-23
-9.36562e-23
-1.92488e-24
-1.01512e-22
1.08696e-23
-1.11934e-22
8.48926e-23
6.38984e-23
3.27975e-23
6.26728e-24
3.18422e-23
-1.38727e-22
2.58494e-25
0
0
0
0
0
0
0
0
5.29396e-23
0
3.97047e-23
0
0
0
0
0
0
0
0
0
1.10222e-22
-6.56058e-23
1.76293e-23
-2.84343e-23
-2.22046e-23
-2.15377e-22
2.11202e-22
1.74509e-22
1.06396e-22
3.60341e-23
7.19647e-23
2.99594e-23
-2.27455e-22
-4.94628e-23
-1.32349e-22
-2.11758e-22
-1.45584e-22
1.05879e-22
-2.64698e-23
)
;
    }
    atmosphere
    {
        type            calculated;
        value           nonuniform List<scalar> 
46
(
-2.95617e-05
-2.99497e-05
-2.98029e-05
-2.95878e-05
-2.92788e-05
-2.88818e-05
-2.83945e-05
-2.78153e-05
-2.71432e-05
-2.6377e-05
-2.55146e-05
-2.45533e-05
-2.34895e-05
-2.23187e-05
-2.10383e-05
-1.96432e-05
-1.81273e-05
-1.64833e-05
-1.47009e-05
-1.27656e-05
-1.06505e-05
-8.32118e-06
-5.75828e-06
-1.8279e-06
-1.25373e-06
-7.0472e-07
-1.74538e-07
1.62513e-06
4.37964e-06
7.10153e-06
9.83355e-06
1.26155e-05
1.54726e-05
1.84179e-05
2.14531e-05
2.45681e-05
2.77398e-05
3.09309e-05
3.40892e-05
3.71472e-05
4.00238e-05
4.26267e-05
4.48576e-05
4.66298e-05
4.77828e-05
4.6824e-05
)
;
    }
    defaultFaces
    {
        type            empty;
        value           nonuniform 0();
    }
}


// ************************************************************************* //
