/*--------------------------------*- C++ -*----------------------------------*\
| =========                 |                                                 |
| \\      /  F ield         | OpenFOAM: The Open Source CFD Toolbox           |
|  \\    /   O peration     | Version:  2.4.0                                 |
|   \\  /    A nd           | Web:      www.OpenFOAM.org                      |
|    \\/     M anipulation  |                                                 |
\*---------------------------------------------------------------------------*/
FoamFile
{
    version     2.0;
    format      ascii;
    class       volVectorField;
    location    "0.2";
    object      U;
}
// * * * * * * * * * * * * * * * * * * * * * * * * * * * * * * * * * * * * * //

dimensions      [0 1 -1 0 0 0 0];

internalField   nonuniform List<vector> 
2268
(
(0.0178451 -0.00843094 0)
(0.0536617 -0.00851956 0)
(0.0903344 -0.00868676 0)
(0.126779 -0.00896546 0)
(0.167865 -0.00923586 0)
(0.202284 -0.00974941 0)
(0.254145 -0.0099188 0)
(0.286005 -0.0123428 0)
(0.348863 -0.00916644 0)
(0.383496 -0.0143504 0)
(0.44286 -0.0165423 0)
(0.527875 -0.0143967 0)
(0.588766 -0.0128649 0)
(0.627159 -0.013222 0)
(0.688095 -0.0147812 0)
(0.753037 -0.0196765 0)
(0.848564 -0.015541 0)
(0.899376 -0.018637 0)
(0.95267 -0.00229839 0)
(0.929938 0.0166492 0)
(0.845944 0.0511859 0)
(0.570385 0.119755 0)
(0.255689 0.031472 0)
(0.017812 -0.0252861 0)
(0.0535717 -0.025561 0)
(0.0901783 -0.0260628 0)
(0.126592 -0.0269232 0)
(0.167628 -0.0275719 0)
(0.201769 -0.0298643 0)
(0.254041 -0.0280874 0)
(0.286481 -0.0396941 0)
(0.346342 -0.0258471 0)
(0.383943 -0.040616 0)
(0.445643 -0.051718 0)
(0.528913 -0.0463143 0)
(0.582012 -0.0384203 0)
(0.619762 -0.0395591 0)
(0.686958 -0.0452023 0)
(0.770591 -0.0533325 0)
(0.868003 -0.0535113 0)
(0.935914 -0.0422353 0)
(0.983642 -0.00457527 0)
(0.960774 0.0289433 0)
(0.875833 0.113269 0)
(0.6031 0.198496 0)
(0.304342 0.301129 0)
(0.0177281 -0.0420805 0)
(0.0533279 -0.0425383 0)
(0.089754 -0.0433803 0)
(0.126095 -0.0448125 0)
(0.166836 -0.0459256 0)
(0.20084 -0.0492683 0)
(0.253203 -0.0488432 0)
(0.284812 -0.0612936 0)
(0.344049 -0.0466316 0)
(0.384289 -0.0696505 0)
(0.446668 -0.0853763 0)
(0.525136 -0.0718936 0)
(0.573887 -0.0599746 0)
(0.618957 -0.0684212 0)
(0.696172 -0.0887674 0)
(0.788511 -0.100978 0)
(0.889736 -0.0956986 0)
(0.954656 -0.0688625 0)
(1.00236 -0.00974053 0)
(0.982893 0.0887928 0)
(0.929276 0.267681 0)
(0.64915 0.411209 0)
(0.339196 0.484607 0)
(0.0176027 -0.0587821 0)
(0.052963 -0.059424 0)
(0.0891194 -0.0606218 0)
(0.125385 -0.0626065 0)
(0.165519 -0.0641347 0)
(0.199947 -0.0689355 0)
(0.251095 -0.0681995 0)
(0.282695 -0.0842515 0)
(0.341268 -0.0679187 0)
(0.38395 -0.0951746 0)
(0.444347 -0.118451 0)
(0.514924 -0.101771 0)
(0.565446 -0.087295 0)
(0.630314 -0.103355 0)
(0.715977 -0.126299 0)
(0.808801 -0.143243 0)
(0.897459 -0.139572 0)
(0.954396 -0.119391 0)
(1.01668 -0.0533773 0)
(0.977913 0.0248725 0)
(0.93627 0.238209 0)
(0.668932 0.508663 0)
(0.371954 0.711539 0)
(0.0174331 -0.0753712 0)
(0.0524642 -0.0761975 0)
(0.0882691 -0.0777755 0)
(0.124399 -0.0802711 0)
(0.163828 -0.0823435 0)
(0.198559 -0.0881457 0)
(0.24862 -0.0884952 0)
(0.278949 -0.104879 0)
(0.337746 -0.0903874 0)
(0.383377 -0.124477 0)
(0.437818 -0.145084 0)
(0.500323 -0.126203 0)
(0.563153 -0.120932 0)
(0.653702 -0.146339 0)
(0.74196 -0.173043 0)
(0.814901 -0.198431 0)
(0.865926 -0.187436 0)
(0.909277 -0.135613 0)
(0.892924 -0.0269231 0)
(0.779908 0.213385 0)
(0.789924 0.373856 0)
(0.587386 0.658007 0)
(0.398124 0.863891 0)
(0.0172127 -0.0916941 0)
(0.0518072 -0.0927113 0)
(0.0871738 -0.0947055 0)
(0.123074 -0.0977042 0)
(0.161684 -0.100331 0)
(0.196705 -0.10741 0)
(0.245455 -0.107894 0)
(0.27444 -0.125064 0)
(0.336395 -0.115408 0)
(0.374736 -0.145358 0)
(0.433632 -0.168017 0)
(0.484141 -0.157034 0)
(0.571262 -0.170253 0)
(0.681593 -0.191947 0)
(0.75221 -0.211716 0)
(0.79764 -0.179691 0)
(0.829413 -0.0851286 0)
(0.918545 0.00228908 0)
(0.906722 0.066043 0)
(0.798062 0.188489 0)
(0.441853 0.667045 0)
(0.374148 0.803798 0)
(0.358515 1.11235 0)
(0.0169314 -0.107538 0)
(0.0509598 -0.108746 0)
(0.0858052 -0.111159 0)
(0.121327 -0.114567 0)
(0.159098 -0.117625 0)
(0.194409 -0.125617 0)
(0.241759 -0.125824 0)
(0.270456 -0.143003 0)
(0.333107 -0.134006 0)
(0.367648 -0.16831 0)
(0.429894 -0.185231 0)
(0.476793 -0.203874 0)
(0.58671 -0.230888 0)
(0.687867 -0.2323 0)
(0.720622 -0.156747 0)
(0.779773 -0.128856 0)
(0.896409 -0.253779 0)
(0.98359 -0.223582 0)
(1.03647 -0.0531377 0)
(0.913149 0.174104 0)
(0.580288 0.564401 0)
(0.1936 0.852321 0)
(0.376018 1.27702 0)
(0.0166225 -0.123192 0)
(0.0500279 -0.124549 0)
(0.0843834 -0.127319 0)
(0.119466 -0.131064 0)
(0.156672 -0.134549 0)
(0.192434 -0.144146 0)
(0.238698 -0.144587 0)
(0.268098 -0.164079 0)
(0.330467 -0.159015 0)
(0.364285 -0.196323 0)
(0.419239 -0.226446 0)
(0.48323 -0.254676 0)
(0.594531 -0.257611 0)
(0.634513 -0.177547 0)
(0.656836 -0.198875 0)
(0.771282 -0.319918 0)
(0.921879 -0.302259 0)
(0.979669 -0.170142 0)
(1.00908 0.0612424 0)
(0.78515 0.319931 0)
(0.784012 0.706502 0)
(0.183317 1.02641 0)
(0.367771 1.40759 0)
(-1.41951 -0.34253 0)
(-1.407 -0.480005 0)
(-1.59523 -0.149645 0)
(-1.82456 -0.0320857 0)
(-1.8775 -0.151874 0)
(-1.22149 -0.339461 0)
(-0.421787 -0.302746 0)
(0.163542 -0.221676 0)
(0.673154 -0.202001 0)
(1.04476 -0.174352 0)
(1.33832 -0.144972 0)
(1.58502 -0.136968 0)
(1.8238 -0.148372 0)
(2.09406 -0.150837 0)
(2.32298 -0.140558 0)
(2.41497 -0.0832957 0)
(2.28441 -0.0639553 0)
(1.85801 0.0487944 0)
(1.56248 0.098683 0)
(-0.57025 1.17479 0)
(-0.870285 0.972433 0)
(-1.09817 0.26755 0)
(-1.04371 0.11326 0)
(-1.08346 0.0782398 0)
(-0.6149 -0.346536 0)
(-0.125715 -0.392085 0)
(0.427894 -0.287752 0)
(0.84526 -0.190261 0)
(1.1549 -0.124734 0)
(1.43898 -0.0962949 0)
(1.70718 -0.0981259 0)
(1.94897 -0.111437 0)
(2.14485 -0.103149 0)
(2.28814 -0.0755421 0)
(2.36954 -0.00846511 0)
(2.36988 0.186984 0)
(1.92107 0.537265 0)
(1.60683 1.03815 0)
(-0.684799 0.888585 0)
(-1.20583 0.00761914 0)
(-2.05236 0.348556 0)
(-1.25316 0.00139089 0)
(-0.650631 -0.333799 0)
(-0.084888 -0.709029 0)
(0.255821 -0.705265 0)
(0.615218 -0.592685 0)
(1.0011 -0.46225 0)
(1.3136 -0.371698 0)
(1.58333 -0.322642 0)
(1.82367 -0.3091 0)
(2.05167 -0.281802 0)
(2.23152 -0.224033 0)
(2.33396 -0.145309 0)
(2.37221 -0.0263668 0)
(2.40913 0.130747 0)
(1.99827 0.484223 0)
(1.66182 1.53237 0)
(-0.726699 1.22394 0)
(-1.6711 0.724116 0)
(-2.71798 -0.13711 0)
(-2.87494 0.139636 0)
(-0.33617 -0.63335 0)
(0.403225 -0.944312 0)
(0.529861 -0.782886 0)
(0.857965 -0.647482 0)
(1.17757 -0.514461 0)
(1.45272 -0.418824 0)
(1.6824 -0.365539 0)
(1.89925 -0.347374 0)
(2.09611 -0.313882 0)
(2.23529 -0.24427 0)
(2.32148 -0.115037 0)
(2.34643 -0.0453626 0)
(2.40722 0.109509 0)
(1.6412 1.01977 0)
(1.80299 2.13411 0)
(-0.538104 1.73697 0)
(-0.796959 1.20102 0)
(-0.374643 0.102376 0)
(-1.75515 -0.678549 0)
(0.572099 -0.962015 0)
(0.653263 -1.08096 0)
(0.766873 -0.967158 0)
(1.03639 -0.829181 0)
(1.28086 -0.677754 0)
(1.50918 -0.56461 0)
(1.72676 -0.502595 0)
(1.93508 -0.455866 0)
(2.10271 -0.378555 0)
(2.21268 -0.258658 0)
(2.23685 -0.233185 0)
(2.32428 -0.115887 0)
(2.66301 0.314178 0)
(0.570351 2.5384 0)
(2.39393 2.70186 0)
(-0.331317 1.96759 0)
(0.227642 1.13907 0)
(0.140624 0.0842418 0)
(0.328366 -0.744477 0)
(0.928801 -1.16778 0)
(0.926041 -1.11368 0)
(1.01419 -1.01476 0)
(1.2146 -0.86418 0)
(1.39018 -0.718915 0)
(1.59546 -0.607291 0)
(1.79259 -0.547504 0)
(1.95596 -0.498476 0)
(2.09114 -0.398715 0)
(2.12698 -0.373256 0)
(2.24806 -0.227836 0)
(2.50053 0.115426 0)
(2.54953 0.653138 0)
(0.356945 1.6328 0)
(3.85397 3.75641 0)
(-0.215753 1.88293 0)
(0.808176 0.850524 0)
(0.500036 -0.190912 0)
(0.930367 -0.749319 0)
(1.16622 -1.1171 0)
(1.1115 -1.1878 0)
(1.18122 -1.12335 0)
(1.30861 -0.984291 0)
(1.42962 -0.822231 0)
(1.60891 -0.715237 0)
(1.78135 -0.636531 0)
(1.92244 -0.56704 0)
(1.9941 -0.532997 0)
(2.14715 -0.369847 0)
(2.56404 -0.0407572 0)
(2.37768 0.0653799 0)
(2.4469 0.509484 0)
(0.0606573 1.40103 0)
(3.8111 4.44717 0)
(0.292929 1.5612 0)
(1.1547 1.13743 0)
(0.89176 -0.305406 0)
(1.21791 -0.778351 0)
(1.30328 -1.21547 0)
(1.27028 -1.20492 0)
(1.3273 -1.14336 0)
(1.40542 -1.00288 0)
(1.48926 -0.852798 0)
(1.64057 -0.763369 0)
(1.80372 -0.67788 0)
(1.86985 -0.662816 0)
(2.01892 -0.544593 0)
(2.53668 -0.308402 0)
(2.72804 -0.255711 0)
(2.18703 -0.0101064 0)
(2.36708 0.778192 0)
(0.0509799 1.6109 0)
(2.67464 4.85626 0)
(0.0163013 -0.149181 0)
(0.049023 -0.150951 0)
(0.082963 -0.15479 0)
(0.11731 -0.160234 0)
(0.154167 -0.167077 0)
(0.1911 -0.184607 0)
(0.235074 -0.195012 0)
(0.27682 -0.225046 0)
(0.322858 -0.238374 0)
(0.373339 -0.251252 0)
(0.400525 -0.270876 0)
(0.482526 -0.256946 0)
(0.48046 -0.163301 0)
(0.520175 -0.202094 0)
(0.639012 -0.343123 0)
(0.771523 -0.381249 0)
(0.861417 -0.326073 0)
(0.903365 -0.159046 0)
(0.82789 0.0856902 0)
(0.606068 0.396002 0)
(0.749926 0.724593 0)
(0.836759 1.18746 0)
(0.63429 1.48929 0)
(0.0166832 -0.202492 0)
(0.0497432 -0.205693 0)
(0.0836015 -0.211067 0)
(0.115024 -0.216208 0)
(0.148349 -0.221024 0)
(0.180852 -0.229803 0)
(0.212246 -0.228313 0)
(0.259085 -0.225462 0)
(0.277319 -0.204488 0)
(0.335655 -0.173183 0)
(0.380011 -0.177398 0)
(0.440364 -0.215402 0)
(0.49576 -0.336209 0)
(0.627669 -0.418419 0)
(0.730647 -0.450222 0)
(0.803736 -0.437785 0)
(0.835689 -0.361003 0)
(0.839299 -0.155854 0)
(0.730877 0.207373 0)
(0.632076 0.403546 0)
(0.624027 0.69246 0)
(0.912012 1.00565 0)
(0.977893 1.25355 0)
(0.0132947 -0.182686 0)
(0.039926 -0.180839 0)
(0.0684892 -0.175467 0)
(0.0962773 -0.165173 0)
(0.1322 -0.154628 0)
(0.164738 -0.144028 0)
(0.202551 -0.14533 0)
(0.250995 -0.177761 0)
(0.31214 -0.225697 0)
(0.381543 -0.33078 0)
(0.471028 -0.401071 0)
(0.532433 -0.429957 0)
(0.605249 -0.455852 0)
(0.679227 -0.476737 0)
(0.746024 -0.489292 0)
(0.780061 -0.461184 0)
(0.799128 -0.35699 0)
(0.770836 -0.0847373 0)
(0.676029 0.27737 0)
(0.641926 0.424534 0)
(0.652584 0.633372 0)
(0.824586 0.722364 0)
(1.20144 0.970531 0)
(0.0188216 -0.190753 0)
(0.0556712 -0.201028 0)
(0.095123 -0.21414 0)
(0.136291 -0.244688 0)
(0.181681 -0.271766 0)
(0.232144 -0.317514 0)
(0.284743 -0.352014 0)
(0.343516 -0.384344 0)
(0.398917 -0.392336 0)
(0.451055 -0.420693 0)
(0.502752 -0.424085 0)
(0.541682 -0.432294 0)
(0.595764 -0.482107 0)
(0.648934 -0.529444 0)
(0.698917 -0.528179 0)
(0.732718 -0.476615 0)
(0.736257 -0.326507 0)
(0.658469 -0.0285375 0)
(0.604929 0.294429 0)
(0.620954 0.403685 0)
(0.693145 0.52079 0)
(0.823715 0.513121 0)
(1.10438 0.660288 0)
(0.0222055 -0.322756 0)
(0.0657137 -0.324699 0)
(0.110163 -0.326415 0)
(0.152353 -0.333117 0)
(0.196572 -0.338362 0)
(0.242281 -0.347006 0)
(0.284628 -0.357654 0)
(0.331047 -0.374658 0)
(0.364302 -0.390389 0)
(0.406455 -0.437043 0)
(0.449901 -0.448803 0)
(0.480317 -0.492118 0)
(0.535395 -0.552894 0)
(0.594449 -0.582247 0)
(0.642349 -0.56227 0)
(0.661796 -0.480228 0)
(0.628189 -0.252101 0)
(0.523882 0.0453589 0)
(0.515113 0.284856 0)
(0.567661 0.339604 0)
(0.683206 0.424797 0)
(0.801043 0.367759 0)
(1.03274 0.398231 0)
(0.0194696 -0.30658 0)
(0.0587535 -0.311303 0)
(0.0976471 -0.31883 0)
(0.137662 -0.330574 0)
(0.174703 -0.344969 0)
(0.212764 -0.363167 0)
(0.245486 -0.384896 0)
(0.282418 -0.411706 0)
(0.316568 -0.433665 0)
(0.361227 -0.484961 0)
(0.404626 -0.499161 0)
(0.455142 -0.549395 0)
(0.525121 -0.606368 0)
(0.578699 -0.61734 0)
(0.604104 -0.575492 0)
(0.590334 -0.448893 0)
(0.493726 -0.161206 0)
(0.405142 0.0808195 0)
(0.446002 0.226073 0)
(0.514232 0.257904 0)
(0.655368 0.279373 0)
(0.785952 0.208911 0)
(0.963047 0.195194 0)
(0.0181686 -0.373915 0)
(0.0542073 -0.377817 0)
(0.0894965 -0.384247 0)
(0.124683 -0.393328 0)
(0.159857 -0.406417 0)
(0.193946 -0.422163 0)
(0.229592 -0.442433 0)
(0.268366 -0.467377 0)
(0.303636 -0.492842 0)
(0.348314 -0.531628 0)
(0.389994 -0.546552 0)
(0.425099 -0.611864 0)
(0.484933 -0.660489 0)
(0.519437 -0.648593 0)
(0.533041 -0.571854 0)
(0.463707 -0.364501 0)
(0.343527 -0.077731 0)
(0.321 0.0733677 0)
(0.391551 0.147646 0)
(0.480821 0.150058 0)
(0.625495 0.124921 0)
(0.746457 0.0757497 0)
(0.878439 0.0552074 0)
(0.0157352 -0.39606 0)
(0.0472427 -0.399311 0)
(0.0794683 -0.405277 0)
(0.110902 -0.413626 0)
(0.143126 -0.426285 0)
(0.175187 -0.442039 0)
(0.2064 -0.462041 0)
(0.237705 -0.48606 0)
(0.264374 -0.51387 0)
(0.300014 -0.557172 0)
(0.329633 -0.583525 0)
(0.369644 -0.664864 0)
(0.427665 -0.684528 0)
(0.439344 -0.652941 0)
(0.41101 -0.514932 0)
(0.276991 -0.234382 0)
(0.227788 -0.0374179 0)
(0.262301 0.0246792 0)
(0.354881 0.0532227 0)
(0.459768 0.0312877 0)
(0.592859 -0.00428695 0)
(0.690482 -0.0386488 0)
(0.823501 -0.0842757 0)
(0.0146012 -0.429835 0)
(0.0439888 -0.434329 0)
(0.0727359 -0.440166 0)
(0.102067 -0.449805 0)
(0.129773 -0.461207 0)
(0.157275 -0.477323 0)
(0.18332 -0.496394 0)
(0.209247 -0.519674 0)
(0.235253 -0.550504 0)
(0.261811 -0.588689 0)
(0.289351 -0.624226 0)
(0.332908 -0.716062 0)
(0.365906 -0.713004 0)
(0.356654 -0.634167 0)
(0.244783 -0.40378 0)
(0.139471 -0.171412 0)
(0.164043 -0.0749467 0)
(0.236542 -0.0576397 0)
(0.335426 -0.0539868 0)
(0.444747 -0.0840342 0)
(0.555168 -0.114859 0)
(0.64351 -0.152105 0)
(0.778909 -0.198584 0)
(0.0129495 -0.457409 0)
(0.0386007 -0.460889 0)
(0.0644829 -0.46667 0)
(0.0897685 -0.474484 0)
(0.115516 -0.486781 0)
(0.139806 -0.500746 0)
(0.16359 -0.518572 0)
(0.183744 -0.539959 0)
(0.202763 -0.56618 0)
(0.216714 -0.60126 0)
(0.235206 -0.653175 0)
(0.251271 -0.747983 0)
(0.255521 -0.712164 0)
(0.174405 -0.542119 0)
(0.0486323 -0.281917 0)
(0.0631623 -0.173919 0)
(0.1269 -0.144757 0)
(0.229059 -0.153104 0)
(0.320901 -0.159049 0)
(0.427459 -0.185558 0)
(0.514539 -0.211176 0)
(0.610704 -0.246624 0)
(0.712241 -0.271602 0)
(0.0115544 -0.476263 0)
(0.0346535 -0.479968 0)
(0.0574774 -0.484999 0)
(0.0808403 -0.492819 0)
(0.103667 -0.502006 0)
(0.125997 -0.514587 0)
(0.146503 -0.528505 0)
(0.16216 -0.545197 0)
(0.175962 -0.568844 0)
(0.165659 -0.601037 0)
(0.172159 -0.662818 0)
(0.103169 -0.745901 0)
(0.0692396 -0.635665 0)
(-0.0425096 -0.414102 0)
(-0.0330307 -0.276253 0)
(0.0319686 -0.246113 0)
(0.130079 -0.241815 0)
(0.225813 -0.246209 0)
(0.308619 -0.252493 0)
(0.413662 -0.267035 0)
(0.47723 -0.287872 0)
(0.592001 -0.338497 0)
(0.644743 -0.42664 0)
(0.0109512 -0.497857 0)
(0.032477 -0.501764 0)
(0.0537581 -0.508279 0)
(0.0740988 -0.518666 0)
(0.0949588 -0.533781 0)
(0.115933 -0.553379 0)
(0.136238 -0.578185 0)
(0.149939 -0.605861 0)
(0.152569 -0.627976 0)
(0.122718 -0.640806 0)
(0.0639983 -0.656486 0)
(-0.113121 -0.700929 0)
(-0.130706 -0.557891 0)
(-0.121168 -0.399848 0)
(-0.0459652 -0.347582 0)
(0.0458505 -0.332042 0)
(0.137347 -0.3252 0)
(0.224197 -0.320698 0)
(0.302529 -0.341066 0)
(0.402522 -0.371602 0)
(0.439032 -0.439018 0)
(0.501928 -0.525656 0)
(0.454111 -0.60601 0)
(0.00967915 -0.571316 0)
(0.0278878 -0.573993 0)
(0.0447826 -0.576488 0)
(0.059303 -0.579306 0)
(0.0734008 -0.57947 0)
(0.0968126 -0.580534 0)
(0.126892 -0.602992 0)
(0.143181 -0.626796 0)
(0.139725 -0.61651 0)
(0.0991489 -0.520793 0)
(-0.258398 -0.278414 0)
(-0.372176 -0.503854 0)
(-0.20305 -0.609193 0)
(-0.128701 -0.528268 0)
(-0.00943546 -0.507408 0)
(0.0688919 -0.4811 0)
(0.144275 -0.466925 0)
(0.209688 -0.468776 0)
(0.269626 -0.489273 0)
(0.317501 -0.52122 0)
(0.316981 -0.495288 0)
(0.23223 0.145049 0)
(-0.136061 0.37482 0)
(0.00831748 -0.545426 0)
(0.0226971 -0.536461 0)
(0.0383675 -0.511515 0)
(0.055378 -0.459177 0)
(0.0688813 -0.353563 0)
(0.0535627 -0.158269 0)
(-0.0219558 0.121998 0)
(-0.131971 0.3187 0)
(-0.256801 0.339339 0)
(-0.337403 0.451367 0)
(-0.574233 0.321384 0)
(-0.281402 -0.262885 0)
(-0.204966 -0.599614 0)
(-0.0449832 -0.630338 0)
(0.0263985 -0.606549 0)
(0.0707441 -0.55981 0)
(0.118952 -0.531142 0)
(0.145841 -0.472706 0)
(0.101738 -0.267739 0)
(-0.0424642 0.394229 0)
(-0.377012 0.511533 0)
(-0.576675 -0.294501 0)
(-0.438781 -0.397223 0)
(-0.039431 0.135991 0)
(-0.118091 0.11588 0)
(-0.199325 0.0815679 0)
(-0.289613 0.00230488 0)
(-0.38237 -0.14446 0)
(-0.466849 -0.378086 0)
(-0.49735 -0.651329 0)
(-0.441907 -0.859541 0)
(-0.348953 -0.910407 0)
(-0.153735 -0.814932 0)
(0.161492 -0.910156 0)
(0.441017 -0.895152 0)
(0.291501 -0.522265 0)
(0.183567 -0.0925083 0)
(-0.0211641 0.105696 0)
(-0.184883 0.158499 0)
(-0.343921 0.199188 0)
(-0.501469 0.188408 0)
(-0.620353 -0.0829869 0)
(-0.524394 -0.543951 0)
(-0.264078 -0.58102 0)
(-0.153162 -0.271793 0)
(-0.446309 0.110358 0)
(-0.0203335 -0.833382 0)
(-0.0569965 -0.834088 0)
(-0.0815683 -0.82701 0)
(-0.0914593 -0.80736 0)
(-0.0912133 -0.771491 0)
(-0.0748055 -0.712081 0)
(-0.055237 -0.621979 0)
(-0.0547995 -0.524656 0)
(-0.0777242 -0.44854 0)
(-0.0742898 -0.39229 0)
(-0.0324688 -0.503708 0)
(-0.153312 -0.795836 0)
(-0.26926 -0.806607 0)
(-0.363034 -0.708381 0)
(-0.378358 -0.661548 0)
(-0.347455 -0.662817 0)
(-0.275406 -0.683671 0)
(-0.145551 -0.676011 0)
(-0.00427116 -0.586055 0)
(-0.0133567 -0.36456 0)
(-0.220538 -0.0590034 0)
(-0.490445 0.11044 0)
(-0.575476 0.112687 0)
(-0.00578605 -0.233231 0)
(-0.014979 -0.24716 0)
(-0.0239903 -0.261623 0)
(-0.0392269 -0.283429 0)
(-0.0552884 -0.311752 0)
(-0.0718868 -0.349227 0)
(-0.0895493 -0.400494 0)
(-0.114598 -0.453663 0)
(-0.146279 -0.494872 0)
(-0.153789 -0.524866 0)
(-0.159154 -0.57342 0)
(-0.258036 -0.599076 0)
(-0.340757 -0.484974 0)
(-0.366087 -0.364978 0)
(-0.337287 -0.303248 0)
(-0.28272 -0.316896 0)
(-0.224571 -0.336428 0)
(-0.202794 -0.328156 0)
(-0.254011 -0.217551 0)
(-0.42328 -0.077658 0)
(-0.579561 0.0215932 0)
(-0.593448 0.0691007 0)
(-0.572127 0.119629 0)
(-0.00569314 -0.445012 0)
(-0.0166974 -0.459348 0)
(-0.0267124 -0.467955 0)
(-0.0395155 -0.478364 0)
(-0.0524752 -0.489659 0)
(-0.0676595 -0.50041 0)
(-0.0867099 -0.510834 0)
(-0.113527 -0.520135 0)
(-0.14557 -0.52205 0)
(-0.168582 -0.518816 0)
(-0.211537 -0.533976 0)
(-0.278146 -0.523766 0)
(-0.336948 -0.48562 0)
(-0.356714 -0.445044 0)
(-0.365863 -0.445504 0)
(-0.379926 -0.468296 0)
(-0.413548 -0.472428 0)
(-0.490556 -0.402871 0)
(-0.574865 -0.226902 0)
(-0.621859 -0.0492242 0)
(-0.626877 0.0361586 0)
(-0.605194 0.0705524 0)
(-0.565732 0.0970125 0)
(-0.00340556 -0.437621 0)
(-0.0111249 -0.448649 0)
(-0.0201013 -0.450394 0)
(-0.0321613 -0.45298 0)
(-0.0470365 -0.457238 0)
(-0.0661825 -0.463173 0)
(-0.0903659 -0.469409 0)
(-0.120892 -0.474317 0)
(-0.154875 -0.475058 0)
(-0.190039 -0.473229 0)
(-0.239011 -0.477088 0)
(-0.291328 -0.483559 0)
(-0.338636 -0.473842 0)
(-0.364126 -0.451968 0)
(-0.391575 -0.444118 0)
(-0.430765 -0.439087 0)
(-0.495146 -0.408896 0)
(-0.577862 -0.314534 0)
(-0.627823 -0.154111 0)
(-0.632675 -0.0401256 0)
(-0.607796 0.00434518 0)
(-0.568828 0.0284994 0)
(-0.53392 0.0681644 0)
(-0.00529111 -0.38676 0)
(-0.0167571 -0.399443 0)
(-0.0292225 -0.403552 0)
(-0.0435886 -0.40913 0)
(-0.0604431 -0.415207 0)
(-0.0805643 -0.421239 0)
(-0.104759 -0.426561 0)
(-0.132414 -0.43026 0)
(-0.161848 -0.431633 0)
(-0.193826 -0.433083 0)
(-0.232516 -0.438983 0)
(-0.279938 -0.43983 0)
(-0.321539 -0.421076 0)
(-0.356656 -0.397684 0)
(-0.397461 -0.375291 0)
(-0.450729 -0.351226 0)
(-0.517214 -0.313185 0)
(-0.57718 -0.246413 0)
(-0.597064 -0.139405 0)
(-0.572938 -0.0612164 0)
(-0.541034 -0.0326876 0)
(-0.509229 -0.00538482 0)
(-0.481091 0.033245 0)
(-0.00611358 -0.382524 0)
(-0.0192585 -0.393555 0)
(-0.0332375 -0.395629 0)
(-0.0487268 -0.399132 0)
(-0.06609 -0.402747 0)
(-0.0854811 -0.406021 0)
(-0.107095 -0.408554 0)
(-0.13051 -0.409891 0)
(-0.155093 -0.409762 0)
(-0.183168 -0.409411 0)
(-0.217984 -0.406607 0)
(-0.255095 -0.395226 0)
(-0.289833 -0.381178 0)
(-0.325584 -0.359934 0)
(-0.360718 -0.330743 0)
(-0.399 -0.297109 0)
(-0.438988 -0.259889 0)
(-0.478101 -0.220986 0)
(-0.504206 -0.171098 0)
(-0.492163 -0.0980061 0)
(-0.472083 -0.0465438 0)
(-0.458425 -0.0235954 0)
(-0.438979 0.0109848 0)
(-0.0070161 -0.366425 0)
(-0.0220303 -0.376649 0)
(-0.037305 -0.376892 0)
(-0.0535858 -0.377685 0)
(-0.0711002 -0.378448 0)
(-0.0899826 -0.379013 0)
(-0.110227 -0.378918 0)
(-0.131694 -0.377558 0)
(-0.154544 -0.37485 0)
(-0.17975 -0.370716 0)
(-0.206896 -0.363924 0)
(-0.234714 -0.354565 0)
(-0.267184 -0.338159 0)
(-0.300202 -0.31648 0)
(-0.332115 -0.296298 0)
(-0.360185 -0.269807 0)
(-0.38269 -0.235961 0)
(-0.406324 -0.192636 0)
(-0.424955 -0.140851 0)
(-0.433608 -0.0963354 0)
(-0.43166 -0.0661397 0)
(-0.4156 -0.0354784 0)
(-0.414072 0.00516882 0)
(-0.00716837 -0.355734 0)
(-0.022333 -0.365357 0)
(-0.0378244 -0.365322 0)
(-0.0538919 -0.365739 0)
(-0.070734 -0.365908 0)
(-0.0884899 -0.365585 0)
(-0.107297 -0.364499 0)
(-0.127236 -0.362366 0)
(-0.148916 -0.359025 0)
(-0.172872 -0.353757 0)
(-0.198533 -0.344378 0)
(-0.225414 -0.329454 0)
(-0.252081 -0.314006 0)
(-0.278602 -0.296819 0)
(-0.3058 -0.273673 0)
(-0.332777 -0.246672 0)
(-0.355791 -0.216327 0)
(-0.372673 -0.186593 0)
(-0.380386 -0.150398 0)
(-0.387333 -0.104232 0)
(-0.387804 -0.0587974 0)
(-0.389991 -0.0276125 0)
(-0.388415 -0.00213695 0)
(-0.00700015 -0.337783 0)
(-0.0217529 -0.346623 0)
(-0.0368229 -0.345874 0)
(-0.0524764 -0.345079 0)
(-0.0689392 -0.343843 0)
(-0.0864727 -0.341994 0)
(-0.105216 -0.339291 0)
(-0.125371 -0.335445 0)
(-0.146998 -0.330059 0)
(-0.169859 -0.322792 0)
(-0.193139 -0.313638 0)
(-0.215436 -0.302652 0)
(-0.236954 -0.288112 0)
(-0.258837 -0.26937 0)
(-0.278297 -0.246942 0)
(-0.295978 -0.22184 0)
(-0.315294 -0.19315 0)
(-0.336227 -0.15624 0)
(-0.355944 -0.117086 0)
(-0.360467 -0.0867997 0)
(-0.356886 -0.0665803 0)
(-0.355724 -0.0369512 0)
(-0.357183 0.00261599 0)
(-0.00693823 -0.327264 0)
(-0.0214678 -0.335875 0)
(-0.0362136 -0.334987 0)
(-0.0514165 -0.334059 0)
(-0.0671952 -0.332495 0)
(-0.0836608 -0.330131 0)
(-0.100925 -0.326735 0)
(-0.119074 -0.322133 0)
(-0.138172 -0.316158 0)
(-0.157973 -0.308275 0)
(-0.178061 -0.297703 0)
(-0.198594 -0.284099 0)
(-0.219584 -0.267769 0)
(-0.24032 -0.249555 0)
(-0.261702 -0.229776 0)
(-0.281363 -0.206533 0)
(-0.29778 -0.182254 0)
(-0.308014 -0.158453 0)
(-0.312989 -0.132065 0)
(-0.317374 -0.0974011 0)
(-0.323143 -0.0599095 0)
(-0.328756 -0.0289866 0)
(-0.326682 -0.00268003 0)
(-0.0067417 -0.309503 0)
(-0.0209745 -0.317321 0)
(-0.0353205 -0.315895 0)
(-0.0500322 -0.31408 0)
(-0.0651619 -0.311531 0)
(-0.0807753 -0.308138 0)
(-0.0968986 -0.30377 0)
(-0.113544 -0.298232 0)
(-0.130703 -0.291251 0)
(-0.148378 -0.28262 0)
(-0.166513 -0.272339 0)
(-0.184774 -0.260515 0)
(-0.202597 -0.246853 0)
(-0.219584 -0.230214 0)
(-0.234872 -0.210155 0)
(-0.249101 -0.188412 0)
(-0.262345 -0.164065 0)
(-0.275677 -0.136587 0)
(-0.287593 -0.107966 0)
(-0.295014 -0.0827888 0)
(-0.297248 -0.0593983 0)
(-0.298187 -0.0326232 0)
(-0.298243 -0.00343379 0)
(-0.00649199 -0.2991 0)
(-0.0199906 -0.306792 0)
(-0.0336216 -0.305342 0)
(-0.0475145 -0.303503 0)
(-0.0617534 -0.300868 0)
(-0.0764195 -0.297326 0)
(-0.0915696 -0.292719 0)
(-0.107219 -0.286872 0)
(-0.123278 -0.279577 0)
(-0.139506 -0.270585 0)
(-0.155657 -0.25968 0)
(-0.171641 -0.246678 0)
(-0.187504 -0.231642 0)
(-0.203091 -0.215143 0)
(-0.218065 -0.197266 0)
(-0.231754 -0.177328 0)
(-0.243813 -0.155923 0)
(-0.253337 -0.133172 0)
(-0.26028 -0.108871 0)
(-0.26539 -0.0825798 0)
(-0.269491 -0.0559555 0)
(-0.272369 -0.0306271 0)
(-0.272491 -0.00558679 0)
(-0.00613485 -0.284053 0)
(-0.0190011 -0.291183 0)
(-0.0319158 -0.289458 0)
(-0.0450414 -0.287165 0)
(-0.0584046 -0.283985 0)
(-0.0720397 -0.279848 0)
(-0.0859578 -0.274661 0)
(-0.100141 -0.268311 0)
(-0.114544 -0.260684 0)
(-0.129106 -0.25169 0)
(-0.143726 -0.241266 0)
(-0.158204 -0.229358 0)
(-0.172241 -0.215806 0)
(-0.185606 -0.200302 0)
(-0.19817 -0.182873 0)
(-0.209793 -0.163931 0)
(-0.220223 -0.143451 0)
(-0.229351 -0.121679 0)
(-0.23687 -0.0991187 0)
(-0.242263 -0.0764326 0)
(-0.245465 -0.0535666 0)
(-0.247606 -0.0302322 0)
(-0.248327 -0.00651729 0)
(-0.00580204 -0.273095 0)
(-0.0178743 -0.280022 0)
(-0.0299864 -0.27825 0)
(-0.0422485 -0.275864 0)
(-0.0546834 -0.272575 0)
(-0.067314 -0.268315 0)
(-0.0801419 -0.26299 0)
(-0.0931391 -0.256496 0)
(-0.106242 -0.24872 0)
(-0.119356 -0.239564 0)
(-0.132372 -0.228953 0)
(-0.145185 -0.216835 0)
(-0.157682 -0.203235 0)
(-0.169679 -0.188258 0)
(-0.180934 -0.171926 0)
(-0.191237 -0.154209 0)
(-0.200396 -0.135257 0)
(-0.208216 -0.115206 0)
(-0.214596 -0.0942353 0)
(-0.219419 -0.0725668 0)
(-0.222661 -0.0507031 0)
(-0.224865 -0.0289649 0)
(-0.225838 -0.00707849 0)
(-0.00539249 -0.261033 0)
(-0.0166341 -0.267617 0)
(-0.0278871 -0.265744 0)
(-0.0392474 -0.26318 0)
(-0.0507245 -0.259678 0)
(-0.0623286 -0.255195 0)
(-0.0740513 -0.24967 0)
(-0.0858638 -0.243037 0)
(-0.0977158 -0.235234 0)
(-0.109536 -0.226209 0)
(-0.121229 -0.215913 0)
(-0.132675 -0.204313 0)
(-0.143732 -0.191373 0)
(-0.154267 -0.177075 0)
(-0.164144 -0.161472 0)
(-0.17321 -0.144676 0)
(-0.181306 -0.126794 0)
(-0.188305 -0.107997 0)
(-0.194097 -0.0884763 0)
(-0.198528 -0.0684383 0)
(-0.201523 -0.0481213 0)
(-0.203563 -0.0277402 0)
(-0.204697 -0.00722712 0)
(-0.00498826 -0.250698 0)
(-0.0153573 -0.257061 0)
(-0.0257228 -0.255156 0)
(-0.0361628 -0.252516 0)
(-0.046677 -0.248931 0)
(-0.0572654 -0.244364 0)
(-0.0679142 -0.238768 0)
(-0.0785931 -0.232092 0)
(-0.089255 -0.224288 0)
(-0.0998368 -0.215315 0)
(-0.11026 -0.205145 0)
(-0.120432 -0.193764 0)
(-0.130247 -0.181181 0)
(-0.139584 -0.167431 0)
(-0.148312 -0.152558 0)
(-0.156308 -0.136627 0)
(-0.16345 -0.119743 0)
(-0.169639 -0.102035 0)
(-0.174801 -0.0836553 0)
(-0.178837 -0.0647719 0)
(-0.181656 -0.0456167 0)
(-0.183576 -0.0264082 0)
(-0.184774 -0.00710924 0)
(-0.00455789 -0.240829 0)
(-0.0140257 -0.246964 0)
(-0.0234798 -0.245035 0)
(-0.0329831 -0.242329 0)
(-0.0425305 -0.238674 0)
(-0.0521165 -0.234046 0)
(-0.0617246 -0.228413 0)
(-0.0713256 -0.221742 0)
(-0.080877 -0.214005 0)
(-0.0903227 -0.205177 0)
(-0.0995939 -0.195243 0)
(-0.108609 -0.184199 0)
(-0.117279 -0.172053 0)
(-0.125506 -0.158834 0)
(-0.133191 -0.144593 0)
(-0.140234 -0.129406 0)
(-0.14654 -0.113368 0)
(-0.152026 -0.0965979 0)
(-0.156634 -0.0792276 0)
(-0.160292 -0.0613961 0)
(-0.162912 -0.0432798 0)
(-0.164704 -0.025076 0)
(-0.165907 -0.00680574 0)
(-0.00412251 -0.231997 0)
(-0.012672 -0.237947 0)
(-0.0212025 -0.236013 0)
(-0.0297646 -0.233273 0)
(-0.03835 -0.229586 0)
(-0.0469489 -0.224937 0)
(-0.0555436 -0.219304 0)
(-0.0641063 -0.212667 0)
(-0.0725986 -0.205008 0)
(-0.0809718 -0.196316 0)
(-0.0891672 -0.186585 0)
(-0.0971173 -0.175823 0)
(-0.104747 -0.164049 0)
(-0.111977 -0.151297 0)
(-0.118725 -0.137619 0)
(-0.124911 -0.123083 0)
(-0.130459 -0.107776 0)
(-0.135305 -0.0918034 0)
(-0.139403 -0.0752806 0)
(-0.142701 -0.0583299 0)
(-0.145122 -0.0410978 0)
(-0.146794 -0.0237594 0)
(-0.147972 -0.00636984 0)
(-0.00367838 -0.22401 0)
(-0.0112982 -0.229796 0)
(-0.0188995 -0.227865 0)
(-0.0265199 -0.225103 0)
(-0.0341516 -0.221402 0)
(-0.0417818 -0.216752 0)
(-0.0493924 -0.211141 0)
(-0.0569576 -0.204559 0)
(-0.0644429 -0.196998 0)
(-0.0718056 -0.188454 0)
(-0.0789956 -0.178933 0)
(-0.0859561 -0.168447 0)
(-0.0926249 -0.15702 0)
(-0.0989373 -0.144688 0)
(-0.104827 -0.131502 0)
(-0.110231 -0.11753 0)
(-0.115088 -0.10285 0)
(-0.119348 -0.0875577 0)
(-0.122974 -0.0717567 0)
(-0.125929 -0.0555556 0)
(-0.128151 -0.0390785 0)
(-0.12971 -0.0224803 0)
(-0.130843 -0.00583986 0)
(-0.0032285 -0.216958 0)
(-0.00990877 -0.222597 0)
(-0.0165824 -0.220676 0)
(-0.0232642 -0.217902 0)
(-0.0299526 -0.214197 0)
(-0.0366315 -0.209558 0)
(-0.043284 -0.20398 0)
(-0.0498863 -0.197459 0)
(-0.0564076 -0.189996 0)
(-0.0628109 -0.181595 0)
(-0.0690534 -0.172267 0)
(-0.0750875 -0.162028 0)
(-0.0808622 -0.150907 0)
(-0.0863245 -0.138943 0)
(-0.0914217 -0.126184 0)
(-0.0961032 -0.112694 0)
(-0.100322 -0.0985471 0)
(-0.104038 -0.0838291 0)
(-0.107221 -0.0686344 0)
(-0.109848 -0.0530616 0)
(-0.111872 -0.0372198 0)
(-0.113324 -0.0212456 0)
(-0.114409 -0.00523487 0)
(-0.00276994 -0.210833 0)
(-0.00849771 -0.216332 0)
(-0.0142536 -0.214424 0)
(-0.0200007 -0.211638 0)
(-0.0257559 -0.207934 0)
(-0.0314992 -0.20331 0)
(-0.0372159 -0.197766 0)
(-0.0428858 -0.191307 0)
(-0.048481 -0.183939 0)
(-0.0539695 -0.175671 0)
(-0.0593146 -0.166517 0)
(-0.0644761 -0.1565 0)
(-0.0694118 -0.145648 0)
(-0.074079 -0.134 0)
(-0.078436 -0.121605 0)
(-0.0824432 -0.108523 0)
(-0.0860645 -0.0948224 0)
(-0.0892688 -0.0805836 0)
(-0.0920338 -0.065892 0)
(-0.094344 -0.0508382 0)
(-0.0961698 -0.0355205 0)
(-0.0975205 -0.0200618 0)
(-0.0985616 -0.0045682 0)
(-0.00229526 -0.205644 0)
(-0.00705954 -0.210983 0)
(-0.0119142 -0.20909 0)
(-0.0167302 -0.206295 0)
(-0.0215567 -0.202596 0)
(-0.0263708 -0.19799 0)
(-0.0311628 -0.192481 0)
(-0.0359194 -0.186081 0)
(-0.0406164 -0.178799 0)
(-0.0452265 -0.170648 0)
(-0.0497183 -0.161647 0)
(-0.0540564 -0.151821 0)
(-0.0582041 -0.1412 0)
(-0.0621263 -0.12982 0)
(-0.0657902 -0.117727 0)
(-0.0691659 -0.104981 0)
(-0.0722254 -0.0916476 0)
(-0.0749449 -0.0778001 0)
(-0.0773089 -0.0635159 0)
(-0.07931 -0.0488788 0)
(-0.0809355 -0.033979 0)
(-0.0821882 -0.0189281 0)
(-0.0831932 -0.00384109 0)
(-0.00179481 -0.20142 0)
(-0.0056019 -0.206531 0)
(-0.00959682 -0.204664 0)
(-0.0134934 -0.201874 0)
(-0.0173874 -0.19819 0)
(-0.021263 -0.193613 0)
(-0.0251008 -0.188144 0)
(-0.0289119 -0.181795 0)
(-0.0326888 -0.174576 0)
(-0.0364192 -0.166506 0)
(-0.0400813 -0.157615 0)
(-0.0436416 -0.147933 0)
(-0.0470622 -0.137493 0)
(-0.0503067 -0.126329 0)
(-0.0533426 -0.114486 0)
(-0.0561435 -0.102018 0)
(-0.0586888 -0.0889878 0)
(-0.0609591 -0.0754609 0)
(-0.0629427 -0.0615013 0)
(-0.0646418 -0.0471857 0)
(-0.0660608 -0.0325992 0)
(-0.0672141 -0.0178474 0)
(-0.0681971 -0.00305984 0)
(-0.00127078 -0.198396 0)
(-0.00420324 -0.203174 0)
(-0.00746689 -0.201354 0)
(-0.0105165 -0.198586 0)
(-0.013518 -0.194922 0)
(-0.01647 -0.190381 0)
(-0.019226 -0.184869 0)
(-0.0219028 -0.178467 0)
(-0.0245429 -0.171208 0)
(-0.0271824 -0.163122 0)
(-0.0298485 -0.154244 0)
(-0.0325505 -0.144609 0)
(-0.0352757 -0.134259 0)
(-0.0379796 -0.123242 0)
(-0.0405936 -0.111611 0)
(-0.0430238 -0.0994047 0)
(-0.04517 -0.086655 0)
(-0.0470864 -0.0734205 0)
(-0.0487661 -0.0597589 0)
(-0.0502065 -0.0457276 0)
(-0.0514273 -0.0313829 0)
(-0.0524868 -0.0167908 0)
(-0.0534494 -0.00210323 0)
(-0.000820814 -0.196329 0)
(-0.00316458 -0.200533 0)
(-0.0059758 -0.198786 0)
(-0.00846031 -0.19609 0)
(-0.010878 -0.192491 0)
(-0.0131577 -0.187988 0)
(-0.0154882 -0.182677 0)
(-0.0176763 -0.176444 0)
(-0.0196644 -0.169291 0)
(-0.0214193 -0.161245 0)
(-0.0229355 -0.152358 0)
(-0.0242576 -0.142702 0)
(-0.025481 -0.132328 0)
(-0.0266528 -0.121262 0)
(-0.0278612 -0.109564 0)
(-0.0292047 -0.097308 0)
(-0.0307488 -0.0845656 0)
(-0.0323872 -0.0714056 0)
(-0.0340442 -0.0579224 0)
(-0.0355811 -0.0441909 0)
(-0.0367847 -0.0302484 0)
(-0.0377271 -0.0160788 0)
(-0.0388569 -0.00158086 0)
(-0.000650452 -0.193087 0)
(-0.00295607 -0.195838 0)
(-0.00581012 -0.19422 0)
(-0.00832173 -0.191775 0)
(-0.010827 -0.188475 0)
(-0.0131634 -0.184301 0)
(-0.0152951 -0.17926 0)
(-0.017235 -0.1734 0)
(-0.0189686 -0.166726 0)
(-0.0204699 -0.159233 0)
(-0.0217061 -0.150903 0)
(-0.0226313 -0.14172 0)
(-0.0231915 -0.13172 0)
(-0.0234204 -0.120972 0)
(-0.0233359 -0.10951 0)
(-0.022976 -0.0973743 0)
(-0.0224291 -0.0846199 0)
(-0.0218218 -0.0713003 0)
(-0.0213236 -0.0574643 0)
(-0.0211602 -0.0431707 0)
(-0.0216091 -0.0285272 0)
(-0.0226258 -0.0137472 0)
(-0.023983 0.000805477 0)
(-0.000661439 -0.191375 0)
(-0.00316395 -0.193054 0)
(-0.00632809 -0.191526 0)
(-0.00898666 -0.1892 0)
(-0.0115625 -0.186002 0)
(-0.0139571 -0.181959 0)
(-0.0161555 -0.177087 0)
(-0.0181326 -0.171396 0)
(-0.019864 -0.164898 0)
(-0.0213221 -0.15761 0)
(-0.0224779 -0.149548 0)
(-0.0233007 -0.140731 0)
(-0.0237591 -0.13117 0)
(-0.0238309 -0.120884 0)
(-0.023504 -0.109904 0)
(-0.0227763 -0.0982601 0)
(-0.0216538 -0.0859882 0)
(-0.0201554 -0.0731192 0)
(-0.0183213 -0.0596785 0)
(-0.0162315 -0.0456881 0)
(-0.0140356 -0.0311435 0)
(-0.0120072 -0.0159638 0)
(-0.0106002 2.88423e-05 0)
(0.703408 1.27189 0)
(0.0830225 1.13849 0)
(-0.424663 0.688155 0)
(-0.849817 0.264966 0)
(0.958985 1.13246 0)
(0.97823 1.05601 0)
(0.947305 0.885849 0)
(1.02454 0.595974 0)
(1.29801 1.00364 0)
(1.39954 0.952288 0)
(1.51364 0.830623 0)
(1.65007 0.5881 0)
(1.30291 0.600998 0)
(1.47826 0.582667 0)
(1.61087 0.494137 0)
(1.71853 0.313834 0)
(1.17025 0.310776 0)
(1.29371 0.286891 0)
(1.40129 0.180863 0)
(1.50169 0.0972108 0)
(1.06301 0.153929 0)
(1.15206 0.107195 0)
(1.23114 0.0501816 0)
(1.30972 -0.0288918 0)
(0.977636 -0.00749001 0)
(1.05145 -0.0624478 0)
(1.10966 -0.115503 0)
(1.17394 -0.17867 0)
(0.914159 -0.159931 0)
(0.958595 -0.182877 0)
(1.00619 -0.219043 0)
(1.05385 -0.257829 0)
(0.822525 -0.248178 0)
(0.871888 -0.26287 0)
(0.925673 -0.321103 0)
(0.968841 -0.366746 0)
(0.760198 -0.339256 0)
(0.824396 -0.406975 0)
(0.858985 -0.487767 0)
(0.892761 -0.570151 0)
(0.710945 -0.553253 0)
(0.682548 -0.6425 0)
(0.631637 -0.704012 0)
(0.606571 -0.368781 0)
(0.525946 -0.0814626 0)
(0.396597 0.650097 0)
(-0.0355645 0.806085 0)
(-0.529611 0.0377695 0)
(-0.577138 -0.0303246 0)
(-0.468209 -0.00538858 0)
(-0.28126 0.310201 0)
(-0.289997 0.241187 0)
(-0.382122 0.0491082 0)
(-0.483262 0.116821 0)
(-0.465784 0.186185 0)
(-0.449262 0.187074 0)
(-0.541758 0.136048 0)
(-0.534486 0.151758 0)
(-0.541691 0.183087 0)
(-0.53819 0.197722 0)
(-0.567496 0.1521 0)
(-0.563046 0.158643 0)
(-0.56048 0.169482 0)
(-0.554417 0.182021 0)
(-0.556976 0.141678 0)
(-0.558421 0.152539 0)
(-0.555563 0.161907 0)
(-0.548346 0.16622 0)
(-0.545407 0.127519 0)
(-0.536874 0.137604 0)
(-0.521055 0.13708 0)
(-0.510502 0.138163 0)
(-0.51626 0.0954537 0)
(-0.495085 0.0947474 0)
(-0.481921 0.0972854 0)
(-0.4765 0.114162 0)
(-0.470258 0.0461797 0)
(-0.452462 0.0580523 0)
(-0.456551 0.0876451 0)
(-0.456068 0.109897 0)
(-0.433341 0.0430216 0)
(-0.428934 0.0646031 0)
(-0.432171 0.0892148 0)
(-0.432336 0.0982281 0)
(-0.412016 0.0397905 0)
(-0.402575 0.0658358 0)
(-0.407511 0.0785572 0)
(-0.402788 0.0859847 0)
(-0.385144 0.0338768 0)
(-0.376333 0.0567023 0)
(-0.371035 0.0664358 0)
(-0.371559 0.0770641 0)
(-0.355387 0.0249724 0)
(-0.347656 0.0427808 0)
(-0.340686 0.053342 0)
(-0.34098 0.0615517 0)
(-0.323294 0.0206047 0)
(-0.319592 0.0342247 0)
(-0.31331 0.0443434 0)
(-0.313746 0.054467 0)
(-0.29565 0.0160132 0)
(-0.292778 0.0279451 0)
(-0.288543 0.0386798 0)
(-0.288362 0.048311 0)
(-0.270098 0.0129528 0)
(-0.268486 0.0240651 0)
(-0.265166 0.0344501 0)
(-0.264605 0.0441874 0)
(-0.246655 0.010605 0)
(-0.245561 0.0211305 0)
(-0.243064 0.0312937 0)
(-0.242162 0.0407714 0)
(-0.224658 0.00898539 0)
(-0.223947 0.0189758 0)
(-0.222065 0.0287639 0)
(-0.220955 0.0379869 0)
(-0.203928 0.00785986 0)
(-0.203449 0.0173394 0)
(-0.202076 0.026723 0)
(-0.200892 0.035648 0)
(-0.184316 0.00712474 0)
(-0.183983 0.01612 0)
(-0.183022 0.0250821 0)
(-0.181868 0.0336933 0)
(-0.165693 0.00668185 0)
(-0.165461 0.0152353 0)
(-0.164823 0.0237865 0)
(-0.163772 0.03208 0)
(-0.14795 0.0064675 0)
(-0.147791 0.0146262 0)
(-0.147403 0.0227946 0)
(-0.1465 0.030778 0)
(-0.130975 0.00643829 0)
(-0.130882 0.0142516 0)
(-0.130685 0.0220747 0)
(-0.129954 0.0297656 0)
(-0.114669 0.00656706 0)
(-0.11464 0.0140841 0)
(-0.114587 0.0216041 0)
(-0.114041 0.0290283 0)
(-0.0989281 0.00683906 0)
(-0.0989703 0.0141078 0)
(-0.0990331 0.0213704 0)
(-0.0986733 0.0285586 0)
(-0.0836549 0.00725041 0)
(-0.0837771 0.014319 0)
(-0.0839373 0.0213703 0)
(-0.0837646 0.028358 0)
(-0.0687476 0.00780699 0)
(-0.0689625 0.0147251 0)
(-0.0692177 0.0216124 0)
(-0.0692306 0.028437 0)
(-0.0540838 0.00856109 0)
(-0.0544228 0.0153625 0)
(-0.0547864 0.0221266 0)
(-0.0549927 0.0288268 0)
(-0.0397038 0.00928557 0)
(-0.0401124 0.0161247 0)
(-0.0405657 0.022872 0)
(-0.0409491 0.0295074 0)
(-0.0246698 0.0111567 0)
(-0.0255544 0.0177845 0)
(-0.026441 0.0243575 0)
(-0.0272837 0.0308586 0)
(-0.0106411 0.0114063 0)
(-0.0105804 0.01867 0)
(-0.0106865 0.0256484 0)
(-0.0109173 0.0323957 0)
(-0.886632 0.949204 0)
(0.885796 0.202323 0)
(1.16784 -0.488923 0)
(1.45241 -0.914682 0)
(1.49962 -1.19567 0)
(1.47754 -1.22649 0)
(1.4676 -1.17954 0)
(1.46604 -1.06018 0)
(1.53128 -0.948172 0)
(1.65658 -0.860421 0)
(1.74716 -0.849035 0)
(1.84276 -0.730218 0)
(2.03463 -0.553344 0)
(1.93848 -0.352284 0)
(1.3592 -0.132517 0)
(0.716919 0.514995 0)
(1.38262 1.26022 0)
(-0.675068 2.09282 0)
(1.50541 5.61597 0)
(1.07842 0.260864 0)
(1.48778 -0.0643483 0)
(1.75128 -0.55606 0)
(1.75359 -0.939793 0)
(1.68759 -1.13161 0)
(1.62093 -1.18808 0)
(1.55275 -1.16023 0)
(1.51285 -1.06717 0)
(1.56637 -1.0027 0)
(1.59625 -0.990907 0)
(1.65791 -0.825345 0)
(1.82975 -0.498931 0)
(1.33247 -0.21606 0)
(0.416899 0.131771 0)
(0.10985 0.29738 0)
(-0.292446 0.527065 0)
(0.0657119 1.431 0)
(-1.03528 2.38232 0)
(0.53767 5.63304 0)
(1.81508 0.22334 0)
(1.89434 -0.308542 0)
(1.93034 -0.726144 0)
(1.84578 -0.947468 0)
(1.73173 -1.08785 0)
(1.63445 -1.09508 0)
(1.54964 -1.08156 0)
(1.50594 -1.05891 0)
(1.49208 -1.05082 0)
(1.53864 -0.938017 0)
(1.60077 -0.626991 0)
(0.787802 -0.224076 0)
(0.0155186 0.336202 0)
(-0.274683 0.451046 0)
(-0.538424 0.514231 0)
(-0.830259 0.732911 0)
(-0.861642 1.39928 0)
(-1.23778 2.31083 0)
(-0.271619 4.72691 0)
(1.86599 0.0125763 0)
(1.935 -0.345126 0)
(1.83519 -0.629305 0)
(1.70581 -0.808638 0)
(1.60389 -0.959885 0)
(1.53542 -1.02013 0)
(1.46604 -1.05167 0)
(1.41643 -1.0827 0)
(1.44673 -1.02367 0)
(1.34236 -0.787582 0)
(0.453561 -0.212861 0)
(-0.229056 0.505778 0)
(-0.481545 0.620186 0)
(-0.643984 0.631069 0)
(-0.831285 0.711979 0)
(-1.0507 0.925484 0)
(-1.16713 1.40186 0)
(-1.24246 2.18386 0)
(-0.685138 3.54712 0)
(1.63929 -0.0717824 0)
(1.68724 -0.330406 0)
(1.66902 -0.557254 0)
(1.62704 -0.740104 0)
(1.56914 -0.876385 0)
(1.53413 -0.948593 0)
(1.428 -1.01242 0)
(1.42409 -1.03892 0)
(1.34549 -0.918632 0)
(0.482041 -0.289493 0)
(-0.383721 0.540034 0)
(-0.563611 0.704107 0)
(-0.68253 0.73159 0)
(-0.774882 0.762591 0)
(-0.908523 0.865628 0)
(-1.04643 1.06588 0)
(-1.1296 1.43481 0)
(-0.980158 1.99096 0)
(-0.608054 2.6453 0)
(1.41137 -0.177519 0)
(1.48311 -0.352344 0)
(1.50887 -0.542811 0)
(1.50591 -0.722409 0)
(1.46378 -0.85329 0)
(1.38198 -0.944077 0)
(1.29404 -1.00334 0)
(1.13078 -0.866365 0)
(0.0501666 -0.156619 0)
(-0.505096 0.508023 0)
(-0.67648 0.699306 0)
(-0.698741 0.75843 0)
(-0.726 0.782943 0)
(-0.776378 0.848139 0)
(-0.845146 0.951959 0)
(-0.892035 1.12561 0)
(-0.894137 1.40116 0)
(-0.666081 1.7663 0)
(-0.387471 2.06752 0)
(1.24586 -0.259595 0)
(1.33077 -0.406719 0)
(1.38934 -0.568345 0)
(1.39721 -0.692343 0)
(1.35938 -0.817428 0)
(1.24514 -0.86976 0)
(1.16246 -0.566949 0)
(0.00690822 -0.0694027 0)
(-0.507714 0.362906 0)
(-0.684792 0.568942 0)
(-0.720356 0.704069 0)
(-0.709259 0.757932 0)
(-0.716977 0.802038 0)
(-0.724462 0.880604 0)
(-0.72972 0.977203 0)
(-0.715106 1.12066 0)
(-0.658986 1.31233 0)
(-0.458751 1.55573 0)
(-0.231992 1.69336 0)
(1.13434 -0.344006 0)
(1.23002 -0.469639 0)
(1.26987 -0.612331 0)
(1.26484 -0.745428 0)
(1.10833 -0.697858 0)
(0.899446 -0.106934 0)
(-0.445421 0.0323129 0)
(-0.473122 0.369767 0)
(-0.693014 0.486919 0)
(-0.709058 0.607189 0)
(-0.70918 0.698689 0)
(-0.686984 0.744327 0)
(-0.678564 0.801634 0)
(-0.648659 0.867555 0)
(-0.626119 0.959947 0)
(-0.580764 1.07578 0)
(-0.502825 1.21481 0)
(-0.331506 1.37065 0)
(-0.149171 1.43736 0)
(1.06636 -0.459205 0)
(1.11395 -0.60295 0)
(1.05947 -0.657724 0)
(0.848462 -0.0676409 0)
(0.00325406 0.179824 0)
(-0.404953 -0.0251302 0)
(-0.573663 0.336739 0)
(-0.635688 0.412666 0)
(-0.695102 0.52573 0)
(-0.694462 0.606933 0)
(-0.662963 0.663585 0)
(-0.633286 0.715234 0)
(-0.609202 0.774066 0)
(-0.575903 0.839817 0)
(-0.538067 0.922358 0)
(-0.479201 1.01552 0)
(-0.395469 1.11642 0)
(-0.252373 1.21819 0)
(-0.104246 1.25261 0)
(0.931768 -0.6373 0)
(0.72775 -0.288636 0)
(0.611039 0.642818 0)
(-0.611249 -0.161996 0)
(-0.175882 0.110514 0)
(-0.573497 0.248959 0)
(-0.626102 0.385898 0)
(-0.653032 0.448084 0)
(-0.671461 0.528382 0)
(-0.639719 0.578244 0)
(-0.610053 0.633088 0)
(-0.58032 0.687885 0)
(-0.548608 0.744219 0)
(-0.511242 0.805547 0)
(-0.465224 0.875995 0)
(-0.402056 0.950379 0)
(-0.319902 1.02466 0)
(-0.201145 1.09314 0)
(-0.0773348 1.11079 0)
(0.523311 0.641594 0)
(-0.534457 0.105614 0)
(-0.277051 -0.128214 0)
(-0.426757 0.30652 0)
(-0.50813 0.228999 0)
(-0.617288 0.333813 0)
(-0.624832 0.398588 0)
(-0.634216 0.456066 0)
(-0.613042 0.505398 0)
(-0.586581 0.553802 0)
(-0.560721 0.606336 0)
(-0.529992 0.658567 0)
(-0.495316 0.711289 0)
(-0.454969 0.766672 0)
(-0.405504 0.82611 0)
(-0.342696 0.885674 0)
(-0.26524 0.941719 0)
(-0.166178 0.989216 0)
(-0.0593636 0.997763 0)
(-0.422971 -0.289244 0)
(-0.29968 0.122187 0)
(-0.483958 0.272506 0)
(-0.540833 0.274589 0)
(-0.569352 0.285085 0)
(-0.607325 0.352496 0)
(-0.600187 0.395963 0)
(-0.583457 0.441455 0)
(-0.564033 0.484673 0)
(-0.540737 0.532466 0)
(-0.514818 0.580076 0)
(-0.483613 0.628275 0)
(-0.447831 0.676422 0)
(-0.406149 0.725713 0)
(-0.356333 0.775831 0)
(-0.296126 0.824097 0)
(-0.224607 0.867451 0)
(-0.140459 0.90126 0)
(-0.047892 0.903682 0)
(-0.406037 0.186269 0)
(-0.529626 0.175658 0)
(-0.546037 0.245789 0)
(-0.566751 0.274434 0)
(-0.559853 0.310302 0)
(-0.574351 0.341727 0)
(-0.551092 0.386352 0)
(-0.540788 0.422728 0)
(-0.521211 0.467614 0)
(-0.499066 0.510152 0)
(-0.472627 0.554083 0)
(-0.441483 0.597851 0)
(-0.405619 0.641334 0)
(-0.364047 0.684691 0)
(-0.315532 0.727092 0)
(-0.258852 0.766714 0)
(-0.193604 0.800966 0)
(-0.119988 0.826056 0)
(-0.0404087 0.824999 0)
(-0.490889 0.151432 0)
(-0.548393 0.215748 0)
(-0.544232 0.257884 0)
(-0.557052 0.273243 0)
(-0.529001 0.301579 0)
(-0.539447 0.334383 0)
(-0.510105 0.373405 0)
(-0.505741 0.408005 0)
(-0.481878 0.449424 0)
(-0.461314 0.487926 0)
(-0.434195 0.528189 0)
(-0.403555 0.567673 0)
(-0.368222 0.606673 0)
(-0.32775 0.6447 0)
(-0.281388 0.68082 0)
(-0.228583 0.713743 0)
(-0.169308 0.741301 0)
(-0.104263 0.760553 0)
(-0.0350925 0.756346 0)
(-0.539132 0.210034 0)
(-0.54754 0.227862 0)
(-0.527352 0.249809 0)
(-0.527196 0.271909 0)
(-0.49771 0.290878 0)
(-0.508518 0.326755 0)
(-0.476086 0.359043 0)
(-0.472422 0.393759 0)
(-0.44667 0.430193 0)
(-0.426744 0.465994 0)
(-0.39946 0.502483 0)
(-0.369555 0.538125 0)
(-0.335147 0.572957 0)
(-0.296306 0.606339 0)
(-0.252502 0.637387 0)
(-0.203567 0.665048 0)
(-0.149705 0.687705 0)
(-0.0915498 0.703011 0)
(-0.030658 0.697507 0)
(-0.543605 0.197953 0)
(-0.525634 0.214359 0)
(-0.499241 0.23418 0)
(-0.505611 0.261145 0)
(-0.471259 0.280062 0)
(-0.479428 0.318023 0)
(-0.446696 0.344086 0)
(-0.440727 0.378737 0)
(-0.415128 0.410864 0)
(-0.394997 0.444229 0)
(-0.368118 0.477216 0)
(-0.339057 0.509454 0)
(-0.305892 0.540566 0)
(-0.268931 0.56994 0)
(-0.22783 0.596856 0)
(-0.182615 0.620349 0)
(-0.133615 0.639283 0)
(-0.0814987 0.651699 0)
(-0.0272049 0.644657 0)
(-0.527732 0.177202 0)
(-0.489614 0.19098 0)
(-0.485777 0.222393 0)
(-0.477929 0.251992 0)
(-0.445668 0.26839 0)
(-0.4514 0.305893 0)
(-0.419422 0.329364 0)
(-0.411387 0.362632 0)
(-0.386323 0.391762 0)
(-0.365988 0.422665 0)
(-0.339772 0.452602 0)
(-0.311654 0.481804 0)
(-0.279931 0.509673 0)
(-0.244957 0.535656 0)
(-0.206542 0.559168 0)
(-0.164814 0.579392 0)
(-0.120078 0.595496 0)
(-0.0730087 0.605801 0)
(-0.0243518 0.598085 0)
(-0.489576 0.150572 0)
(-0.473841 0.172563 0)
(-0.466574 0.215736 0)
(-0.446102 0.240101 0)
(-0.427124 0.252038 0)
(-0.420309 0.295624 0)
(-0.395759 0.31283 0)
(-0.383201 0.346446 0)
(-0.360097 0.372681 0)
(-0.339333 0.401468 0)
(-0.314069 0.428751 0)
(-0.286955 0.455282 0)
(-0.256775 0.480341 0)
(-0.223813 0.503478 0)
(-0.187977 0.524171 0)
(-0.149439 0.541778 0)
(-0.108509 0.555656 0)
(-0.0656767 0.564341 0)
(-0.0217639 0.556359 0)
(-0.460501 0.136102 0)
(-0.454486 0.164288 0)
(-0.444808 0.205301 0)
(-0.413498 0.217616 0)
(-0.410957 0.244974 0)
(-0.390201 0.278956 0)
(-0.37339 0.298394 0)
(-0.356835 0.329364 0)
(-0.335781 0.354009 0)
(-0.314806 0.380713 0)
(-0.290632 0.405764 0)
(-0.264603 0.429963 0)
(-0.236007 0.452604 0)
(-0.205033 0.473336 0)
(-0.171664 0.491695 0)
(-0.136076 0.507171 0)
(-0.098586 0.519232 0)
(-0.059717 0.526689 0)
(-0.0198108 0.518172 0)
(-0.442768 0.132473 0)
(-0.429606 0.15366 0)
(-0.416562 0.185711 0)
(-0.388602 0.2023 0)
(-0.389336 0.237412 0)
(-0.363414 0.259847 0)
(-0.351322 0.285262 0)
(-0.332259 0.311807 0)
(-0.313039 0.335898 0)
(-0.292147 0.360529 0)
(-0.269135 0.383721 0)
(-0.244272 0.405889 0)
(-0.217271 0.426468 0)
(-0.188227 0.445168 0)
(-0.157182 0.461598 0)
(-0.124304 0.475361 0)
(-0.0898253 0.486015 0)
(-0.0542697 0.492536 0)
(-0.0179676 0.484121 0)
(-0.418959 0.115504 0)
(-0.402988 0.139139 0)
(-0.38044 0.168845 0)
(-0.377767 0.192735 0)
(-0.357807 0.223813 0)
(-0.343216 0.244021 0)
(-0.327786 0.271341 0)
(-0.309933 0.29473 0)
(-0.29143 0.318313 0)
(-0.271184 0.341064 0)
(-0.249292 0.362674 0)
(-0.225676 0.383076 0)
(-0.200254 0.401898 0)
(-0.173071 0.418877 0)
(-0.144196 0.43369 0)
(-0.113795 0.446029 0)
(-0.0820617 0.455533 0)
(-0.0493431 0.461188 0)
(-0.0162105 0.452888 0)
(-0.385072 0.102648 0)
(-0.376109 0.120499 0)
(-0.356315 0.156939 0)
(-0.357027 0.185131 0)
(-0.331043 0.206199 0)
(-0.323157 0.232094 0)
(-0.304887 0.256109 0)
(-0.289099 0.278781 0)
(-0.270929 0.301211 0)
(-0.251687 0.322474 0)
(-0.230885 0.342665 0)
(-0.208574 0.361537 0)
(-0.184702 0.378849 0)
(-0.159315 0.394361 0)
(-0.132491 0.407807 0)
(-0.104384 0.418931 0)
(-0.0752138 0.427452 0)
(-0.0452335 0.432448 0)
(-0.0148319 0.424158 0)
(-0.357182 0.0873589 0)
(-0.345634 0.108484 0)
(-0.340832 0.148038 0)
(-0.327455 0.172663 0)
(-0.311124 0.192295 0)
(-0.301049 0.219975 0)
(-0.283887 0.241308 0)
(-0.269075 0.2637 0)
(-0.251616 0.284776 0)
(-0.233427 0.304836 0)
(-0.21375 0.323735 0)
(-0.192763 0.341281 0)
(-0.17041 0.357285 0)
(-0.146749 0.371542 0)
(-0.121862 0.383837 0)
(-0.0958853 0.393958 0)
(-0.0690271 0.401678 0)
(-0.0415611 0.406242 0)
(-0.0136373 0.398179 0)
(-0.331104 0.0812802 0)
(-0.320399 0.101368 0)
(-0.320247 0.13733 0)
(-0.300698 0.159791 0)
(-0.291876 0.181311 0)
(-0.279011 0.207147 0)
(-0.26422 0.227681 0)
(-0.249818 0.249275 0)
(-0.233414 0.269192 0)
(-0.216249 0.288175 0)
(-0.197743 0.305912 0)
(-0.178075 0.322296 0)
(-0.157202 0.337162 0)
(-0.135192 0.35034 0)
(-0.112125 0.361657 0)
(-0.0881226 0.370942 0)
(-0.0633576 0.378005 0)
(-0.0381123 0.382178 0)
(-0.0124853 0.374385 0)
(-0.308567 0.0727446 0)
(-0.297066 0.0970819 0)
(-0.296293 0.126799 0)
(-0.278552 0.148748 0)
(-0.27148 0.171383 0)
(-0.258325 0.194746 0)
(-0.2453 0.215094 0)
(-0.231446 0.235584 0)
(-0.216186 0.25454 0)
(-0.20005 0.27251 0)
(-0.182738 0.289208 0)
(-0.164371 0.304562 0)
(-0.144937 0.318428 0)
(-0.124504 0.330668 0)
(-0.103151 0.341139 0)
(-0.080991 0.349704 0)
(-0.05817 0.356199 0)
(-0.0349449 0.360002 0)
(-0.011421 0.35244 0)
(-0.285692 0.0669041 0)
(-0.275181 0.0916537 0)
(-0.272365 0.117814 0)
(-0.258583 0.139464 0)
(-0.251046 0.161914 0)
(-0.238949 0.183434 0)
(-0.227053 0.203375 0)
(-0.213988 0.222764 0)
(-0.199834 0.240842 0)
(-0.184752 0.257862 0)
(-0.168629 0.273621 0)
(-0.15154 0.288052 0)
(-0.133501 0.301033 0)
(-0.114576 0.31245 0)
(-0.0948444 0.322183 0)
(-0.07441 0.33012 0)
(-0.0534045 0.336124 0)
(-0.0320536 0.339625 0)
(-0.0104567 0.332332 0)
(-0.26323 0.0617617 0)
(-0.253935 0.0860484 0)
(-0.250001 0.109994 0)
(-0.239261 0.131309 0)
(-0.231397 0.152933 0)
(-0.220579 0.173215 0)
(-0.209561 0.19248 0)
(-0.197404 0.210872 0)
(-0.184303 0.228103 0)
(-0.170285 0.244237 0)
(-0.155331 0.259138 0)
(-0.13949 0.272735 0)
(-0.122797 0.284927 0)
(-0.105314 0.295616 0)
(-0.087118 0.304703 0)
(-0.0683048 0.312093 0)
(-0.0489932 0.317673 0)
(-0.0293862 0.320932 0)
(-0.00957159 0.313938 0)
(-0.241409 0.0575156 0)
(-0.233497 0.0807432 0)
(-0.229152 0.103204 0)
(-0.220415 0.123947 0)
(-0.212703 0.144579 0)
(-0.203038 0.163923 0)
(-0.192851 0.182399 0)
(-0.181636 0.199896 0)
(-0.169546 0.216311 0)
(-0.156585 0.231623 0)
(-0.14277 0.245735 0)
(-0.128143 0.258577 0)
(-0.112746 0.27006 0)
(-0.0966403 0.280101 0)
(-0.0799001 0.288616 0)
(-0.0626135 0.295526 0)
(-0.0448884 0.300737 0)
(-0.0269096 0.303788 0)
(-0.00875231 0.297095 0)
(-0.220492 0.0538661 0)
(-0.213885 0.0759729 0)
(-0.209539 0.0972746 0)
(-0.202183 0.117297 0)
(-0.194924 0.136944 0)
(-0.18626 0.155459 0)
(-0.176904 0.173126 0)
(-0.166624 0.189806 0)
(-0.155516 0.205448 0)
(-0.143593 0.219999 0)
(-0.130885 0.233385 0)
(-0.117432 0.245537 0)
(-0.10328 0.256379 0)
(-0.0884904 0.265839 0)
(-0.0731321 0.273846 0)
(-0.0572873 0.280331 0)
(-0.0410534 0.285216 0)
(-0.0246003 0.288087 0)
(-0.00799109 0.281688 0)
(-0.200544 0.0507555 0)
(-0.195099 0.0717659 0)
(-0.190959 0.0920637 0)
(-0.184653 0.111314 0)
(-0.177986 0.13004 0)
(-0.170214 0.147771 0)
(-0.161686 0.164654 0)
(-0.152316 0.180575 0)
(-0.142164 0.195488 0)
(-0.131253 0.209336 0)
(-0.119617 0.222052 0)
(-0.107298 0.233574 0)
(-0.0943432 0.243836 0)
(-0.08081 0.252773 0)
(-0.0667652 0.260324 0)
(-0.0522845 0.266431 0)
(-0.037457 0.271026 0)
(-0.0224379 0.273739 0)
(-0.00728024 0.267626 0)
(-0.181553 0.0481076 0)
(-0.177107 0.068103 0)
(-0.173284 0.087484 0)
(-0.167842 0.105963 0)
(-0.161819 0.123841 0)
(-0.154868 0.140825 0)
(-0.147155 0.156966 0)
(-0.138667 0.172177 0)
(-0.129443 0.186408 0)
(-0.119515 0.199603 0)
(-0.108917 0.211703 0)
(-0.097691 0.222649 0)
(-0.0858843 0.232382 0)
(-0.073552 0.240846 0)
(-0.0607573 0.247986 0)
(-0.0475704 0.253754 0)
(-0.0340721 0.258091 0)
(-0.0204049 0.260666 0)
(-0.00661375 0.254825 0)
(-0.163463 0.0458723 0)
(-0.159868 0.0649467 0)
(-0.156425 0.0834808 0)
(-0.151731 0.101215 0)
(-0.146364 0.118316 0)
(-0.140183 0.134591 0)
(-0.133267 0.150037 0)
(-0.125631 0.164584 0)
(-0.117309 0.178181 0)
(-0.108333 0.190772 0)
(-0.0987377 0.202303 0)
(-0.0885645 0.21272 0)
(-0.0778598 0.221971 0)
(-0.0666761 0.230005 0)
(-0.0550728 0.236774 0)
(-0.0431149 0.242236 0)
(-0.0308762 0.246342 0)
(-0.0184874 0.248794 0)
(-0.00598645 0.24321 0)
(-0.146199 0.0440117 0)
(-0.143332 0.0622602 0)
(-0.140305 0.0800157 0)
(-0.136282 0.0970473 0)
(-0.131566 0.113434 0)
(-0.126118 0.129044 0)
(-0.119976 0.143844 0)
(-0.113167 0.157772 0)
(-0.105719 0.170779 0)
(-0.097664 0.182811 0)
(-0.0890369 0.193817 0)
(-0.0798778 0.203749 0)
(-0.070231 0.212559 0)
(-0.0601467 0.220201 0)
(-0.0496804 0.226634 0)
(-0.0388924 0.231819 0)
(-0.02785 0.235715 0)
(-0.016673 0.238059 0)
(-0.00539443 0.232713 0)
(-0.129683 0.0424994 0)
(-0.127444 0.0600137 0)
(-0.124855 0.0770602 0)
(-0.121452 0.0934388 0)
(-0.117374 0.109172 0)
(-0.112632 0.124162 0)
(-0.107242 0.138362 0)
(-0.101234 0.151717 0)
(-0.0946322 0.164176 0)
(-0.0874686 0.175691 0)
(-0.0797766 0.186214 0)
(-0.0715941 0.1957 0)
(-0.0629638 0.204106 0)
(-0.0539329 0.21139 0)
(-0.0445532 0.217517 0)
(-0.0348807 0.222452 0)
(-0.024977 0.226159 0)
(-0.0149515 0.228404 0)
(-0.00483411 0.223277 0)
(-0.11383 0.0413188 0)
(-0.112145 0.0581864 0)
(-0.110007 0.0745938 0)
(-0.10719 0.0903727 0)
(-0.103739 0.105509 0)
(-0.0996791 0.119926 0)
(-0.0950211 0.133571 0)
(-0.0897906 0.146394 0)
(-0.0840107 0.158346 0)
(-0.0777103 0.169382 0)
(-0.0709215 0.179459 0)
(-0.0636805 0.188534 0)
(-0.0560275 0.196568 0)
(-0.048007 0.203525 0)
(-0.0396673 0.209371 0)
(-0.0310605 0.214078 0)
(-0.0222429 0.217612 0)
(-0.0133139 0.219768 0)
(-0.00430246 0.214841 0)
(-0.0985573 0.0404626 0)
(-0.097374 0.0567662 0)
(-0.0957011 0.0726037 0)
(-0.0934487 0.0878366 0)
(-0.0906123 0.10243 0)
(-0.0872193 0.116318 0)
(-0.0832749 0.129452 0)
(-0.0788009 0.141784 0)
(-0.0738185 0.153268 0)
(-0.0683543 0.163863 0)
(-0.0624385 0.173529 0)
(-0.0561054 0.182227 0)
(-0.0493928 0.189922 0)
(-0.0423426 0.19658 0)
(-0.0349999 0.202172 0)
(-0.0274129 0.206671 0)
(-0.0196337 0.210049 0)
(-0.0117515 0.212124 0)
(-0.00379597 0.207376 0)
(-0.0837837 0.0399327 0)
(-0.0830719 0.0557508 0)
(-0.0818767 0.071085 0)
(-0.0801797 0.0858243 0)
(-0.0779521 0.0999229 0)
(-0.0752144 0.113327 0)
(-0.0719696 0.125988 0)
(-0.0682353 0.137864 0)
(-0.0640304 0.148912 0)
(-0.0593792 0.159096 0)
(-0.0543099 0.168378 0)
(-0.0488546 0.176724 0)
(-0.0430489 0.184102 0)
(-0.0369317 0.190482 0)
(-0.0305453 0.195836 0)
(-0.0239345 0.200142 0)
(-0.0171469 0.203376 0)
(-0.0102637 0.205375 0)
(-0.00331468 0.200786 0)
(-0.0694294 0.0397391 0)
(-0.0691786 0.055143 0)
(-0.0684766 0.0700345 0)
(-0.067332 0.0843281 0)
(-0.0657054 0.097977 0)
(-0.0636084 0.110936 0)
(-0.0610426 0.123164 0)
(-0.0580223 0.134622 0)
(-0.0545652 0.145273 0)
(-0.0506947 0.155084 0)
(-0.0464382 0.16402 0)
(-0.0418264 0.172051 0)
(-0.0368936 0.179146 0)
(-0.0316766 0.185279 0)
(-0.0262149 0.190424 0)
(-0.0205499 0.194561 0)
(-0.014727 0.197666 0)
(-0.00881425 0.199602 0)
(-0.00284488 0.195149 0)
(-0.055425 0.0399159 0)
(-0.0556536 0.0549763 0)
(-0.055483 0.0694843 0)
(-0.0549221 0.0833779 0)
(-0.0539295 0.0966155 0)
(-0.0525067 0.109162 0)
(-0.0506519 0.12098 0)
(-0.0483737 0.132039 0)
(-0.0456855 0.142307 0)
(-0.0426063 0.151754 0)
(-0.0391599 0.160351 0)
(-0.0353745 0.168071 0)
(-0.0312816 0.174888 0)
(-0.0269156 0.180775 0)
(-0.0223137 0.185713 0)
(-0.017516 0.189682 0)
(-0.0125629 0.192663 0)
(-0.00752471 0.194527 0)
(-0.00242714 0.190193 0)
(-0.0416399 0.0404407 0)
(-0.0423091 0.0552011 0)
(-0.0425963 0.0693614 0)
(-0.0425014 0.0828859 0)
(-0.041994 0.0957458 0)
(-0.0410803 0.107917 0)
(-0.0397714 0.11937 0)
(-0.0380846 0.130078 0)
(-0.0360398 0.140014 0)
(-0.0336595 0.14915 0)
(-0.0309685 0.15746 0)
(-0.027993 0.164918 0)
(-0.0247612 0.171498 0)
(-0.0213029 0.177176 0)
(-0.0176513 0.181933 0)
(-0.0138465 0.185753 0)
(-0.0099315 0.18862 0)
(-0.00594316 0.190437 0)
(-0.00191761 0.186203 0)
(-0.0286178 0.0416057 0)
(-0.0302395 0.0560893 0)
(-0.0315304 0.0699181 0)
(-0.0324539 0.0830792 0)
(-0.0329534 0.0955582 0)
(-0.0329925 0.107342 0)
(-0.0325402 0.118418 0)
(-0.0316266 0.128767 0)
(-0.0302866 0.138369 0)
(-0.0285625 0.147198 0)
(-0.0264963 0.155231 0)
(-0.0241284 0.162442 0)
(-0.0214977 0.16881 0)
(-0.0186399 0.174313 0)
(-0.0155855 0.178936 0)
(-0.012354 0.182661 0)
(-0.00889662 0.185448 0)
(-0.00536211 0.187181 0)
(-0.00171486 0.183022 0)
(-0.0115885 0.0433557 0)
(-0.0126558 0.0577835 0)
(-0.0136901 0.0713788 0)
(-0.0145855 0.0842034 0)
(-0.0152803 0.0962854 0)
(-0.0157512 0.107639 0)
(-0.0159955 0.118266 0)
(-0.0159816 0.128166 0)
(-0.0156958 0.137328 0)
(-0.0151334 0.14574 0)
(-0.0143014 0.153384 0)
(-0.0132153 0.160241 0)
(-0.0118969 0.166291 0)
(-0.0103722 0.171512 0)
(-0.00866972 0.17588 0)
(-0.00682227 0.179371 0)
(-0.00488751 0.182014 0)
(-0.00295825 0.183661 0)
(-0.000938907 0.17958 0)
)
;

boundaryField
{
    leftWall
    {
        type            calculated;
        value           uniform (0 0 0);
    }
    rightWall
    {
        type            calculated;
        value           uniform (0 0 0);
    }
    lowerWall
    {
        type            calculated;
        value           uniform (0 0 0);
    }
    atmosphere
    {
        type            calculated;
        value           nonuniform List<vector> 
46
(
(-0.000661439 -0.191354 0)
(-0.00316395 -0.19302 0)
(-0.00632809 -0.191494 0)
(-0.00898666 -0.18917 0)
(-0.0115625 -0.185975 0)
(-0.0139571 -0.181935 0)
(-0.0161555 -0.177066 0)
(-0.0181326 -0.171378 0)
(-0.019864 -0.164884 0)
(-0.0213221 -0.157599 0)
(-0.0224779 -0.149541 0)
(-0.0233007 -0.140727 0)
(-0.0237591 -0.131168 0)
(-0.0238309 -0.120886 0)
(-0.0235041 -0.109908 0)
(-0.0227763 -0.0982672 0)
(-0.0216539 -0.0859989 0)
(-0.0201554 -0.073134 0)
(-0.0183213 -0.059698 0)
(-0.0162315 -0.0457124 0)
(-0.0140356 -0.0311715 0)
(-0.0120072 -0.0159912 0)
(-0.0106002 1.25832e-05 0)
(-0.0106411 0.0113981 0)
(-0.0105804 0.0186663 0)
(-0.0106865 0.0256488 0)
(-0.0109173 0.032399 0)
(-0.0115885 0.0433615 0)
(-0.0126558 0.0577903 0)
(-0.0136901 0.071386 0)
(-0.0145855 0.0842106 0)
(-0.0152803 0.096293 0)
(-0.0157512 0.107647 0)
(-0.0159955 0.118274 0)
(-0.0159816 0.128172 0)
(-0.0156958 0.137333 0)
(-0.0151334 0.145744 0)
(-0.0143014 0.153387 0)
(-0.0132153 0.160243 0)
(-0.0118969 0.166293 0)
(-0.0103722 0.171512 0)
(-0.00866972 0.17588 0)
(-0.00682227 0.179372 0)
(-0.00488751 0.182015 0)
(-0.00295825 0.183663 0)
(-0.000938907 0.179582 0)
)
;
    }
    defaultFaces
    {
        type            empty;
    }
}


// ************************************************************************* //
