/*--------------------------------*- C++ -*----------------------------------*\
| =========                 |                                                 |
| \\      /  F ield         | OpenFOAM: The Open Source CFD Toolbox           |
|  \\    /   O peration     | Version:  2.4.0                                 |
|   \\  /    A nd           | Web:      www.OpenFOAM.org                      |
|    \\/     M anipulation  |                                                 |
\*---------------------------------------------------------------------------*/
FoamFile
{
    version     2.0;
    format      ascii;
    class       surfaceScalarField;
    location    "0.25";
    object      phi;
}
// * * * * * * * * * * * * * * * * * * * * * * * * * * * * * * * * * * * * * //

dimensions      [0 3 -1 0 0 0 0];

internalField   nonuniform List<scalar> 
4432
(
3.40038e-06
-3.40038e-06
6.81903e-06
-3.41865e-06
1.0259e-05
-3.43996e-06
1.37894e-05
-3.53039e-06
1.72537e-05
-3.4643e-06
2.12306e-05
-3.97695e-06
2.4294e-05
-3.06332e-06
2.91268e-05
-4.83289e-06
3.30442e-05
-3.91733e-06
3.63173e-05
-3.27309e-06
4.07883e-05
-4.47099e-06
4.66447e-05
-5.85648e-06
5.2238e-05
-5.59329e-06
5.69993e-05
-4.76129e-06
6.01684e-05
-3.16913e-06
6.2501e-05
-2.33251e-06
6.38781e-05
-1.37717e-06
6.4215e-05
-3.36911e-07
6.09681e-05
3.24699e-06
5.27817e-05
8.18634e-06
3.96158e-05
1.31659e-05
1.9511e-05
2.01048e-05
1.9511e-05
3.39919e-06
-6.79957e-06
6.81643e-06
-6.83589e-06
1.02538e-05
-6.87736e-06
1.37863e-05
-7.06288e-06
1.72549e-05
-6.93287e-06
2.11315e-05
-7.85354e-06
2.44199e-05
-6.3517e-06
2.91079e-05
-9.52091e-06
3.29411e-05
-7.75052e-06
3.63079e-05
-6.63989e-06
4.10349e-05
-9.19799e-06
4.69028e-05
-1.17244e-05
5.24528e-05
-1.11433e-05
5.6669e-05
-8.9774e-06
5.96857e-05
-6.18591e-06
6.22802e-05
-4.92697e-06
6.48549e-05
-3.95191e-06
6.6605e-05
-2.08696e-06
6.406e-05
5.79195e-06
5.73069e-05
1.49394e-05
4.16002e-05
2.88727e-05
2.1424e-05
4.0281e-05
4.0935e-05
3.39266e-06
-1.01922e-05
6.80132e-06
-1.02446e-05
1.02332e-05
-1.03092e-05
1.37537e-05
-1.05834e-05
1.72231e-05
-1.04022e-05
2.10003e-05
-1.16307e-05
2.45331e-05
-9.88456e-06
2.88989e-05
-1.38867e-05
3.27145e-05
-1.15661e-05
3.64818e-05
-1.04072e-05
4.13935e-05
-1.41096e-05
4.69147e-05
-1.72456e-05
5.18636e-05
-1.60923e-05
5.61984e-05
-1.33122e-05
5.96025e-05
-9.58998e-06
6.35237e-05
-8.84821e-06
6.73714e-05
-7.79962e-06
6.94285e-05
-4.14409e-06
6.80887e-05
7.13179e-06
6.20671e-05
2.0961e-05
4.43088e-05
4.6631e-05
2.34934e-05
6.10964e-05
6.44284e-05
3.38325e-06
-1.35755e-05
6.77891e-06
-1.36402e-05
1.02053e-05
-1.37356e-05
1.36985e-05
-1.40766e-05
1.71691e-05
-1.38729e-05
2.08756e-05
-1.53371e-05
2.45627e-05
-1.35717e-05
2.85829e-05
-1.7907e-05
3.24513e-05
-1.54345e-05
3.67868e-05
-1.47427e-05
4.17209e-05
-1.90438e-05
4.63396e-05
-2.18643e-05
5.08999e-05
-2.06526e-05
5.55745e-05
-1.79868e-05
6.05228e-05
-1.45382e-05
6.5502e-05
-1.38274e-05
7.13347e-05
-1.36323e-05
7.45375e-05
-7.3469e-06
7.28105e-05
8.85881e-06
6.62404e-05
2.75311e-05
5.08025e-05
6.20689e-05
2.53279e-05
8.6571e-05
8.97562e-05
3.37013e-06
-1.69456e-05
6.74896e-06
-1.7019e-05
1.01637e-05
-1.71503e-05
1.36287e-05
-1.75416e-05
1.7077e-05
-1.73212e-05
2.07502e-05
-1.90104e-05
2.45082e-05
-1.73296e-05
2.82083e-05
-2.16071e-05
3.21616e-05
-1.93877e-05
3.7102e-05
-1.96831e-05
4.17476e-05
-2.36894e-05
4.54019e-05
-2.55185e-05
5.03105e-05
-2.55612e-05
5.56467e-05
-2.3323e-05
6.20426e-05
-2.09341e-05
6.82373e-05
-2.00222e-05
7.14013e-05
-1.67963e-05
7.24529e-05
-8.39852e-06
7.07717e-05
1.054e-05
5.88853e-05
3.94174e-05
4.78874e-05
7.30668e-05
2.76651e-05
0.000106793
0.000117421
3.35303e-06
-2.02986e-05
6.71148e-06
-2.03775e-05
1.01078e-05
-2.05467e-05
1.35361e-05
-2.09699e-05
1.69505e-05
-2.07356e-05
2.06216e-05
-2.26815e-05
2.4303e-05
-2.1011e-05
2.80271e-05
-2.53312e-05
3.20478e-05
-2.34083e-05
3.71484e-05
-2.47838e-05
4.15221e-05
-2.80632e-05
4.53628e-05
-2.93592e-05
5.08277e-05
-3.1026e-05
5.64432e-05
-2.89385e-05
6.10899e-05
-2.55808e-05
6.20726e-05
-2.10049e-05
6.0627e-05
-1.53507e-05
5.67314e-05
-4.50291e-06
5.45045e-05
1.27669e-05
4.59346e-05
4.79873e-05
3.83834e-05
8.0618e-05
2.36935e-05
0.000121483
0.000141115
3.33852e-06
-2.36372e-05
6.682e-06
-2.3721e-05
1.00585e-05
-2.39232e-05
1.34461e-05
-2.43574e-05
1.68558e-05
-2.41454e-05
2.04819e-05
-2.63076e-05
2.41547e-05
-2.46837e-05
2.77217e-05
-2.88983e-05
3.22561e-05
-2.79427e-05
3.69831e-05
-2.95108e-05
4.11889e-05
-3.2269e-05
4.60489e-05
-3.42193e-05
5.0709e-05
-3.56861e-05
5.24959e-05
-3.07254e-05
4.96535e-05
-2.27385e-05
4.3771e-05
-1.51224e-05
4.32405e-05
-1.48202e-05
4.75094e-05
-8.77182e-06
5.15439e-05
8.73249e-06
4.87516e-05
5.07796e-05
2.8895e-05
0.000100475
2.36247e-05
0.000126754
0.000164739
3.34718e-06
-2.69843e-05
6.70306e-06
-2.70768e-05
1.00802e-05
-2.73003e-05
1.34184e-05
-2.76957e-05
1.69364e-05
-2.76634e-05
2.03929e-05
-2.97641e-05
2.42435e-05
-2.85343e-05
2.73628e-05
-3.20175e-05
3.23523e-05
-3.29322e-05
3.6326e-05
-3.34845e-05
3.96608e-05
-3.56037e-05
4.50477e-05
-3.96062e-05
4.60704e-05
-3.67087e-05
4.01202e-05
-2.47752e-05
3.79213e-05
-2.05396e-05
4.43809e-05
-2.15819e-05
5.24287e-05
-2.2868e-05
5.7504e-05
-1.38471e-05
5.42152e-05
1.20212e-05
4.85379e-05
5.64569e-05
2.67744e-05
0.000122238
2.09882e-05
0.00013254
0.000185728
-0.000114714
0.000114714
-0.00016763
5.29155e-05
-0.000181662
1.40321e-05
-0.00015522
-2.64421e-05
-0.000114435
-4.07846e-05
-7.36015e-05
-4.08338e-05
-3.86747e-05
-3.49268e-05
1.60383e-06
-4.02785e-05
3.41568e-05
-3.25529e-05
6.0911e-05
-2.67543e-05
8.09094e-05
-1.99984e-05
9.43523e-05
-1.34429e-05
9.86429e-05
-4.29055e-06
9.51163e-05
3.52661e-06
8.43654e-05
1.07509e-05
6.55965e-05
1.87688e-05
3.52495e-05
3.0347e-05
1.04884e-05
2.47611e-05
1.04884e-05
-0.000104794
0.000219509
-0.000155499
0.00010362
-0.000155902
1.44356e-05
-0.000142944
-3.94006e-05
-0.000110467
-7.32608e-05
-5.91599e-05
-9.21413e-05
-1.88109e-05
-7.52758e-05
1.7538e-05
-7.66275e-05
4.81758e-05
-6.31906e-05
7.38844e-05
-5.24629e-05
9.35673e-05
-3.96813e-05
0.000106753
-2.66288e-05
0.000110295
-7.83242e-06
0.000107936
5.8857e-06
9.50905e-05
2.35963e-05
7.78462e-05
3.60132e-05
4.93621e-05
5.88311e-05
1.87482e-05
5.5375e-05
2.92367e-05
-9.01398e-05
0.000309649
-0.000118786
0.000132266
-0.000115868
1.15181e-05
-0.000112056
-4.32128e-05
-9.01767e-05
-9.514e-05
-4.53897e-05
-0.000136928
-4.61638e-06
-0.000116049
2.88919e-05
-0.000110136
5.9397e-05
-9.36958e-05
8.3057e-05
-7.61229e-05
0.000100971
-5.75951e-05
0.000113739
-3.93971e-05
0.000118635
-1.27279e-05
0.000119029
5.4913e-06
0.000106331
3.62944e-05
8.96446e-05
5.26995e-05
6.33348e-05
8.51409e-05
3.20306e-05
8.66791e-05
6.12673e-05
-5.93382e-05
0.000368987
-5.95445e-05
0.000132472
-7.3263e-05
2.52367e-05
-7.61043e-05
-4.03715e-05
-6.06543e-05
-0.00011059
-2.83783e-05
-0.000169204
7.45092e-06
-0.000151878
3.95174e-05
-0.000142202
6.82259e-05
-0.000122404
9.06064e-05
-9.85034e-05
0.000107859
-7.4848e-05
0.000120717
-5.22552e-05
0.000127366
-1.93763e-05
0.000126637
6.22056e-06
0.000117323
4.56084e-05
0.000102051
6.79708e-05
7.55258e-05
0.000111666
4.08948e-05
0.00012131
0.000102162
-3.56645e-05
0.000404651
-3.09188e-05
0.000127726
-5.03539e-05
4.46718e-05
-4.24952e-05
-4.82303e-05
-3.28973e-05
-0.000120188
-1.29902e-05
-0.000189111
2.07287e-05
-0.000185597
4.83834e-05
-0.000169857
7.43471e-05
-0.000148368
9.51356e-05
-0.000119292
0.000111343
-9.10557e-05
0.000123971
-6.48827e-05
0.000131918
-2.7323e-05
0.000132185
5.95349e-06
0.000126199
5.15943e-05
0.00010967
8.44991e-05
8.34219e-05
0.000137915
4.36585e-05
0.000161074
0.000145821
-1.2381e-05
0.000417032
-9.612e-05
0.000211465
-8.11815e-05
2.9733e-05
-6.89172e-05
-6.04947e-05
-9.30307e-06
-0.000179802
2.52421e-06
-0.000200939
3.08296e-05
-0.000213903
5.70733e-05
-0.000196101
8.05442e-05
-0.000171839
0.000100999
-0.000139747
0.00011688
-0.000106936
0.000129692
-7.76948e-05
0.000138577
-3.62086e-05
0.000139522
5.00874e-06
0.000136048
5.50685e-05
0.000117423
0.000103124
8.7541e-05
0.000167797
4.80081e-05
0.000200607
0.000193829
3.23531e-06
0.000413797
-4.28134e-05
0.000257514
-6.83509e-05
5.52703e-05
-4.70333e-05
-8.18124e-05
3.2219e-06
-0.000230057
2.30644e-05
-0.000220781
4.24326e-05
-0.000233271
6.50555e-05
-0.000218724
8.60913e-05
-0.000192875
0.000105619
-0.000159274
0.0001207
-0.000122018
0.000133741
-9.07359e-05
0.000143173
-4.56407e-05
0.000145748
2.43427e-06
0.000143785
5.70312e-05
0.000126828
0.000120081
9.05491e-05
0.000204076
4.57153e-05
0.00024544
0.000239544
8.50215e-06
0.000405295
3.43803e-05
0.000231635
2.40359e-05
6.56145e-05
1.69908e-05
-7.47675e-05
1.19685e-05
-0.000225035
3.77397e-05
-0.000246552
5.30921e-05
-0.000248623
7.35864e-05
-0.000239218
9.32414e-05
-0.00021253
0.000112185
-0.000178218
0.000127273
-0.000137106
0.000137074
-0.000100536
0.000147325
-5.58917e-05
0.00015623
-6.47143e-06
0.00015603
5.72317e-05
0.000138883
0.000137228
0.000105288
0.000237671
5.39479e-05
0.00029678
0.000293492
7.31092e-06
-3.42953e-05
1.46535e-05
-3.44194e-05
2.20037e-05
-3.46506e-05
2.9184e-05
-3.48759e-05
3.6769e-05
-3.52484e-05
4.34187e-05
-3.64137e-05
5.1234e-05
-3.63497e-05
5.83876e-05
-3.91711e-05
6.42593e-05
-3.88039e-05
6.88037e-05
-3.8029e-05
7.27532e-05
-3.95532e-05
7.21968e-05
-3.90498e-05
7.26076e-05
-3.71196e-05
8.27523e-05
-3.49199e-05
9.99894e-05
-3.77768e-05
0.000115389
-3.69816e-05
0.000123603
-3.10817e-05
0.000126975
-1.72191e-05
0.000133468
5.52847e-06
0.000131646
5.82783e-05
9.00278e-05
0.000163857
7.14983e-05
0.000151069
0.00017338
8.38456e-05
6.45874e-06
-4.0754e-05
1.2911e-05
-4.08716e-05
1.8812e-05
-4.05516e-05
2.45341e-05
-4.05981e-05
3.0196e-05
-4.09102e-05
3.52777e-05
-4.14955e-05
4.07539e-05
-4.18258e-05
4.53824e-05
-4.37996e-05
4.87535e-05
-4.21751e-05
5.57432e-05
-4.50187e-05
6.61478e-05
-4.99577e-05
7.78307e-05
-5.07327e-05
9.19397e-05
-5.12286e-05
0.000108187
-5.11675e-05
0.00012238
-5.1969e-05
0.00013513
-4.97318e-05
0.00014452
-4.04719e-05
0.000152513
-2.52125e-05
0.000154325
3.71704e-06
0.000158771
5.38318e-05
0.000146326
0.000176301
0.000103092
0.000194304
0.00018029
9.6182e-05
4.20781e-06
-4.49618e-05
8.75453e-06
-4.54184e-05
1.35482e-05
-4.53452e-05
1.93171e-05
-4.63669e-05
2.53922e-05
-4.69853e-05
3.24526e-05
-4.85559e-05
4.02102e-05
-4.95834e-05
5.03028e-05
-5.38922e-05
6.15826e-05
-5.34549e-05
7.4362e-05
-5.7798e-05
8.5094e-05
-6.06898e-05
9.44507e-05
-6.00895e-05
0.000104435
-6.1213e-05
0.000117606
-6.43384e-05
0.000130978
-6.53405e-05
0.000142863
-6.16173e-05
0.00015283
-5.04392e-05
0.000160493
-3.28756e-05
0.000163315
8.9524e-07
0.000164824
5.23234e-05
0.000178521
0.000162604
0.000150508
0.000222316
0.000202723
0.000128076
6.82567e-06
-5.17875e-05
1.37175e-05
-5.23102e-05
2.09682e-05
-5.25959e-05
2.82692e-05
-5.36679e-05
3.58617e-05
-5.45778e-05
4.35214e-05
-5.62156e-05
5.15594e-05
-5.76214e-05
5.9081e-05
-6.14139e-05
6.65838e-05
-6.09578e-05
7.55467e-05
-6.67609e-05
8.35352e-05
-6.86783e-05
9.26877e-05
-6.92419e-05
0.000104476
-7.30011e-05
0.000117833
-7.76956e-05
0.00013071
-7.82176e-05
0.000142431
-7.33378e-05
0.000152149
-6.01579e-05
0.000157421
-3.81477e-05
0.000153877
4.43958e-06
0.000153699
5.25011e-05
0.000173668
0.000142636
0.000183893
0.000212091
0.000208823
0.000177793
6.89592e-06
-5.86834e-05
1.37024e-05
-5.91167e-05
2.06959e-05
-5.95894e-05
2.73821e-05
-6.03542e-05
3.42991e-05
-6.14947e-05
4.09111e-05
-6.28276e-05
4.75527e-05
-6.42631e-05
5.36535e-05
-6.75147e-05
6.04802e-05
-6.77845e-05
6.87141e-05
-7.49948e-05
7.63514e-05
-7.63155e-05
8.78488e-05
-8.07393e-05
0.000102625
-8.7777e-05
0.000117271
-9.23415e-05
0.000129682
-9.06293e-05
0.000137503
-8.11583e-05
0.000138994
-6.16495e-05
0.000132316
-3.1469e-05
0.000120673
1.60816e-05
0.00011667
5.65051e-05
0.000137227
0.000122078
0.000182874
0.000166445
0.000186149
0.000205547
6.19424e-06
-6.48776e-05
1.2391e-05
-6.53135e-05
1.86681e-05
-6.58665e-05
2.48757e-05
-6.65617e-05
3.10038e-05
-6.76228e-05
3.71368e-05
-6.89607e-05
4.36311e-05
-7.07574e-05
4.984e-05
-7.37236e-05
5.79525e-05
-7.58969e-05
6.59774e-05
-8.30197e-05
7.43909e-05
-8.4729e-05
8.84405e-05
-9.4789e-05
0.000103235
-0.000102571
0.000113657
-0.000102764
0.000118842
-9.58137e-05
0.000117497
-7.98135e-05
0.000104892
-4.9045e-05
8.57627e-05
-1.23394e-05
7.34295e-05
2.84148e-05
7.51234e-05
5.48111e-05
9.44479e-05
0.000102754
0.000144463
0.000116429
0.000139319
0.000191294
6.10238e-06
-7.098e-05
1.22685e-05
-7.14797e-05
1.83624e-05
-7.19604e-05
2.45077e-05
-7.2707e-05
3.0607e-05
-7.37221e-05
3.67265e-05
-7.50802e-05
4.29735e-05
-7.70044e-05
4.86411e-05
-7.93912e-05
5.50963e-05
-8.2352e-05
6.10332e-05
-8.89567e-05
6.91329e-05
-9.28286e-05
8.1588e-05
-0.000107244
8.98851e-05
-0.000110868
9.15823e-05
-0.000104461
8.57558e-05
-8.99872e-05
6.83944e-05
-6.24521e-05
4.74911e-05
-2.81417e-05
3.49598e-05
1.9186e-07
3.67786e-05
2.65961e-05
4.81662e-05
4.34235e-05
7.47962e-05
7.61237e-05
0.000111926
7.92997e-05
9.23299e-05
0.000158915
5.66532e-06
-7.66453e-05
1.13736e-05
-7.71879e-05
1.71088e-05
-7.76956e-05
2.28253e-05
-7.84234e-05
2.85151e-05
-7.94119e-05
3.4e-05
-8.05651e-05
3.88242e-05
-8.18286e-05
4.29836e-05
-8.35507e-05
4.73076e-05
-8.6676e-05
5.08616e-05
-9.25107e-05
5.86781e-05
-0.000100645
6.5951e-05
-0.000114517
6.37562e-05
-0.000108674
5.37675e-05
-9.44722e-05
3.31303e-05
-6.935e-05
1.47236e-05
-4.40455e-05
7.24768e-06
-2.06657e-05
1.2662e-05
-5.22246e-06
2.59596e-05
1.32985e-05
4.36563e-05
2.57268e-05
7.40202e-05
4.57598e-05
0.000107148
4.61721e-05
5.60859e-05
0.000143392
5.65181e-06
-8.22971e-05
1.12399e-05
-8.2776e-05
1.68344e-05
-8.329e-05
2.24304e-05
-8.40195e-05
2.80374e-05
-8.50189e-05
3.35159e-05
-8.60436e-05
3.82464e-05
-8.6559e-05
4.14075e-05
-8.67118e-05
4.23932e-05
-8.76616e-05
4.10638e-05
-9.11812e-05
3.98859e-05
-9.94672e-05
3.02349e-05
-0.000104866
1.70687e-05
-9.55075e-05
2.94555e-07
-7.7698e-05
-1.00839e-05
-5.89715e-05
-9.97794e-06
-4.41514e-05
-9.53963e-07
-2.96897e-05
1.3352e-05
-1.95284e-05
3.15481e-05
-4.89762e-06
5.27395e-05
4.53542e-06
8.08285e-05
1.76707e-05
0.000108113
1.88872e-05
2.56502e-05
0.000138549
5.41938e-06
-8.77165e-05
1.08447e-05
-8.82014e-05
1.61861e-05
-8.86315e-05
2.16344e-05
-8.94678e-05
2.72974e-05
-9.06819e-05
3.34085e-05
-9.21547e-05
3.86019e-05
-9.17525e-05
4.04051e-05
-8.8515e-05
3.56735e-05
-8.293e-05
2.07475e-05
-7.62552e-05
-9.35987e-06
-6.93598e-05
-2.42739e-05
-8.99521e-05
-2.69168e-05
-9.28646e-05
-2.78491e-05
-7.67656e-05
-2.20669e-05
-6.47537e-05
-1.05192e-05
-5.56991e-05
6.24361e-06
-4.64525e-05
2.31856e-05
-3.64704e-05
4.33582e-05
-2.50702e-05
6.32068e-05
-1.53132e-05
8.47208e-05
-3.8433e-06
0.000104012
-4.0418e-07
-3.37937e-06
0.000133042
5.2512e-06
-9.29677e-05
1.02803e-05
-9.32304e-05
1.49246e-05
-9.32758e-05
1.9201e-05
-9.37442e-05
2.51484e-05
-9.66293e-05
3.3356e-05
-0.000100362
3.91531e-05
-9.75496e-05
4.08869e-05
-9.02489e-05
2.85797e-05
-7.06228e-05
-1.90558e-05
-2.86198e-05
-7.85556e-05
-9.86007e-06
-6.2506e-05
-0.000106002
-4.37747e-05
-0.000111596
-3.37347e-05
-8.68056e-05
-1.81901e-05
-8.02984e-05
-7.8954e-07
-7.30997e-05
1.67024e-05
-6.39444e-05
3.34136e-05
-5.31817e-05
5.44916e-05
-4.61482e-05
7.51473e-05
-3.59688e-05
9.69776e-05
-2.56736e-05
0.000121731
-2.51578e-05
-1.71118e-05
0.000135464
5.423e-06
-9.83907e-05
1.06297e-05
-9.84372e-05
1.60353e-05
-9.86813e-05
2.08914e-05
-9.86004e-05
1.98039e-05
-9.55417e-05
8.09123e-06
-8.86496e-05
-2.37281e-06
-8.70856e-05
-1.45675e-05
-7.80542e-05
-4.42684e-05
-4.09219e-05
-0.000101902
2.90135e-05
-0.000114249
2.48744e-06
-8.96682e-05
-0.000130583
-5.00388e-05
-0.000151225
-1.80086e-05
-0.000118836
-2.07637e-06
-9.62306e-05
1.1668e-05
-8.68441e-05
2.62213e-05
-7.84977e-05
4.14565e-05
-6.84168e-05
5.73103e-05
-6.20021e-05
7.51867e-05
-5.38452e-05
8.05725e-05
-3.10593e-05
8.66737e-05
-3.1259e-05
-5.6002e-05
0.000125564
-1.95592e-05
-7.88315e-05
-3.97226e-05
-7.82738e-05
-6.12676e-05
-7.71363e-05
-8.26381e-05
-7.72299e-05
-0.000101137
-7.70423e-05
-0.00011424
-7.55474e-05
-0.000112875
-8.84507e-05
-0.000100589
-9.03397e-05
-6.80753e-05
-7.34356e-05
4.57716e-06
-4.3639e-05
9.24104e-05
-8.53458e-05
9.61692e-05
-0.000134341
8.50981e-05
-0.000140154
6.9232e-05
-0.00010297
4.83917e-05
-7.53904e-05
3.02763e-05
-6.87287e-05
1.96401e-05
-6.78615e-05
1.12609e-05
-6.00376e-05
6.53677e-06
-5.7278e-05
8.26466e-06
-5.55731e-05
-3.23785e-05
9.58385e-06
-8.24918e-05
1.88543e-05
-5.91987e-05
-7.92951e-05
-1.08807e-05
-6.79508e-05
-1.89392e-05
-7.02153e-05
-2.32287e-05
-7.28468e-05
-2.41077e-05
-7.6351e-05
-2.16687e-05
-7.94813e-05
-1.47475e-05
-8.24686e-05
-1.47321e-05
-8.84661e-05
-1.69529e-05
-8.81188e-05
-1.45088e-05
-7.58798e-05
5.7043e-06
-6.38521e-05
1.30667e-05
-9.27083e-05
1.60395e-06
-0.000122879
-1.72612e-05
-0.000121289
-1.95504e-05
-0.000100681
-1.59361e-05
-7.90047e-05
-2.28435e-05
-6.18213e-05
-4.07005e-05
-5.00044e-05
-5.79344e-05
-4.28037e-05
-6.52026e-05
-5.00098e-05
-5.85576e-05
-6.22181e-05
-1.49274e-05
-3.40463e-05
3.37719e-06
5.49663e-07
-9.06761e-06
-4.67539e-05
-4.37382e-06
-6.3577e-05
-7.52446e-06
-6.70647e-05
-1.06294e-05
-6.97419e-05
-1.39368e-05
-7.30435e-05
-1.67368e-05
-7.66814e-05
-1.85912e-05
-8.06142e-05
-2.23277e-05
-8.47296e-05
-2.50098e-05
-8.54368e-05
-1.96515e-05
-8.12381e-05
-5.18219e-06
-7.83214e-05
-4.54656e-06
-9.33439e-05
-2.29052e-05
-0.00010452
-4.00202e-05
-0.000104174
-4.96149e-05
-9.10858e-05
-4.65061e-05
-8.21135e-05
-3.11988e-05
-7.71286e-05
-1.0502e-05
-7.07013e-05
9.02608e-06
-6.23317e-05
1.21635e-05
-5.31472e-05
-1.21756e-05
-3.7879e-05
-5.24072e-05
6.18529e-06
-7.88338e-05
2.69762e-05
1.61079e-05
-0.000104009
-1.55754e-06
-6.20194e-05
-3.13383e-06
-6.54884e-05
-4.91228e-06
-6.79635e-05
-6.81449e-06
-7.11413e-05
-8.86876e-06
-7.46271e-05
-1.14081e-05
-7.80749e-05
-1.52049e-05
-8.09328e-05
-1.83419e-05
-8.22998e-05
-1.75064e-05
-8.20736e-05
-1.34649e-05
-8.23629e-05
-1.86586e-05
-8.81502e-05
-3.08861e-05
-9.22925e-05
-4.03279e-05
-9.47323e-05
-4.28044e-05
-8.86094e-05
-3.84318e-05
-8.64861e-05
-3.24805e-05
-8.30799e-05
-3.04154e-05
-7.27663e-05
-4.03618e-05
-5.23853e-05
-6.67819e-05
-2.67271e-05
-9.47491e-05
-9.9118e-06
-9.19586e-05
3.39479e-06
-8.1527e-05
1.65446e-05
1.55185e-05
-8.09376e-05
4.82056e-07
-6.25015e-05
6.93499e-07
-6.56999e-05
6.86965e-08
-6.73387e-05
-1.48797e-06
-6.95846e-05
-4.08875e-06
-7.20264e-05
-7.88295e-06
-7.42807e-05
-1.28652e-05
-7.59505e-05
-1.83147e-05
-7.68504e-05
-2.34699e-05
-7.69184e-05
-2.86486e-05
-7.71842e-05
-3.5208e-05
-8.15907e-05
-4.18287e-05
-8.56718e-05
-4.91401e-05
-8.74209e-05
-5.2142e-05
-8.56075e-05
-5.49727e-05
-8.36555e-05
-6.08681e-05
-7.71844e-05
-7.10318e-05
-6.26027e-05
-8.42274e-05
-3.91897e-05
-9.1798e-05
-1.91565e-05
-9.42667e-05
-7.44313e-06
-9.51782e-05
4.30625e-06
-8.95976e-05
1.0964e-05
1.40157e-05
-8.80948e-05
-4.92246e-07
-6.20093e-05
-1.10686e-06
-6.50853e-05
-2.16033e-06
-6.62852e-05
-4.09565e-06
-6.76493e-05
-7.22892e-06
-6.88931e-05
-1.15303e-05
-6.99793e-05
-1.66871e-05
-7.07937e-05
-2.23462e-05
-7.11913e-05
-2.77998e-05
-7.14648e-05
-3.24628e-05
-7.25211e-05
-3.8046e-05
-7.60075e-05
-4.48691e-05
-7.88487e-05
-5.38564e-05
-7.84336e-05
-6.31582e-05
-7.63058e-05
-7.37754e-05
-7.30382e-05
-8.42082e-05
-6.67516e-05
-9.34969e-05
-5.33139e-05
-0.00010117
-3.15166e-05
-0.000103577
-1.67496e-05
-0.000100484
-1.05358e-05
-9.22923e-05
-3.88579e-06
-8.54104e-05
4.08208e-06
9.24934e-06
-8.0644e-05
-1.03018e-06
-6.09791e-05
-2.46829e-06
-6.36472e-05
-4.54945e-06
-6.42041e-05
-7.24578e-06
-6.4953e-05
-1.05325e-05
-6.56064e-05
-1.43754e-05
-6.61365e-05
-1.85479e-05
-6.66212e-05
-2.28077e-05
-6.69316e-05
-2.70887e-05
-6.71838e-05
-3.15148e-05
-6.8095e-05
-3.75714e-05
-6.99509e-05
-4.63823e-05
-7.00379e-05
-5.66614e-05
-6.81544e-05
-6.74432e-05
-6.5524e-05
-7.85987e-05
-6.18827e-05
-8.87004e-05
-5.665e-05
-9.54442e-05
-4.65701e-05
-9.58779e-05
-3.10829e-05
-9.27793e-05
-1.98483e-05
-8.84518e-05
-1.48632e-05
-8.30488e-05
-9.28884e-06
-7.75253e-05
-1.44146e-06
3.9742e-06
-7.22501e-05
-1.83368e-06
-5.91454e-05
-3.87519e-06
-6.16057e-05
-6.21477e-06
-6.18645e-05
-8.86175e-06
-6.2306e-05
-1.17921e-05
-6.2676e-05
-1.49229e-05
-6.30057e-05
-1.82955e-05
-6.32485e-05
-2.1859e-05
-6.33681e-05
-2.56054e-05
-6.34375e-05
-3.00622e-05
-6.36382e-05
-3.65047e-05
-6.35084e-05
-4.40936e-05
-6.2449e-05
-5.18682e-05
-6.03798e-05
-6.02112e-05
-5.7181e-05
-6.91194e-05
-5.29745e-05
-7.76814e-05
-4.8088e-05
-8.26326e-05
-4.16189e-05
-8.14218e-05
-3.22937e-05
-7.85334e-05
-2.27367e-05
-7.68004e-05
-1.65963e-05
-7.40403e-05
-1.20489e-05
-7.01229e-05
-5.3589e-06
1.33742e-06
-6.74861e-05
-2.0046e-06
-5.71409e-05
-4.16912e-06
-5.94412e-05
-6.53018e-06
-5.95034e-05
-9.12778e-06
-5.97085e-05
-1.1917e-05
-5.98867e-05
-1.48919e-05
-6.00309e-05
-1.80288e-05
-6.01117e-05
-2.1357e-05
-6.00399e-05
-2.50003e-05
-5.97942e-05
-2.922e-05
-5.94185e-05
-3.41651e-05
-5.85633e-05
-3.96248e-05
-5.69893e-05
-4.53052e-05
-5.46993e-05
-5.08121e-05
-5.1674e-05
-5.59174e-05
-4.78692e-05
-6.12326e-05
-4.27728e-05
-6.61239e-05
-3.67276e-05
-6.83445e-05
-3.00731e-05
-6.78208e-05
-2.32604e-05
-6.71271e-05
-1.72899e-05
-6.64658e-05
-1.27102e-05
-6.50422e-05
-6.78251e-06
1.09501e-06
-6.47997e-05
-2.26372e-06
-5.48771e-05
-4.65229e-06
-5.70526e-05
-7.12632e-06
-5.70294e-05
-9.73345e-06
-5.71013e-05
-1.24883e-05
-5.71319e-05
-1.54293e-05
-5.70899e-05
-1.85936e-05
-5.69473e-05
-2.19629e-05
-5.66706e-05
-2.54696e-05
-5.62875e-05
-2.92539e-05
-5.56342e-05
-3.35227e-05
-5.42945e-05
-3.84437e-05
-5.20683e-05
-4.33768e-05
-4.97663e-05
-4.79327e-05
-4.71181e-05
-5.20783e-05
-4.37236e-05
-5.56349e-05
-3.92162e-05
-5.86626e-05
-3.36999e-05
-6.07758e-05
-2.79598e-05
-6.17908e-05
-2.22454e-05
-6.16995e-05
-1.73813e-05
-6.16154e-05
-1.27943e-05
-6.16277e-05
-6.77022e-06
2.68346e-07
-6.0801e-05
-2.15239e-06
-5.27248e-05
-4.43755e-06
-5.47675e-05
-6.80916e-06
-5.46578e-05
-9.29716e-06
-5.46133e-05
-1.1933e-05
-5.44961e-05
-1.47384e-05
-5.42845e-05
-1.77496e-05
-5.39361e-05
-2.09914e-05
-5.34288e-05
-2.45607e-05
-5.27182e-05
-2.85287e-05
-5.16662e-05
-3.26532e-05
-5.017e-05
-3.64388e-05
-4.82827e-05
-4.01704e-05
-4.60347e-05
-4.41549e-05
-4.31336e-05
-4.82253e-05
-3.96532e-05
-5.15643e-05
-3.58773e-05
-5.36169e-05
-3.16473e-05
-5.50543e-05
-2.65224e-05
-5.61006e-05
-2.11991e-05
-5.70737e-05
-1.64082e-05
-5.76845e-05
-1.21835e-05
-5.74923e-05
-6.96239e-06
-9.6447e-07
-5.62594e-05
-2.15749e-06
-5.05673e-05
-4.42357e-06
-5.25014e-05
-6.76704e-06
-5.23143e-05
-9.23401e-06
-5.21464e-05
-1.18503e-05
-5.18798e-05
-1.46426e-05
-5.14922e-05
-1.76149e-05
-5.09639e-05
-2.07516e-05
-5.0292e-05
-2.40251e-05
-4.94447e-05
-2.7379e-05
-4.83124e-05
-3.07144e-05
-4.68346e-05
-3.40023e-05
-4.49948e-05
-3.73389e-05
-4.2698e-05
-4.04416e-05
-4.00309e-05
-4.33363e-05
-3.67584e-05
-4.64212e-05
-3.27924e-05
-4.936e-05
-2.87085e-05
-5.12972e-05
-2.45851e-05
-5.21341e-05
-2.03622e-05
-5.23294e-05
-1.62128e-05
-5.27649e-05
-1.1748e-05
-5.29593e-05
-6.76802e-06
-2.08952e-06
-5.18342e-05
-2.16432e-06
-4.8403e-05
-4.4187e-06
-5.0247e-05
-6.70662e-06
-5.00264e-05
-9.04754e-06
-4.98055e-05
-1.14527e-05
-4.94747e-05
-1.39274e-05
-4.90174e-05
-1.64824e-05
-4.84089e-05
-1.91525e-05
-4.76219e-05
-2.19909e-05
-4.66063e-05
-2.50202e-05
-4.52831e-05
-2.82331e-05
-4.36217e-05
-3.15578e-05
-4.16701e-05
-3.48368e-05
-3.9419e-05
-3.80807e-05
-3.6787e-05
-4.09958e-05
-3.38433e-05
-4.30855e-05
-3.07028e-05
-4.44605e-05
-2.73335e-05
-4.55966e-05
-2.34491e-05
-4.67294e-05
-1.92294e-05
-4.79097e-05
-1.50325e-05
-4.87879e-05
-1.08698e-05
-4.86442e-05
-6.91169e-06
-2.85011e-06
-4.78836e-05
-2.09059e-06
-4.63124e-05
-4.26494e-06
-4.80727e-05
-6.47472e-06
-4.78167e-05
-8.74263e-06
-4.75376e-05
-1.10808e-05
-4.71365e-05
-1.34948e-05
-4.66035e-05
-1.5986e-05
-4.59177e-05
-1.85574e-05
-4.50505e-05
-2.12057e-05
-4.3958e-05
-2.38925e-05
-4.25963e-05
-2.65543e-05
-4.09599e-05
-2.91141e-05
-3.91103e-05
-3.15654e-05
-3.69677e-05
-3.38442e-05
-3.45082e-05
-3.60049e-05
-3.16825e-05
-3.81791e-05
-2.85286e-05
-4.04305e-05
-2.50822e-05
-4.23706e-05
-2.15089e-05
-4.36353e-05
-1.79647e-05
-4.41972e-05
-1.44706e-05
-4.43564e-05
-1.07105e-05
-4.44522e-05
-6.81586e-06
-3.07419e-06
-4.42281e-05
-1.98047e-06
-4.43319e-05
-4.03278e-06
-4.60204e-05
-6.1081e-06
-4.57413e-05
-8.22922e-06
-4.54164e-05
-1.04101e-05
-4.49556e-05
-1.2663e-05
-4.43506e-05
-1.49944e-05
-4.35863e-05
-1.73992e-05
-4.26457e-05
-1.98479e-05
-4.15093e-05
-2.2291e-05
-4.01533e-05
-2.47035e-05
-3.85474e-05
-2.71394e-05
-3.66744e-05
-2.95698e-05
-3.45372e-05
-3.19217e-05
-3.21563e-05
-3.4054e-05
-2.95501e-05
-3.58658e-05
-2.67168e-05
-3.72531e-05
-2.36948e-05
-3.82906e-05
-2.04714e-05
-3.91974e-05
-1.7058e-05
-4.01247e-05
-1.35433e-05
-4.07516e-05
-1.00836e-05
-4.08972e-05
-6.67026e-06
-3.22117e-06
-4.07502e-05
-1.88894e-06
-4.2443e-05
-3.84872e-06
-4.40606e-05
-5.82228e-06
-4.37678e-05
-7.82687e-06
-4.34118e-05
-9.8638e-06
-4.29187e-05
-1.19341e-05
-4.22803e-05
-1.40382e-05
-4.14822e-05
-1.61783e-05
-4.05055e-05
-1.83567e-05
-3.93309e-05
-2.05623e-05
-3.79477e-05
-2.27544e-05
-3.63553e-05
-2.48759e-05
-3.45529e-05
-2.68883e-05
-3.25249e-05
-2.87886e-05
-3.02561e-05
-3.05789e-05
-2.77598e-05
-3.2234e-05
-2.50617e-05
-3.37538e-05
-2.2175e-05
-3.50709e-05
-1.91542e-05
-3.6085e-05
-1.60439e-05
-3.67663e-05
-1.2862e-05
-3.7202e-05
-9.64788e-06
-3.74516e-05
-6.42066e-06
-3.18527e-06
-3.74875e-05
-1.77592e-06
-4.06671e-05
-3.6068e-06
-4.22297e-05
-5.44832e-06
-4.19263e-05
-7.31333e-06
-4.15468e-05
-9.20708e-06
-4.10249e-05
-1.11323e-05
-4.03551e-05
-1.30875e-05
-3.9527e-05
-1.50635e-05
-3.85296e-05
-1.70422e-05
-3.73522e-05
-1.90053e-05
-3.59846e-05
-2.09436e-05
-3.44169e-05
-2.2853e-05
-3.26435e-05
-2.47096e-05
-3.06683e-05
-2.64649e-05
-2.85008e-05
-2.80799e-05
-2.61448e-05
-2.95336e-05
-2.36081e-05
-3.07926e-05
-2.09161e-05
-3.1856e-05
-1.80907e-05
-3.27439e-05
-1.51561e-05
-3.34553e-05
-1.21506e-05
-3.39662e-05
-9.13698e-06
-3.42621e-05
-6.12475e-06
-3.08015e-06
-3.43672e-05
-1.64831e-06
-3.90188e-05
-3.35216e-06
-4.05259e-05
-5.05979e-06
-4.02187e-05
-6.78392e-06
-3.98227e-05
-8.52626e-06
-3.92826e-05
-1.02873e-05
-3.85941e-05
-1.20647e-05
-3.77495e-05
-1.38535e-05
-3.67408e-05
-1.56445e-05
-3.55611e-05
-1.74244e-05
-3.42048e-05
-1.91731e-05
-3.26682e-05
-2.08671e-05
-3.09495e-05
-2.24883e-05
-2.90471e-05
-2.40253e-05
-2.69638e-05
-2.54599e-05
-2.47102e-05
-2.67674e-05
-2.23006e-05
-2.79317e-05
-1.97518e-05
-2.89351e-05
-1.70872e-05
-2.97621e-05
-1.43291e-05
-3.04086e-05
-1.15041e-05
-3.08926e-05
-8.65291e-06
-3.122e-05
-5.79732e-06
-2.91511e-06
-3.13851e-05
-1.5239e-06
-3.74949e-05
-3.09335e-06
-3.89564e-05
-4.66412e-06
-3.86479e-05
-6.2462e-06
-3.82406e-05
-7.84006e-06
-3.76887e-05
-9.44482e-06
-3.69893e-05
-1.1057e-05
-3.61373e-05
-1.26704e-05
-3.51275e-05
-1.42762e-05
-3.39553e-05
-1.58641e-05
-3.26168e-05
-1.74227e-05
-3.11097e-05
-1.89386e-05
-2.94336e-05
-2.03941e-05
-2.75915e-05
-2.17688e-05
-2.55891e-05
-2.3045e-05
-2.34339e-05
-2.42083e-05
-2.11373e-05
-2.52445e-05
-1.87156e-05
-2.61447e-05
-1.6187e-05
-2.69028e-05
-1.3571e-05
-2.75163e-05
-1.08906e-05
-2.79902e-05
-8.17907e-06
-2.83278e-05
-5.45972e-06
-2.71663e-06
-2.85262e-05
-1.38837e-06
-3.61065e-05
-2.81982e-06
-3.7525e-05
-4.24946e-06
-3.72182e-05
-5.68697e-06
-3.68031e-05
-7.13207e-06
-3.62436e-05
-8.58334e-06
-3.5538e-05
-1.00374e-05
-3.46832e-05
-1.14887e-05
-3.36762e-05
-1.29296e-05
-3.25143e-05
-1.43505e-05
-3.1196e-05
-1.57397e-05
-2.97204e-05
-1.70846e-05
-2.80887e-05
-1.83723e-05
-2.63038e-05
-1.95903e-05
-2.43712e-05
-2.0725e-05
-2.22992e-05
-2.17634e-05
-2.0099e-05
-2.26945e-05
-1.77844e-05
-2.35099e-05
-1.53717e-05
-2.42032e-05
-1.28777e-05
-2.47727e-05
-1.0321e-05
-2.5224e-05
-7.72776e-06
-2.55615e-05
-5.12225e-06
-2.49742e-06
-2.57807e-05
-1.25313e-06
-3.48534e-05
-2.54392e-06
-3.62342e-05
-3.8315e-06
-3.59307e-05
-5.12464e-06
-3.551e-05
-6.42224e-06
-3.4946e-05
-7.72242e-06
-3.42379e-05
-9.02185e-06
-3.33838e-05
-1.03155e-05
-3.23825e-05
-1.15968e-05
-3.1233e-05
-1.28578e-05
-2.9935e-05
-1.40892e-05
-2.8489e-05
-1.52809e-05
-2.68971e-05
-1.64216e-05
-2.51631e-05
-1.74999e-05
-2.32928e-05
-1.85052e-05
-2.12939e-05
-1.94277e-05
-1.91766e-05
-2.02588e-05
-1.69533e-05
-2.09923e-05
-1.46382e-05
-2.16236e-05
-1.22464e-05
-2.21509e-05
-9.79375e-06
-2.25773e-05
-7.30136e-06
-2.2907e-05
-4.79258e-06
-2.26819e-06
-2.31362e-05
-1.11349e-06
-3.37399e-05
-2.26201e-06
-3.50857e-05
-3.40645e-06
-3.47862e-05
-4.55541e-06
-3.4361e-05
-5.70738e-06
-3.37941e-05
-6.86036e-06
-3.30849e-05
-8.01128e-06
-3.22329e-05
-9.15555e-06
-3.12383e-05
-1.02872e-05
-3.01014e-05
-1.13991e-05
-2.88231e-05
-1.24832e-05
-2.74049e-05
-1.3531e-05
-2.58494e-05
-1.45335e-05
-2.41606e-05
-1.54821e-05
-2.23442e-05
-1.6368e-05
-2.0408e-05
-1.71834e-05
-1.83612e-05
-1.79218e-05
-1.62149e-05
-1.85782e-05
-1.39818e-05
-1.91491e-05
-1.16755e-05
-1.9633e-05
-9.30984e-06
-2.0032e-05
-6.90241e-06
-2.03497e-05
-4.47489e-06
-2.03459e-06
-2.05833e-05
-9.71069e-07
-3.27688e-05
-1.97632e-06
-3.40804e-05
-2.97749e-06
-3.37851e-05
-3.98294e-06
-3.33556e-05
-4.99078e-06
-3.27862e-05
-5.99911e-06
-3.20766e-05
-7.00542e-06
-3.12266e-05
-8.0056e-06
-3.02381e-05
-8.99427e-06
-2.91127e-05
-9.96507e-06
-2.78523e-05
-1.0911e-05
-2.64589e-05
-1.18248e-05
-2.49356e-05
-1.26991e-05
-2.32862e-05
-1.3527e-05
-2.15164e-05
-1.43015e-05
-1.96334e-05
-1.50166e-05
-1.76461e-05
-1.56671e-05
-1.55643e-05
-1.62496e-05
-1.33993e-05
-1.67616e-05
-1.11635e-05
-1.7202e-05
-8.86944e-06
-1.75723e-05
-6.53212e-06
-1.78759e-05
-4.17133e-06
-1.7992e-06
-1.81112e-05
-8.23545e-07
-3.19453e-05
-1.68603e-06
-3.32179e-05
-2.54452e-06
-3.29266e-05
-3.40699e-06
-3.24931e-05
-4.2715e-06
-3.19217e-05
-5.13645e-06
-3.12116e-05
-6.00076e-06
-3.03623e-05
-6.86136e-06
-2.93775e-05
-7.7133e-06
-2.82608e-05
-8.55054e-06
-2.7015e-05
-9.36649e-06
-2.5643e-05
-1.01546e-05
-2.41475e-05
-1.09088e-05
-2.2532e-05
-1.16238e-05
-2.08015e-05
-1.22939e-05
-1.89633e-05
-1.29142e-05
-1.70259e-05
-1.34809e-05
-1.49976e-05
-1.39919e-05
-1.28884e-05
-1.44459e-05
-1.07095e-05
-1.48424e-05
-8.47293e-06
-1.51831e-05
-6.19146e-06
-1.5471e-05
-3.88342e-06
-1.56495e-06
-1.57053e-05
-6.70297e-07
-3.1275e-05
-1.39399e-06
-3.24942e-05
-2.11287e-06
-3.22077e-05
-2.83343e-06
-3.17726e-05
-3.55381e-06
-3.12013e-05
-4.27247e-06
-3.04929e-05
-4.99126e-06
-2.96435e-05
-5.70939e-06
-2.86593e-05
-6.4243e-06
-2.75459e-05
-7.13189e-06
-2.63074e-05
-7.82552e-06
-2.49493e-05
-8.49791e-06
-2.34751e-05
-9.14251e-06
-2.18874e-05
-9.75465e-06
-2.01893e-05
-1.03294e-05
-1.83886e-05
-1.08616e-05
-1.64937e-05
-1.1349e-05
-1.45102e-05
-1.1791e-05
-1.24464e-05
-1.21877e-05
-1.03129e-05
-1.25396e-05
-8.12102e-06
-1.28497e-05
-5.88135e-06
-1.3122e-05
-3.61118e-06
-1.33005e-06
-1.33569e-05
-5.14552e-07
-3.07604e-05
-1.11577e-06
-3.1893e-05
-1.70919e-06
-3.16143e-05
-2.29628e-06
-3.11855e-05
-2.87538e-06
-3.06222e-05
-3.44151e-06
-2.99268e-05
-3.9895e-06
-2.90955e-05
-4.52557e-06
-2.81233e-05
-5.06441e-06
-2.7007e-05
-5.61755e-06
-2.57543e-05
-6.18659e-06
-2.43803e-05
-6.76352e-06
-2.28982e-05
-7.32985e-06
-2.13211e-05
-7.86616e-06
-1.9653e-05
-8.36511e-06
-1.78897e-05
-8.82628e-06
-1.60325e-05
-9.24679e-06
-1.40897e-05
-9.62765e-06
-1.20655e-05
-9.97106e-06
-9.96949e-06
-1.02782e-05
-7.81385e-06
-1.05563e-05
-5.60327e-06
-1.08109e-05
-3.35661e-06
-1.09015e-06
-1.10508e-05
-3.75827e-07
-3.03846e-05
-8.99455e-07
-3.13694e-05
-1.40817e-06
-3.11056e-05
-1.89665e-06
-3.0697e-05
-2.36604e-06
-3.01528e-05
-2.81778e-06
-2.94751e-05
-3.24489e-06
-2.86684e-05
-3.64655e-06
-2.77216e-05
-4.01605e-06
-2.66375e-05
-4.35514e-06
-2.54152e-05
-4.68263e-06
-2.40528e-05
-5.02112e-06
-2.25597e-05
-5.3885e-06
-2.09537e-05
-5.79475e-06
-1.92468e-05
-6.23024e-06
-1.74542e-05
-6.67126e-06
-1.55915e-05
-7.08777e-06
-1.36732e-05
-7.45214e-06
-1.17012e-05
-7.76311e-06
-9.65854e-06
-8.03431e-06
-7.54265e-06
-8.28794e-06
-5.34966e-06
-8.52989e-06
-3.11468e-06
-8.64536e-07
-8.75552e-06
-3.09741e-07
-3.00748e-05
-8.29474e-07
-3.08497e-05
-1.32875e-06
-3.06063e-05
-1.79839e-06
-3.02273e-05
-2.24028e-06
-2.9711e-05
-2.66441e-06
-2.9051e-05
-3.07287e-06
-2.82599e-05
-3.45117e-06
-2.73433e-05
-3.78885e-06
-2.62999e-05
-4.0737e-06
-2.51303e-05
-4.29451e-06
-2.3832e-05
-4.45258e-06
-2.24016e-05
-4.56234e-06
-2.08439e-05
-4.63754e-06
-1.91716e-05
-4.70142e-06
-1.73903e-05
-4.78595e-06
-1.5507e-05
-4.92691e-06
-1.35323e-05
-5.14722e-06
-1.14809e-05
-5.42667e-06
-9.37909e-06
-5.70518e-06
-7.26414e-06
-5.95053e-06
-5.10432e-06
-6.20957e-06
-2.85563e-06
-5.44114e-07
-6.53e-06
-3.65649e-07
-2.97092e-05
-9.45903e-07
-3.02694e-05
-1.51367e-06
-3.00385e-05
-2.05308e-06
-2.96879e-05
-2.55979e-06
-2.92043e-05
-3.01749e-06
-2.85932e-05
-3.4237e-06
-2.78537e-05
-3.7782e-06
-2.69888e-05
-4.07833e-06
-2.59997e-05
-4.32157e-06
-2.48871e-05
-4.5023e-06
-2.36513e-05
-4.60971e-06
-2.22942e-05
-4.64183e-06
-2.08118e-05
-4.6051e-06
-1.92083e-05
-4.50284e-06
-1.74926e-05
-4.34195e-06
-1.56679e-05
-4.1374e-06
-1.37368e-05
-3.91466e-06
-1.17036e-05
-3.71993e-06
-9.57381e-06
-3.63026e-06
-7.3538e-06
-3.68553e-06
-5.04904e-06
-3.85786e-06
-2.6833e-06
-3.09449e-07
-4.0925e-06
-3.99516e-07
-1.00837e-06
-1.60081e-06
-2.16361e-06
-2.69144e-06
-3.17916e-06
-3.61954e-06
-4.00821e-06
-4.34036e-06
-4.61051e-06
-4.81269e-06
-4.9411e-06
-4.98604e-06
-4.94163e-06
-4.80832e-06
-4.58743e-06
-4.28217e-06
-3.89988e-06
-3.45497e-06
-2.9718e-06
-2.4956e-06
-2.11722e-06
-1.99267e-06
1.84497e-06
8.20007e-05
-5.00828e-05
5.19278e-05
-4.7505e-05
-2.57782e-06
9.81877e-05
-0.000145693
9.76801e-05
8.05026e-05
7.62448e-05
7.33631e-05
5.93284e-06
6.77341e-05
7.42219e-05
2.98986e-05
0.000128311
8.02668e-05
0.000128146
7.35285e-05
0.000127851
6.80287e-05
6.4294e-05
0.000137779
0.000171355
8.6705e-05
0.000170637
7.42466e-05
0.000172828
6.58378e-05
5.77314e-05
0.00017939
0.000211211
8.10408e-05
0.000212136
7.33216e-05
0.000213746
6.42279e-05
5.42705e-05
0.000217207
0.000212091
6.02433e-05
0.000226397
5.90152e-05
0.000237244
5.33808e-05
4.59229e-05
0.000245592
0.000181118
3.80401e-05
0.000201543
3.85902e-05
0.000219805
3.51183e-05
3.11044e-05
0.000234624
0.000158481
2.29512e-05
0.000174858
2.22125e-05
0.00019025
1.97267e-05
1.58258e-05
0.000205529
0.000152284
9.21669e-06
0.000164756
9.74057e-06
0.000175561
8.92162e-06
4.83223e-06
0.000186554
0.000144517
-2.25853e-06
0.000155691
-1.43348e-06
0.000167828
-3.21559e-06
-9.63256e-06
0.000182293
0.0001413
-8.09507e-06
0.000138169
1.6978e-06
0.000136296
-1.34312e-06
-9.52871e-06
0.000136193
8.53887e-05
3.20802e-05
-1.77425e-06
8.88608e-05
-5.60749e-05
5.29576e-05
2.74511e-06
-6.83487e-05
-8.27732e-05
3.55583e-05
-6.48803e-05
7.09679e-05
-2.81575e-05
1.62349e-05
-1.14179e-05
-1.39945e-05
-4.35372e-05
3.23417e-05
-1.50372e-05
4.24679e-05
-1.64922e-05
1.76899e-05
1.28012e-05
-4.07113e-05
-8.84097e-05
1.67421e-05
-6.50645e-05
1.91228e-05
-6.18883e-05
1.45136e-05
1.34096e-05
-6.24966e-05
-7.81664e-05
1.39709e-05
-7.2988e-05
1.39443e-05
-7.13841e-05
1.29098e-05
1.1998e-05
-6.99725e-05
-8.263e-05
8.50616e-06
-7.72779e-05
8.59234e-06
-7.34908e-05
9.1227e-06
9.47168e-06
-7.09645e-05
-7.69341e-05
4.79632e-06
-7.37425e-05
5.40065e-06
-7.11961e-05
6.57635e-06
7.19756e-06
-6.8922e-05
-7.03073e-05
2.85357e-06
-6.92446e-05
4.33792e-06
-6.80129e-05
5.34458e-06
5.82755e-06
-6.66429e-05
-6.7201e-05
2.56852e-06
-6.65203e-05
3.65717e-06
-6.52612e-05
4.08549e-06
4.69835e-06
-6.41321e-05
-6.44628e-05
2.23158e-06
-6.35592e-05
2.75365e-06
-6.26986e-05
3.22485e-06
3.84252e-06
-6.18428e-05
-6.01689e-05
1.59945e-06
-5.91781e-05
1.76283e-06
-5.82256e-05
2.27232e-06
2.93634e-06
-5.73195e-05
-5.55519e-05
8.91963e-07
-5.49324e-05
1.14327e-06
-5.43152e-05
1.65515e-06
2.44342e-06
-5.38223e-05
-5.12235e-05
2.81194e-07
-5.0773e-05
6.92793e-07
-5.03333e-05
1.21544e-06
2.06391e-06
-4.99539e-05
-4.75101e-05
-9.22791e-08
-4.72581e-05
4.40767e-07
-4.70979e-05
1.05519e-06
1.81524e-06
-4.68493e-05
-4.39986e-05
-3.21781e-07
-4.38798e-05
3.21923e-07
-4.37753e-05
9.50662e-07
1.65392e-06
-4.3614e-05
-4.06771e-05
-3.94874e-07
-4.06109e-05
2.55693e-07
-4.05589e-05
8.98665e-07
1.56507e-06
-4.04701e-05
-3.74586e-05
-4.23725e-07
-3.74388e-05
2.35826e-07
-3.74137e-05
8.73553e-07
1.51114e-06
-3.73598e-05
-3.43781e-05
-4.12765e-07
-3.43795e-05
2.37219e-07
-3.43732e-05
8.67136e-07
1.48336e-06
-3.43454e-05
-3.14198e-05
-3.78027e-07
-3.14381e-05
2.55505e-07
-3.14448e-05
8.73823e-07
1.47297e-06
-3.14345e-05
-2.85784e-05
-3.25838e-07
-2.86104e-05
2.87464e-07
-2.86277e-05
8.91123e-07
1.47534e-06
-2.86301e-05
-2.58444e-05
-2.62183e-07
-2.58883e-05
3.31393e-07
-2.59153e-05
9.1807e-07
1.48798e-06
-2.59279e-05
-2.32102e-05
-1.88182e-07
-2.32638e-05
3.84999e-07
-2.32997e-05
9.53873e-07
1.50959e-06
-2.33213e-05
-2.06647e-05
-1.06807e-07
-2.07268e-05
4.47068e-07
-2.07714e-05
9.98476e-07
1.54014e-06
-2.0802e-05
-1.81968e-05
-2.1261e-08
-1.82672e-05
5.17407e-07
-1.83211e-05
1.05237e-06
1.58035e-06
-1.83613e-05
-1.57991e-05
7.25506e-08
-1.58762e-05
5.9452e-07
-1.59395e-05
1.11561e-06
1.63113e-06
-1.59903e-05
-1.34543e-05
1.69941e-07
-1.35406e-05
6.80835e-07
-1.36154e-05
1.19032e-06
1.69478e-06
-1.3679e-05
-1.11537e-05
2.72822e-07
-1.125e-05
7.77074e-07
-1.13383e-05
1.2786e-06
1.77413e-06
-1.14177e-05
-8.8726e-06
3.89889e-07
-8.98846e-06
8.92945e-07
-9.09747e-06
1.3876e-06
1.87557e-06
-9.19892e-06
-6.65621e-06
5.16081e-07
-6.77238e-06
1.00908e-06
-6.88701e-06
1.50224e-06
1.98932e-06
-7.00076e-06
-4.27111e-06
6.94689e-07
-4.48339e-06
1.2214e-06
-4.70558e-06
1.72444e-06
2.20871e-06
-4.92495e-06
-1.97915e-06
-1.99944e-06
-2.04728e-06
-2.11873e-06
-6.62849e-05
0.000325887
0.000121363
4.39877e-05
0.000200782
-1.38047e-05
0.000140664
-1.46496e-05
0.000108902
-0.000193274
0.000125929
-0.000263579
0.000149745
-0.00027244
0.000180252
-0.000269725
0.000214491
-0.000246769
0.000251993
-0.00021572
0.000283633
-0.000168745
0.000296724
-0.000113628
0.000320353
-7.95204e-05
0.000329181
-1.52992e-05
0.000325309
6.11037e-05
0.000258587
0.00020395
0.000218071
0.000278187
0.000126522
0.000388328
0.000420014
0.000181921
0.000173865
0.000211344
1.45642e-05
0.000151801
4.57382e-05
0.000173335
-3.61834e-05
0.000166535
-0.000186474
0.000169402
-0.000266446
0.000183575
-0.000286613
0.00020337
-0.000289519
0.000227658
-0.000271057
0.000245753
-0.000233816
0.000280723
-0.000203715
0.000303269
-0.000136174
0.00030023
-7.64811e-05
0.000243
4.19305e-05
0.000207149
9.69547e-05
0.000231826
0.000179273
0.000134642
0.000375371
9.39417e-05
0.000429029
0.000513956
0.000200234
0.00011141
0.000157607
5.71914e-05
0.000180117
2.32285e-05
0.000208169
-6.42361e-05
0.000206363
-0.000184667
0.000201356
-0.000261439
0.000201594
-0.000286851
0.000200718
-0.000288643
0.000221151
-0.00029149
0.000264443
-0.000277108
0.000216713
-0.000155985
0.000132598
-5.20595e-05
8.47303e-05
-2.86134e-05
0.000122687
3.97363e-06
0.000159478
6.01637e-05
0.000145011
0.00019374
5.49838e-05
0.000465397
5.72377e-05
0.000426775
0.000571194
0.000189919
0.000100882
0.00019334
5.37705e-05
0.000217228
-6.59503e-07
0.000248214
-9.5222e-05
0.000246267
-0.00018272
0.000228267
-0.000243439
0.000208536
-0.00026712
0.00019254
-0.000272647
0.000184207
-0.000283157
0.00012567
-0.000218571
8.09235e-05
-0.000111238
9.11819e-05
-6.23179e-05
0.000113582
-5.10136e-05
7.29038e-05
4.46519e-05
8.70103e-05
4.60572e-05
5.6733e-05
0.000224018
9.64326e-05
0.000425698
4.34835e-05
0.000479724
0.000614677
0.000224823
9.32661e-05
0.000239507
3.90862e-05
0.000265505
-2.66571e-05
0.000276001
-0.000105719
0.00026377
-0.000170489
0.000237823
-0.000217492
0.000199231
-0.000228529
0.000189496
-0.000262912
0.000102169
-0.00019583
3.42105e-05
-0.000150612
1.24783e-06
-7.82752e-05
-1.70762e-05
-4.39938e-05
-2.37271e-05
-4.43628e-05
2.80948e-05
-7.17009e-06
6.78461e-05
6.3057e-06
3.38185e-05
0.000258045
6.208e-05
0.000397436
2.65081e-05
0.000515296
0.000641185
0.000258803
8.00551e-05
0.000276124
2.17652e-05
0.000290135
-4.06678e-05
0.000284258
-9.98421e-05
0.000262092
-0.000148323
0.000228994
-0.000184393
0.000227754
-0.000227289
0.000140489
-0.000175646
5.88575e-05
-0.000114198
-8.2835e-06
-8.34709e-05
-2.4699e-05
-6.18597e-05
-1.34966e-05
-5.51962e-05
-1.20539e-05
-4.58055e-05
8.57692e-06
-2.7801e-05
8.09064e-06
6.79186e-06
1.51974e-05
0.000250938
3.52617e-05
0.000377372
3.34416e-06
0.000547213
0.000644529
0.000262113
5.25657e-05
0.000281492
2.38653e-06
0.000279971
-3.91467e-05
0.000264149
-8.40202e-05
0.000245317
-0.000129492
0.000232569
-0.000171645
0.000166945
-0.000161665
8.60411e-05
-9.47421e-05
1.45877e-05
-4.27445e-05
-1.3017e-05
-5.58661e-05
-2.52508e-05
-4.96259e-05
-2.89001e-05
-5.1547e-05
-2.48994e-05
-4.98063e-05
-3.27385e-06
-4.94267e-05
5.06728e-06
-1.5494e-06
5.47137e-05
0.000201292
6.60878e-05
0.000365998
-1.91248e-05
0.000632426
0.000625405
0.000237459
2.06351e-05
0.000248819
-8.97343e-06
0.00025239
-4.2717e-05
0.000249562
-8.11927e-05
0.000237793
-0.000117722
0.000159266
-9.31185e-05
6.71528e-05
-6.95514e-05
3.81248e-06
-3.14016e-05
-1.32797e-05
-2.56522e-05
-3.05407e-05
-3.86051e-05
-3.62454e-05
-4.39212e-05
-3.58435e-05
-5.19489e-05
-2.90361e-05
-5.66138e-05
-1.11362e-05
-6.73267e-05
1.33695e-06
-1.40227e-05
8.57364e-05
0.000116892
9.72238e-05
0.00035451
-2.43303e-05
0.00075398
0.000601074
0.000208942
-1.75266e-06
0.000230141
-3.01723e-05
0.00023275
-4.53262e-05
0.000212689
-6.11313e-05
0.000142466
-4.7499e-05
5.24416e-05
-3.09412e-06
-2.49047e-06
-1.46191e-05
-2.07733e-05
-1.31185e-05
-2.91935e-05
-1.72319e-05
-3.77621e-05
-3.00364e-05
-4.28848e-05
-3.87986e-05
-4.42941e-05
-5.05397e-05
-3.7159e-05
-6.37489e-05
-2.46396e-05
-7.98463e-05
-6.6386e-06
-3.20238e-05
7.97185e-05
3.05348e-05
5.08113e-05
0.000383417
1.26074e-05
0.000792184
0.000613682
0.000197707
-1.71668e-05
0.000184062
-1.65268e-05
0.00017528
-3.6544e-05
8.2413e-05
3.17354e-05
1.69087e-05
1.80055e-05
-3.09566e-06
1.69104e-05
-2.15253e-05
3.81068e-06
-3.32323e-05
-1.41139e-06
-3.92525e-05
-1.12117e-05
-4.60325e-05
-2.32564e-05
-5.1327e-05
-3.35041e-05
-5.46909e-05
-4.71759e-05
-5.24232e-05
-6.60168e-05
-4.6908e-05
-8.53616e-05
-2.06397e-05
-5.82923e-05
6.11262e-05
-5.12312e-05
0.000109676
0.000334867
0.000121447
0.000780414
0.000735128
0.000155925
-3.68988e-05
6.27667e-05
7.66313e-05
-2.04261e-05
4.6649e-05
-9.71808e-06
2.10275e-05
-2.21895e-05
3.0477e-05
-2.8703e-05
2.3424e-05
-3.68429e-05
1.19506e-05
-4.20545e-05
3.80029e-06
-4.69383e-05
-6.32775e-06
-5.40279e-05
-1.61669e-05
-6.13912e-05
-2.61409e-05
-6.91063e-05
-3.94608e-05
-7.75284e-05
-5.75948e-05
-8.44199e-05
-7.84701e-05
-5.57536e-05
-8.69586e-05
1.58416e-06
-0.000108569
9.87733e-05
0.000237678
0.000195518
0.00068367
0.000930646
-8.52228e-05
-2.00246e-05
-3.21803e-05
2.35889e-05
-2.45529e-05
3.90217e-05
-3.81239e-05
3.45986e-05
-3.77904e-05
3.01437e-05
-4.04827e-05
2.61164e-05
-4.44881e-05
1.59561e-05
-4.85518e-05
7.86404e-06
-5.4359e-05
-5.205e-07
-6.22046e-05
-8.32138e-06
-7.14188e-05
-1.69268e-05
-8.31527e-05
-2.7727e-05
-9.90365e-05
-4.1711e-05
-0.000117188
-6.03183e-05
-0.000118724
-8.54227e-05
-0.000136719
-9.05742e-05
-5.25641e-05
0.000153523
0.000119009
0.000512097
0.00104966
-3.13031e-05
-2.71595e-06
-4.61184e-05
3.84043e-05
-4.7916e-05
4.08194e-05
-4.91202e-05
3.58029e-05
-4.89313e-05
2.99548e-05
-4.81168e-05
2.53019e-05
-5.04422e-05
1.82815e-05
-5.43193e-05
1.17412e-05
-6.07643e-05
5.92439e-06
-6.88393e-05
-2.46378e-07
-7.95687e-05
-6.19744e-06
-9.39429e-05
-1.33529e-05
-0.000113904
-2.17499e-05
-0.000141343
-3.28796e-05
-0.000178609
-4.81566e-05
-0.000230563
-3.86204e-05
-0.00017491
9.78703e-05
-5.65802e-05
0.000393767
0.000993075
-7.12396e-05
2.78124e-05
-6.39443e-05
3.1109e-05
-5.84696e-05
3.53447e-05
-5.47815e-05
3.21148e-05
-5.34795e-05
2.86529e-05
-5.30826e-05
2.4905e-05
-5.49689e-05
2.01678e-05
-5.91057e-05
1.5878e-05
-6.52587e-05
1.20773e-05
-7.35449e-05
8.03983e-06
-8.47377e-05
4.9953e-06
-9.99715e-05
1.88085e-06
-0.000121337
-3.84738e-07
-0.000152471
-1.74522e-06
-0.000200246
-3.81811e-07
-0.000257679
1.8813e-05
-0.000263745
0.000103936
-0.000234701
0.000364723
0.000758374
-6.44159e-05
2.97317e-05
-6.47361e-05
3.14292e-05
-6.05728e-05
3.11814e-05
-5.77508e-05
2.92929e-05
-5.62789e-05
2.7181e-05
-5.64585e-05
2.50845e-05
-5.82461e-05
2.19554e-05
-6.22868e-05
1.99187e-05
-6.79203e-05
1.77107e-05
-7.59528e-05
1.60722e-05
-8.66133e-05
1.56557e-05
-0.000101041
1.63088e-05
-0.000120751
1.93248e-05
-0.00014856
2.60643e-05
-0.000189005
4.00627e-05
-0.000241147
7.09548e-05
-0.000281114
0.000143903
-0.000240535
0.000324143
0.000517839
-6.74527e-05
2.7212e-05
-6.36279e-05
2.76044e-05
-6.09007e-05
2.84543e-05
-5.92176e-05
2.76097e-05
-5.80407e-05
2.60041e-05
-5.84515e-05
2.54953e-05
-6.01742e-05
2.3678e-05
-6.3814e-05
2.35585e-05
-6.88996e-05
2.27963e-05
-7.61404e-05
2.3313e-05
-8.55619e-05
2.50772e-05
-9.79668e-05
2.87136e-05
-0.000114089
3.54468e-05
-0.000135056
4.70316e-05
-0.000161789
6.67954e-05
-0.000191673
0.000100838
-0.000210161
0.000162392
-0.000162462
0.000276444
0.000355377
-6.66416e-05
2.2889e-05
-6.32203e-05
2.41831e-05
-6.12142e-05
2.64481e-05
-5.94106e-05
2.58062e-05
-5.88153e-05
2.54088e-05
-5.93168e-05
2.59969e-05
-6.0841e-05
2.52022e-05
-6.39946e-05
2.67121e-05
-6.83445e-05
2.71461e-05
-7.44765e-05
2.9445e-05
-8.22392e-05
3.28399e-05
-9.2048e-05
3.85224e-05
-0.000103983
4.7382e-05
-0.000117967
6.1015e-05
-0.000132941
8.177e-05
-0.000144981
0.000112878
-0.000141976
0.000159387
-9.41521e-05
0.00022862
0.000261225
-6.50142e-05
1.89812e-05
-6.29339e-05
2.21028e-05
-6.07239e-05
2.42381e-05
-5.84517e-05
2.3534e-05
-5.85145e-05
2.54716e-05
-5.91132e-05
2.65956e-05
-6.03754e-05
2.64644e-05
-6.30632e-05
2.93998e-05
-6.6563e-05
3.06459e-05
-7.1439e-05
3.4321e-05
-7.74027e-05
3.88036e-05
-8.45392e-05
4.5659e-05
-9.25194e-05
5.53623e-05
-0.000100631
6.91271e-05
-0.000107148
8.82864e-05
-0.000108409
0.00011414
-9.65258e-05
0.000147504
-5.68879e-05
0.000188982
0.000204338
-6.37227e-05
1.6061e-05
-6.15623e-05
1.99425e-05
-5.94878e-05
2.21636e-05
-5.78974e-05
2.19436e-05
-5.78546e-05
2.54288e-05
-5.78491e-05
2.65901e-05
-5.91715e-05
2.77868e-05
-6.11265e-05
3.13548e-05
-6.38924e-05
3.34118e-05
-6.74757e-05
3.79044e-05
-7.17236e-05
4.30515e-05
-7.64393e-05
5.03747e-05
-8.11187e-05
6.00418e-05
-8.48535e-05
7.2862e-05
-8.59786e-05
8.94117e-05
-8.17502e-05
0.000109911
-6.78073e-05
0.000133561
-3.7621e-05
0.000158796
0.000166717
-6.19203e-05
1.38492e-05
-5.91841e-05
1.72063e-05
-5.72058e-05
2.01852e-05
-5.67219e-05
2.14598e-05
-5.64185e-05
2.51254e-05
-5.60975e-05
2.62692e-05
-5.74656e-05
2.91549e-05
-5.849e-05
3.23792e-05
-6.0609e-05
3.55309e-05
-6.29845e-05
4.02799e-05
-6.57261e-05
4.57931e-05
-6.8428e-05
5.30767e-05
-7.05803e-05
6.21942e-05
-7.13157e-05
7.35975e-05
-6.93074e-05
8.74034e-05
-6.27284e-05
0.000103332
-4.93665e-05
0.000120199
-2.66149e-05
0.000136045
0.000140102
-5.92435e-05
1.12498e-05
-5.67363e-05
1.4699e-05
-5.53763e-05
1.88253e-05
-5.50726e-05
2.11561e-05
-5.41353e-05
2.41881e-05
-5.41693e-05
2.63031e-05
-5.49224e-05
2.99081e-05
-5.5538e-05
3.29948e-05
-5.69143e-05
3.69071e-05
-5.82913e-05
4.1657e-05
-5.97721e-05
4.72739e-05
-6.09062e-05
5.42108e-05
-6.1241e-05
6.2529e-05
-6.00517e-05
7.24082e-05
-5.63809e-05
8.37327e-05
-4.9094e-05
9.60456e-05
-3.71446e-05
0.00010825
-1.96922e-05
0.000118592
0.00012041
-5.54206e-05
9.35086e-06
-5.4017e-05
1.32954e-05
-5.34389e-05
1.82472e-05
-5.26915e-05
2.04087e-05
-5.16535e-05
2.31501e-05
-5.20004e-05
2.665e-05
-5.19628e-05
2.98706e-05
-5.23852e-05
3.34173e-05
-5.30195e-05
3.75415e-05
-5.36169e-05
4.22544e-05
-5.40893e-05
4.77463e-05
-5.40669e-05
5.41883e-05
-5.31623e-05
6.16245e-05
-5.08192e-05
7.00652e-05
-4.63871e-05
7.93007e-05
-3.91996e-05
8.88582e-05
-2.88099e-05
9.78602e-05
-1.50846e-05
0.000104867
0.000105325
-5.2518e-05
8.04646e-06
-5.15543e-05
1.23318e-05
-5.08855e-05
1.75784e-05
-4.98465e-05
1.93696e-05
-4.92713e-05
2.25749e-05
-4.92403e-05
2.66191e-05
-4.89423e-05
2.95726e-05
-4.90517e-05
3.35267e-05
-4.91113e-05
3.76011e-05
-4.90936e-05
4.22368e-05
-4.88035e-05
4.74562e-05
-4.79669e-05
5.33518e-05
-4.62643e-05
5.99219e-05
-4.32926e-05
6.70935e-05
-3.86264e-05
7.46346e-05
-3.18922e-05
8.21241e-05
-2.29213e-05
8.88894e-05
-1.18915e-05
9.38375e-05
9.34336e-05
-4.95964e-05
7.68895e-06
-4.88864e-05
1.16218e-05
-4.77956e-05
1.64876e-05
-4.70594e-05
1.86335e-05
-4.67164e-05
2.2232e-05
-4.62363e-05
2.61389e-05
-4.58992e-05
2.92356e-05
-4.56418e-05
3.32692e-05
-4.52985e-05
3.72579e-05
-4.48013e-05
4.17396e-05
-4.39658e-05
4.66207e-05
-4.25834e-05
5.19694e-05
-4.04037e-05
5.77423e-05
-3.71451e-05
6.3835e-05
-3.25375e-05
7.00271e-05
-2.6383e-05
7.59696e-05
-1.86504e-05
8.11569e-05
-9.59126e-06
8.47785e-05
8.38424e-05
-4.63771e-05
7.21677e-06
-4.59245e-05
1.11692e-05
-4.48091e-05
1.53722e-05
-4.42693e-05
1.80937e-05
-4.38776e-05
2.18403e-05
-4.32221e-05
2.54835e-05
-4.28063e-05
2.88198e-05
-4.2266e-05
3.2729e-05
-4.16344e-05
3.66263e-05
-4.07842e-05
4.08894e-05
-3.95791e-05
4.54156e-05
-3.78542e-05
5.02445e-05
-3.5423e-05
5.53111e-05
-3.20931e-05
6.0505e-05
-2.76981e-05
6.56321e-05
-2.21423e-05
7.04139e-05
-1.54597e-05
7.44743e-05
-7.8876e-06
7.72065e-05
7.59548e-05
-4.32424e-05
6.84518e-06
-4.27871e-05
1.07138e-05
-4.19174e-05
1.45025e-05
-4.14424e-05
1.76187e-05
-4.09333e-05
2.13312e-05
-4.02572e-05
2.48074e-05
-3.97097e-05
2.82724e-05
-3.89893e-05
3.20086e-05
-3.81489e-05
3.57859e-05
-3.70585e-05
3.9799e-05
-3.56197e-05
4.39769e-05
-3.37034e-05
4.83283e-05
-3.11754e-05
5.27831e-05
-2.79068e-05
5.72365e-05
-2.37993e-05
6.15247e-05
-1.8815e-05
6.54296e-05
-1.30132e-05
6.86725e-05
-6.59564e-06
7.07889e-05
6.93592e-05
-4.01236e-05
6.49871e-06
-3.96929e-05
1.0283e-05
-3.90526e-05
1.38622e-05
-3.85857e-05
1.71519e-05
-3.80091e-05
2.07546e-05
-3.73421e-05
2.41405e-05
-3.66757e-05
2.7606e-05
-3.58442e-05
3.11771e-05
-3.48604e-05
3.48022e-05
-3.36214e-05
3.85599e-05
-3.20516e-05
4.24071e-05
-3.00533e-05
4.633e-05
-2.75319e-05
5.02617e-05
-2.44034e-05
5.41079e-05
-2.06125e-05
5.77339e-05
-1.61531e-05
6.09703e-05
-1.10903e-05
6.36097e-05
-5.59002e-06
6.52888e-05
6.37692e-05
-3.70924e-05
6.23131e-06
-3.67051e-05
9.89569e-06
-3.62064e-05
1.33635e-05
-3.57404e-05
1.6686e-05
-3.51484e-05
2.01626e-05
-3.44853e-05
2.34775e-05
-3.37436e-05
2.68644e-05
-3.28463e-05
3.02798e-05
-3.1776e-05
3.37319e-05
-3.04586e-05
3.72424e-05
-2.88343e-05
4.07828e-05
-2.68313e-05
4.4327e-05
-2.4384e-05
4.78145e-05
-2.14392e-05
5.11631e-05
-1.79689e-05
5.42636e-05
-1.39833e-05
5.69847e-05
-9.5447e-06
5.91711e-05
-4.78901e-06
6.05331e-05
5.89803e-05
-3.41455e-05
6.03139e-06
-3.38185e-05
9.56867e-06
-3.34033e-05
1.29483e-05
-3.29475e-05
1.62302e-05
-3.23667e-05
1.95818e-05
-3.17061e-05
2.28169e-05
-3.09301e-05
2.60884e-05
-3.00018e-05
2.93515e-05
-2.88926e-05
3.26226e-05
-2.755e-05
3.58999e-05
-2.59273e-05
3.91602e-05
-2.3973e-05
4.23726e-05
-2.16424e-05
4.54839e-05
-1.89033e-05
4.8424e-05
-1.57444e-05
5.11047e-05
-1.21839e-05
5.34242e-05
-8.27815e-06
5.52654e-05
-4.13812e-06
5.63931e-05
5.48421e-05
-3.1294e-05
5.89091e-06
-3.10234e-05
9.29804e-06
-3.0664e-05
1.25889e-05
-3.02295e-05
1.57957e-05
-2.96728e-05
1.90251e-05
-2.90219e-05
2.21661e-05
-2.8242e-05
2.53085e-05
-2.73111e-05
2.84206e-05
-2.62005e-05
3.15121e-05
-2.48729e-05
3.45722e-05
-2.32924e-05
3.75797e-05
-2.14229e-05
4.05031e-05
-1.92348e-05
4.32959e-05
-1.67099e-05
4.58991e-05
-1.38471e-05
4.82419e-05
-1.06678e-05
5.0245e-05
-7.22147e-06
5.18191e-05
-3.59904e-06
5.27707e-05
5.12431e-05
-2.85375e-05
5.79827e-06
-2.83173e-05
9.0778e-06
-2.80022e-05
1.22739e-05
-2.7597e-05
1.53905e-05
-2.70723e-05
1.85006e-05
-2.64427e-05
2.15365e-05
-2.56808e-05
2.45466e-05
-2.47705e-05
2.75103e-05
-2.36875e-05
3.0429e-05
-2.24045e-05
3.32892e-05
-2.08949e-05
3.60701e-05
-1.91339e-05
3.8742e-05
-1.71027e-05
4.12647e-05
-1.47924e-05
4.35889e-05
-1.22079e-05
4.56574e-05
-9.37122e-06
4.74083e-05
-6.32513e-06
4.8773e-05
-3.14453e-06
4.95901e-05
4.80986e-05
-2.5874e-05
5.74426e-06
-2.56989e-05
8.90274e-06
-2.54248e-05
1.19998e-05
-2.50546e-05
1.50203e-05
-2.45684e-05
1.80144e-05
-2.39716e-05
2.09397e-05
-2.32444e-05
2.38194e-05
-2.23735e-05
2.66394e-05
-2.13396e-05
2.93951e-05
-2.01228e-05
3.20724e-05
-1.8704e-05
3.46512e-05
-1.70664e-05
3.71044e-05
-1.5199e-05
3.93974e-05
-1.30991e-05
4.14889e-05
-1.07747e-05
4.3333e-05
-8.24719e-06
4.48808e-05
-5.55327e-06
4.60791e-05
-2.75518e-06
4.6792e-05
4.53434e-05
-2.32999e-05
5.72283e-06
-2.31666e-05
8.76948e-06
-2.29336e-05
1.17668e-05
-2.26035e-05
1.46902e-05
-2.21616e-05
1.75725e-05
-2.1608e-05
2.03862e-05
-2.09284e-05
2.31398e-05
-2.01115e-05
2.58225e-05
-1.91428e-05
2.84264e-05
-1.80077e-05
3.09373e-05
-1.66927e-05
3.33363e-05
-1.51874e-05
3.5599e-05
-1.34858e-05
3.76958e-05
-1.15893e-05
3.95924e-05
-9.5075e-06
4.12512e-05
-7.26042e-06
4.26338e-05
-4.87951e-06
4.36982e-05
-2.41683e-06
4.43294e-05
4.29266e-05
-2.08106e-05
5.73139e-06
-2.07177e-05
8.67663e-06
-2.05277e-05
1.15769e-05
-2.02424e-05
1.4405e-05
-1.98503e-05
1.71803e-05
-1.93486e-05
1.98845e-05
-1.87268e-05
2.25179e-05
-1.79753e-05
2.50711e-05
-1.70834e-05
2.75345e-05
-1.60407e-05
2.98945e-05
-1.48381e-05
3.21336e-05
-1.34693e-05
3.42303e-05
-1.19324e-05
3.61589e-05
-1.0231e-05
3.78909e-05
-8.37551e-06
3.93958e-05
-6.3842e-06
4.06425e-05
-4.28405e-06
4.15981e-05
-2.11894e-06
4.21642e-05
4.08077e-05
-1.84e-05
5.77002e-06
-1.83481e-05
8.62471e-06
-1.8204e-05
1.14328e-05
-1.79683e-05
1.41692e-05
-1.76313e-05
1.68433e-05
-1.71889e-05
1.94421e-05
-1.66328e-05
2.19618e-05
-1.59554e-05
2.43936e-05
-1.51487e-05
2.67278e-05
-1.42055e-05
2.89514e-05
-1.31202e-05
3.10483e-05
-1.18896e-05
3.29997e-05
-1.05143e-05
3.47836e-05
-8.99922e-06
3.63759e-05
-7.35505e-06
3.77516e-05
-5.59827e-06
3.88857e-05
-3.75208e-06
3.97519e-05
-1.85371e-06
4.02659e-05
3.89539e-05
-1.60614e-05
5.8411e-06
-1.60527e-05
8.61604e-06
-1.59585e-05
1.13386e-05
-1.57771e-05
1.39879e-05
-1.55002e-05
1.65664e-05
-1.5123e-05
1.90649e-05
-1.46387e-05
2.14775e-05
-1.40415e-05
2.37964e-05
-1.33255e-05
2.60118e-05
-1.24861e-05
2.8112e-05
-1.15202e-05
3.00824e-05
-1.0427e-05
3.19065e-05
-9.20864e-06
3.35653e-05
-7.87123e-06
3.50385e-05
-6.42501e-06
3.63054e-05
-4.88484e-06
3.73455e-05
-3.2707e-06
3.81377e-05
-1.61427e-06
3.86094e-05
3.73397e-05
-1.37875e-05
5.94954e-06
-1.38264e-05
8.65491e-06
-1.37868e-05
1.12991e-05
-1.36652e-05
1.38662e-05
-1.3454e-05
1.63551e-05
-1.31479e-05
1.87587e-05
-1.27415e-05
2.10711e-05
-1.22302e-05
2.32851e-05
-1.161e-05
2.53917e-05
-1.08782e-05
2.73801e-05
-1.00333e-05
2.92376e-05
-9.07624e-06
3.09494e-05
-8.01024e-06
3.24993e-05
-6.84168e-06
3.38699e-05
-5.58034e-06
3.5044e-05
-4.23953e-06
3.60047e-05
-2.8366e-06
3.67348e-05
-1.39907e-06
3.71719e-05
3.59406e-05
-1.15703e-05
6.10214e-06
-1.16619e-05
8.74651e-06
-1.16811e-05
1.13183e-05
-1.1622e-05
1.38072e-05
-1.14774e-05
1.62105e-05
-1.12422e-05
1.85236e-05
-1.09123e-05
2.07412e-05
-1.04846e-05
2.28574e-05
-9.95724e-06
2.48643e-05
-9.32933e-06
2.67522e-05
-8.60151e-06
2.85098e-05
-7.77604e-06
3.01239e-05
-6.85717e-06
3.15804e-05
-5.85148e-06
3.28643e-05
-4.7682e-06
3.39608e-05
-3.61936e-06
3.48559e-05
-2.41978e-06
3.55352e-05
-1.19246e-06
3.59446e-05
3.47481e-05
-9.40871e-06
6.31192e-06
-9.56661e-06
8.90441e-06
-9.6603e-06
1.1412e-05
-9.68227e-06
1.38291e-05
-9.62487e-06
1.61531e-05
-9.48217e-06
1.83809e-05
-9.24975e-06
2.05088e-05
-8.9246e-06
2.25323e-05
-8.50517e-06
2.44449e-05
-7.9914e-06
2.62385e-05
-7.38473e-06
2.79031e-05
-6.68825e-06
2.94275e-05
-5.90674e-06
3.07989e-05
-5.04682e-06
3.20043e-05
-4.11694e-06
3.30309e-05
-3.12731e-06
3.38662e-05
-2.09144e-06
3.44993e-05
-1.03016e-06
3.48832e-05
3.37179e-05
-7.2544e-06
6.56558e-06
-7.45365e-06
9.10367e-06
-7.5836e-06
1.15419e-05
-7.64025e-06
1.38858e-05
-7.62068e-06
1.61336e-05
-7.52296e-06
1.82832e-05
-7.34633e-06
2.03322e-05
-7.09073e-06
2.22767e-05
-6.75666e-06
2.41108e-05
-6.34511e-06
2.5827e-05
-5.85794e-06
2.7416e-05
-5.29806e-06
2.88676e-05
-4.66962e-06
3.01705e-05
-3.97832e-06
3.13131e-05
-3.23222e-06
3.22848e-05
-2.4435e-06
3.30776e-05
-1.6298e-06
3.36856e-05
-8.01531e-07
3.4055e-05
3.29164e-05
-5.38648e-06
7.02713e-06
-5.78479e-06
9.502e-06
-6.09983e-06
1.1857e-05
-6.31153e-06
1.40975e-05
-6.41649e-06
1.62386e-05
-6.42019e-06
1.82869e-05
-6.32943e-06
2.02415e-05
-6.15074e-06
2.2098e-05
-5.89022e-06
2.38503e-05
-5.55362e-06
2.54904e-05
-5.14649e-06
2.70089e-05
-4.67445e-06
2.83956e-05
-4.14333e-06
2.96394e-05
-3.55944e-06
3.07292e-05
-2.9284e-06
3.16538e-05
-2.25199e-06
3.24012e-05
-1.52282e-06
3.29565e-05
-7.51277e-07
3.32834e-05
3.21651e-05
-2.37601e-06
-2.66131e-06
-2.93924e-06
-3.19087e-06
-3.39749e-06
-3.54407e-06
-3.62148e-06
-3.62563e-06
-3.55626e-06
-3.41589e-06
-3.20884e-06
-2.94077e-06
-2.61828e-06
-2.24816e-06
-1.83733e-06
-1.39241e-06
-9.26266e-07
-4.54327e-07
)
;

boundaryField
{
    leftWall
    {
        type            calculated;
        value           uniform 0;
    }
    rightWall
    {
        type            calculated;
        value           uniform 0;
    }
    lowerWall
    {
        type            calculated;
        value           nonuniform List<scalar> 
62
(
-6.03507e-24
-2.83709e-24
-2.49714e-24
2.08278e-22
2.06767e-22
-9.17761e-24
-1.13375e-23
1.03234e-22
-9.48691e-23
-3.06478e-23
1.97691e-23
7.31507e-23
1.16466e-22
-3.96156e-23
2.04351e-23
-1.56226e-22
-2.29459e-24
-1.99149e-22
-9.70022e-23
-3.23729e-22
-6.92505e-23
1.47859e-23
-8.6854e-24
0
0
0
0
0
0
0
0
-5.29396e-23
-1.32349e-23
1.8198e-23
7.94093e-23
0
0
0
0
0
0
0
0
2.66249e-22
4.9424e-22
-1.10015e-22
3.39144e-23
-1.6709e-22
-3.02335e-22
1.40621e-22
5.33531e-23
3.76367e-23
-1.54062e-22
1.26765e-22
-6.969e-23
6.61744e-24
-1.05879e-22
-1.32349e-22
9.26442e-23
-5.29396e-23
1.05879e-22
2.11758e-22
)
;
    }
    atmosphere
    {
        type            calculated;
        value           nonuniform List<scalar> 
46
(
-2.93097e-05
-2.96605e-05
-2.94461e-05
-2.91251e-05
-2.86764e-05
-2.81055e-05
-2.74133e-05
-2.66002e-05
-2.56676e-05
-2.4617e-05
-2.34491e-05
-2.21658e-05
-2.07669e-05
-1.92527e-05
-1.76259e-05
-1.58888e-05
-1.40421e-05
-1.20859e-05
-1.00187e-05
-7.83697e-06
-5.52523e-06
-3.06166e-06
-4.33997e-07
6.81197e-07
1.2417e-06
1.77229e-06
2.28017e-06
7.28442e-06
9.78731e-06
1.21349e-05
1.43492e-05
1.64452e-05
1.84335e-05
2.03189e-05
2.21022e-05
2.3781e-05
2.535e-05
2.68019e-05
2.81276e-05
2.93169e-05
3.03591e-05
3.1243e-05
3.19563e-05
3.24904e-05
3.28115e-05
3.17108e-05
)
;
    }
    defaultFaces
    {
        type            empty;
        value           nonuniform 0();
    }
}


// ************************************************************************* //
