/*--------------------------------*- C++ -*----------------------------------*\
| =========                 |                                                 |
| \\      /  F ield         | OpenFOAM: The Open Source CFD Toolbox           |
|  \\    /   O peration     | Version:  2.4.0                                 |
|   \\  /    A nd           | Web:      www.OpenFOAM.org                      |
|    \\/     M anipulation  |                                                 |
\*---------------------------------------------------------------------------*/
FoamFile
{
    version     2.0;
    format      ascii;
    class       volVectorField;
    location    "0.25";
    object      U;
}
// * * * * * * * * * * * * * * * * * * * * * * * * * * * * * * * * * * * * * //

dimensions      [0 1 -1 0 0 0 0];

internalField   nonuniform List<vector> 
2268
(
(0.0194666 -0.00918164 0)
(0.0582304 -0.00922756 0)
(0.0981546 -0.00928869 0)
(0.135724 -0.00950172 0)
(0.180789 -0.00946649 0)
(0.213883 -0.0104327 0)
(0.267227 -0.00875391 0)
(0.296794 -0.0128356 0)
(0.358519 -0.010176 0)
(0.401307 -0.00937283 0)
(0.432486 -0.0124099 0)
(0.490176 -0.0156248 0)
(0.574046 -0.0142116 0)
(0.621078 -0.0141461 0)
(0.670763 -0.00676747 0)
(0.691926 -0.00677845 0)
(0.715245 -0.00463066 0)
(0.734465 0.00122183 0)
(0.718598 0.0102702 0)
(0.667057 0.026612 0)
(0.561459 0.0372137 0)
(0.375682 0.0912896 0)
(0.09725 0.027139 0)
(0.0194564 -0.0275525 0)
(0.0582155 -0.027702 0)
(0.0981053 -0.0278672 0)
(0.135647 -0.02864 0)
(0.180864 -0.0279346 0)
(0.213415 -0.032585 0)
(0.266682 -0.024108 0)
(0.299064 -0.040112 0)
(0.357068 -0.0316811 0)
(0.400065 -0.0263724 0)
(0.433035 -0.0359183 0)
(0.495842 -0.047603 0)
(0.575129 -0.0464531 0)
(0.624163 -0.0382068 0)
(0.661595 -0.0268174 0)
(0.688298 -0.0190247 0)
(0.71692 -0.00938854 0)
(0.75205 -0.00392417 0)
(0.749078 0.0234804 0)
(0.706948 0.0579816 0)
(0.601725 0.0974132 0)
(0.39287 0.142572 0)
(0.119751 0.18209 0)
(0.0194152 -0.0458927 0)
(0.0581116 -0.0461338 0)
(0.0978471 -0.0464129 0)
(0.135437 -0.0476529 0)
(0.180417 -0.046893 0)
(0.212547 -0.0523905 0)
(0.266336 -0.0441266 0)
(0.300173 -0.0634132 0)
(0.353464 -0.0516156 0)
(0.398463 -0.0456953 0)
(0.437116 -0.0640553 0)
(0.50153 -0.0797905 0)
(0.571026 -0.0746473 0)
(0.614575 -0.0580338 0)
(0.660819 -0.0409721 0)
(0.688257 -0.0340714 0)
(0.7465 -0.0333318 0)
(0.777557 -0.016066 0)
(0.788157 0.0424571 0)
(0.752754 0.112544 0)
(0.654979 0.225036 0)
(0.398665 0.271655 0)
(0.168943 0.270516 0)
(0.019356 -0.0642121 0)
(0.0579618 -0.064531 0)
(0.09745 -0.0649511 0)
(0.135257 -0.0666486 0)
(0.179345 -0.0655046 0)
(0.212126 -0.0731374 0)
(0.265174 -0.0628262 0)
(0.300172 -0.0863937 0)
(0.349495 -0.0735912 0)
(0.396618 -0.0668518 0)
(0.443688 -0.0894427 0)
(0.505785 -0.10817 0)
(0.555788 -0.0994629 0)
(0.60389 -0.0837933 0)
(0.657987 -0.0620165 0)
(0.716601 -0.0622441 0)
(0.783324 -0.0508768 0)
(0.8269 -0.0304426 0)
(0.850791 0.0347618 0)
(0.799933 0.117852 0)
(0.71726 0.292419 0)
(0.487474 0.404722 0)
(0.126268 0.432812 0)
(0.019278 -0.0825523 0)
(0.0577429 -0.0829314 0)
(0.0969389 -0.0835473 0)
(0.134885 -0.0855504 0)
(0.17812 -0.0845186 0)
(0.211038 -0.0928914 0)
(0.264343 -0.0839533 0)
(0.297969 -0.107616 0)
(0.346678 -0.0936511 0)
(0.393159 -0.0929306 0)
(0.451468 -0.117628 0)
(0.503489 -0.127072 0)
(0.538746 -0.119393 0)
(0.602669 -0.108891 0)
(0.66605 -0.0948231 0)
(0.757016 -0.0949521 0)
(0.822926 -0.114152 0)
(0.84216 -0.0794916 0)
(0.834287 0.032568 0)
(0.735339 0.135965 0)
(0.681436 0.347214 0)
(0.46769 0.511097 0)
(0.202318 0.546024 0)
(0.0191818 -0.100533 0)
(0.0574437 -0.100937 0)
(0.0963194 -0.10173 0)
(0.134315 -0.103939 0)
(0.176496 -0.102723 0)
(0.209897 -0.11256 0)
(0.262923 -0.103726 0)
(0.293659 -0.126018 0)
(0.348578 -0.11653 0)
(0.388675 -0.118676 0)
(0.455447 -0.139449 0)
(0.497833 -0.144799 0)
(0.538546 -0.155338 0)
(0.616353 -0.15439 0)
(0.691925 -0.153146 0)
(0.753008 -0.149393 0)
(0.748262 -0.0853995 0)
(0.680639 0.0775832 0)
(0.659859 0.255782 0)
(0.492669 0.468764 0)
(0.531559 0.448408 0)
(0.44129 0.595303 0)
(0.14102 0.694347 0)
(0.0191061 -0.116783 0)
(0.0571702 -0.117076 0)
(0.0958385 -0.117789 0)
(0.133705 -0.11964 0)
(0.174983 -0.117955 0)
(0.209465 -0.128025 0)
(0.260375 -0.118635 0)
(0.292417 -0.142121 0)
(0.344706 -0.132388 0)
(0.395289 -0.149618 0)
(0.450835 -0.168936 0)
(0.497529 -0.189715 0)
(0.569131 -0.205296 0)
(0.631965 -0.17835 0)
(0.628995 -0.111095 0)
(0.548871 0.0197608 0)
(0.482098 0.000793009 0)
(0.525999 -0.0908947 0)
(0.573034 -0.0560317 0)
(0.633303 0.172617 0)
(0.337136 0.550301 0)
(0.38136 0.709266 0)
(0.200022 0.7979 0)
(0.0191926 -0.135704 0)
(0.0573494 -0.136079 0)
(0.0962453 -0.137089 0)
(0.133903 -0.139182 0)
(0.174962 -0.137178 0)
(0.211325 -0.150929 0)
(0.258321 -0.142747 0)
(0.294492 -0.168103 0)
(0.337953 -0.172306 0)
(0.404963 -0.18172 0)
(0.438097 -0.199129 0)
(0.506343 -0.197278 0)
(0.556515 -0.178405 0)
(0.524718 -0.078149 0)
(0.441141 -0.051898 0)
(0.451609 -0.129782 0)
(0.532314 -0.138864 0)
(0.666707 -0.0415446 0)
(0.614955 0.113305 0)
(0.706601 0.325419 0)
(0.272935 0.650518 0)
(0.347384 0.728697 0)
(0.144258 0.942648 0)
(-1.1514 0.346192 0)
(-1.78497 0.134037 0)
(-2.04128 0.0421084 0)
(-1.98266 -0.114183 0)
(-1.37454 -0.12613 0)
(-1.10585 -0.0795729 0)
(-0.666201 -0.101035 0)
(-0.164141 -0.120062 0)
(0.189607 -0.103056 0)
(0.546776 -0.0916423 0)
(0.800351 -0.0833155 0)
(1.00479 -0.0683668 0)
(1.12263 -0.0596417 0)
(1.10752 -0.0478279 0)
(1.0477 -0.0451665 0)
(0.904375 -0.00631141 0)
(0.669763 -0.0300922 0)
(0.103565 -0.0930712 0)
(0.165734 -0.0805939 0)
(-1.06132 0.703442 0)
(-1.64971 0.321948 0)
(-1.83709 0.0742016 0)
(-1.65899 -0.188863 0)
(-1.41252 -0.306111 0)
(-0.984737 -0.340357 0)
(-0.43239 -0.220713 0)
(0.020251 -0.283526 0)
(0.361228 -0.218454 0)
(0.686727 -0.171457 0)
(0.952052 -0.11559 0)
(1.1422 -0.0653294 0)
(1.24085 0.0110075 0)
(1.2477 0.0736347 0)
(1.18308 0.138888 0)
(1.02439 0.182081 0)
(0.820691 0.289837 0)
(0.277558 0.269342 0)
(0.202914 0.144844 0)
(-1.04626 1.27857 0)
(-1.29919 0.643836 0)
(-1.33311 0.0664654 0)
(-1.27929 -0.222317 0)
(-1.12827 -0.467724 0)
(-0.817436 -0.597512 0)
(-0.254771 -0.505264 0)
(0.145708 -0.475526 0)
(0.499078 -0.408788 0)
(0.799421 -0.342758 0)
(1.04649 -0.264652 0)
(1.21082 -0.183795 0)
(1.33285 -0.0758321 0)
(1.35349 -0.00652598 0)
(1.31332 0.105864 0)
(1.14919 0.18502 0)
(0.959674 0.320441 0)
(0.508281 0.326878 0)
(0.296262 0.196849 0)
(-0.909541 1.57569 0)
(-0.640045 0.569085 0)
(-0.718648 0.0195726 0)
(-0.870613 -0.117434 0)
(-0.778575 -0.414882 0)
(-0.526464 -0.74952 0)
(-0.124191 -0.662361 0)
(0.276749 -0.615431 0)
(0.606769 -0.516431 0)
(0.889945 -0.410933 0)
(1.12666 -0.308459 0)
(1.28318 -0.212686 0)
(1.42405 -0.0600219 0)
(1.4401 0.0538094 0)
(1.41151 0.234724 0)
(1.28365 0.314556 0)
(1.09488 0.492954 0)
(0.675426 0.503118 0)
(0.334705 0.405926 0)
(-0.709075 1.87207 0)
(-0.294355 0.589502 0)
(-0.5775 0.183273 0)
(-0.452264 -0.352569 0)
(-0.387469 -0.522316 0)
(-0.347267 -0.870904 0)
(0.0593015 -0.857583 0)
(0.392959 -0.794941 0)
(0.68814 -0.691734 0)
(0.949003 -0.556246 0)
(1.17201 -0.422601 0)
(1.31246 -0.302892 0)
(1.47766 -0.122065 0)
(1.48222 0.00942111 0)
(1.49873 0.219754 0)
(1.36382 0.369633 0)
(1.19013 0.632775 0)
(0.759767 0.676478 0)
(0.322184 0.600612 0)
(-0.709074 2.07719 0)
(-0.00704395 0.710283 0)
(-2.21899 0.631799 0)
(-0.870288 -0.258028 0)
(-0.0442951 -0.806957 0)
(-0.143532 -0.926458 0)
(0.179222 -0.973146 0)
(0.511473 -0.889491 0)
(0.766625 -0.774898 0)
(1.01535 -0.620022 0)
(1.23692 -0.46501 0)
(1.37465 -0.326709 0)
(1.55005 -0.147086 0)
(1.5557 0.0467112 0)
(1.6077 0.281231 0)
(1.452 0.456422 0)
(1.27457 0.707381 0)
(0.791421 0.903289 0)
(0.402423 0.800762 0)
(-0.728592 2.06559 0)
(0.323937 1.1581 0)
(-0.845286 -0.0956833 0)
(-1.72294 0.0542891 0)
(0.0848144 -1.03115 0)
(0.128001 -1.07884 0)
(0.334056 -1.1158 0)
(0.613719 -1.03762 0)
(0.842582 -0.916573 0)
(1.07379 -0.74834 0)
(1.27534 -0.576334 0)
(1.43523 -0.401881 0)
(1.58716 -0.19084 0)
(1.61895 -0.00379477 0)
(1.67234 0.269055 0)
(1.5491 0.571962 0)
(1.37462 0.90466 0)
(0.790723 1.06596 0)
(0.344535 1.04385 0)
(-0.736836 2.01 0)
(0.542778 1.40302 0)
(1.06733 0.443342 0)
(-1.09489 -0.580956 0)
(0.254588 -1.0341 0)
(0.336864 -1.12816 0)
(0.457685 -1.16166 0)
(0.700786 -1.10218 0)
(0.92525 -0.977121 0)
(1.13679 -0.817414 0)
(1.3334 -0.62595 0)
(1.50713 -0.453315 0)
(1.61735 -0.217083 0)
(1.68646 0.0386717 0)
(1.79965 0.302834 0)
(1.70705 0.639054 0)
(1.50081 1.12136 0)
(0.97126 1.28409 0)
(0.35422 1.27906 0)
(0.0197541 -0.190751 0)
(0.0588883 -0.192707 0)
(0.0991048 -0.196482 0)
(0.13737 -0.201648 0)
(0.177759 -0.204175 0)
(0.218173 -0.21844 0)
(0.251159 -0.215158 0)
(0.306427 -0.217964 0)
(0.32478 -0.217842 0)
(0.373584 -0.190437 0)
(0.387585 -0.15377 0)
(0.399531 -0.116356 0)
(0.39557 -0.106767 0)
(0.404292 -0.150901 0)
(0.469729 -0.19297 0)
(0.580608 -0.152285 0)
(0.664267 -0.125585 0)
(0.696623 -0.0908654 0)
(0.679653 0.0128437 0)
(0.831107 0.292168 0)
(0.514863 0.748248 0)
(0.496638 0.765063 0)
(0.297956 1.06632 0)
(0.017231 -0.192093 0)
(0.0511163 -0.189636 0)
(0.0850954 -0.184351 0)
(0.114639 -0.174582 0)
(0.145791 -0.165847 0)
(0.178173 -0.149173 0)
(0.195481 -0.123356 0)
(0.234611 -0.103191 0)
(0.251533 -0.0909359 0)
(0.279607 -0.113635 0)
(0.325775 -0.179944 0)
(0.390208 -0.242832 0)
(0.453246 -0.272653 0)
(0.52625 -0.264148 0)
(0.619009 -0.245586 0)
(0.702428 -0.238514 0)
(0.759997 -0.201835 0)
(0.81757 -0.118339 0)
(0.833167 0.0344258 0)
(0.903856 0.294191 0)
(0.87249 0.961985 0)
(0.746577 0.958191 0)
(0.477532 0.980431 0)
(0.0112436 -0.144677 0)
(0.0335471 -0.149195 0)
(0.0593719 -0.153678 0)
(0.086399 -0.167775 0)
(0.118931 -0.184896 0)
(0.154052 -0.213724 0)
(0.193677 -0.250232 0)
(0.241854 -0.301458 0)
(0.302962 -0.311594 0)
(0.360599 -0.333689 0)
(0.43091 -0.339274 0)
(0.481339 -0.323528 0)
(0.53137 -0.304435 0)
(0.59542 -0.299732 0)
(0.671484 -0.312756 0)
(0.740514 -0.303568 0)
(0.80205 -0.249423 0)
(0.861188 -0.163851 0)
(0.89011 0.00674362 0)
(0.921619 0.270206 0)
(0.938382 0.929598 0)
(0.980449 1.1964 0)
(0.727245 1.03988 0)
(0.0185064 -0.305535 0)
(0.0547624 -0.307821 0)
(0.0931355 -0.306751 0)
(0.132148 -0.309895 0)
(0.171343 -0.308521 0)
(0.213581 -0.310728 0)
(0.253805 -0.309024 0)
(0.298034 -0.319116 0)
(0.339089 -0.303531 0)
(0.377189 -0.321107 0)
(0.431707 -0.334399 0)
(0.473254 -0.331565 0)
(0.526476 -0.34259 0)
(0.59341 -0.378664 0)
(0.673029 -0.391171 0)
(0.735303 -0.374431 0)
(0.803721 -0.313827 0)
(0.858008 -0.210978 0)
(0.850179 -0.0060589 0)
(0.856141 0.277596 0)
(0.877794 0.841915 0)
(1.0171 1.22861 0)
(1.01051 1.15373 0)
(0.0185213 -0.281784 0)
(0.0552928 -0.283858 0)
(0.09244 -0.285425 0)
(0.129212 -0.289993 0)
(0.165089 -0.296269 0)
(0.20328 -0.305094 0)
(0.237556 -0.314379 0)
(0.273089 -0.333818 0)
(0.308505 -0.33583 0)
(0.342188 -0.380601 0)
(0.395577 -0.393327 0)
(0.43507 -0.407678 0)
(0.506746 -0.445217 0)
(0.588843 -0.472088 0)
(0.671488 -0.468672 0)
(0.726764 -0.434792 0)
(0.769465 -0.354406 0)
(0.759099 -0.220143 0)
(0.697158 0.0461959 0)
(0.6476 0.320268 0)
(0.643235 0.73053 0)
(0.882704 1.10437 0)
(1.08142 1.13014 0)
(0.0165776 -0.332432 0)
(0.0503025 -0.33536 0)
(0.0830863 -0.339768 0)
(0.117386 -0.344932 0)
(0.150514 -0.352989 0)
(0.1838 -0.361596 0)
(0.216561 -0.370949 0)
(0.25211 -0.389696 0)
(0.287786 -0.395866 0)
(0.331267 -0.435081 0)
(0.382748 -0.439571 0)
(0.42733 -0.473307 0)
(0.513507 -0.512843 0)
(0.587345 -0.537213 0)
(0.635425 -0.523182 0)
(0.652601 -0.465747 0)
(0.644534 -0.344661 0)
(0.526874 -0.130954 0)
(0.431429 0.144111 0)
(0.372903 0.333875 0)
(0.453301 0.650388 0)
(0.607738 0.74415 0)
(0.930884 0.930215 0)
(0.0164929 -0.373331 0)
(0.0493068 -0.375738 0)
(0.0826136 -0.378146 0)
(0.114975 -0.381797 0)
(0.148805 -0.386867 0)
(0.180876 -0.393757 0)
(0.214009 -0.403919 0)
(0.247342 -0.416822 0)
(0.279905 -0.433361 0)
(0.307357 -0.47108 0)
(0.357764 -0.482992 0)
(0.395602 -0.548689 0)
(0.464725 -0.597467 0)
(0.497359 -0.587095 0)
(0.496127 -0.547484 0)
(0.452055 -0.445183 0)
(0.32428 -0.210605 0)
(0.200671 0.00259788 0)
(0.192085 0.184347 0)
(0.20525 0.290601 0)
(0.334963 0.499341 0)
(0.473848 0.53202 0)
(0.750114 0.593729 0)
(0.0152014 -0.395409 0)
(0.0457683 -0.398307 0)
(0.0765932 -0.400903 0)
(0.107611 -0.405119 0)
(0.137945 -0.410172 0)
(0.168603 -0.41717 0)
(0.19707 -0.425594 0)
(0.219762 -0.436249 0)
(0.245881 -0.452006 0)
(0.261289 -0.487278 0)
(0.299384 -0.524631 0)
(0.32977 -0.626427 0)
(0.363365 -0.634762 0)
(0.338283 -0.59283 0)
(0.26565 -0.477098 0)
(0.111301 -0.262665 0)
(0.0532549 -0.0870217 0)
(0.0326967 0.00600899 0)
(0.108909 0.122362 0)
(0.172136 0.19707 0)
(0.317606 0.329201 0)
(0.474399 0.325609 0)
(0.68707 0.379736 0)
(0.0152153 -0.428102 0)
(0.0455723 -0.430535 0)
(0.0753102 -0.432746 0)
(0.105694 -0.435724 0)
(0.136007 -0.439969 0)
(0.165216 -0.44438 0)
(0.194489 -0.447804 0)
(0.213449 -0.452341 0)
(0.23364 -0.464831 0)
(0.224663 -0.489761 0)
(0.232406 -0.541618 0)
(0.188692 -0.634522 0)
(0.146177 -0.600024 0)
(0.0491562 -0.483417 0)
(-0.0426845 -0.311696 0)
(-0.0620802 -0.20757 0)
(-0.0396709 -0.119741 0)
(0.0293826 -0.0604683 0)
(0.121879 0.0277709 0)
(0.215908 0.0847533 0)
(0.3688 0.160491 0)
(0.499553 0.161318 0)
(0.656296 0.196624 0)
(0.0146547 -0.450599 0)
(0.043543 -0.453139 0)
(0.0728685 -0.456172 0)
(0.101456 -0.460982 0)
(0.131737 -0.469297 0)
(0.163121 -0.48047 0)
(0.194425 -0.493544 0)
(0.213713 -0.506471 0)
(0.213368 -0.515257 0)
(0.174488 -0.523932 0)
(0.0572082 -0.559956 0)
(-0.141493 -0.57067 0)
(-0.129767 -0.490809 0)
(-0.155259 -0.377903 0)
(-0.134533 -0.298507 0)
(-0.0973538 -0.24471 0)
(-0.0155655 -0.19342 0)
(0.0854873 -0.151167 0)
(0.170687 -0.0824825 0)
(0.290222 -0.0365214 0)
(0.401915 0.0397362 0)
(0.496283 0.0585835 0)
(0.6533 0.110359 0)
(0.0143011 -0.535254 0)
(0.0418738 -0.536966 0)
(0.0678685 -0.535519 0)
(0.092273 -0.532304 0)
(0.118982 -0.523251 0)
(0.156391 -0.52708 0)
(0.193921 -0.540407 0)
(0.216013 -0.539588 0)
(0.204458 -0.514667 0)
(0.11008 -0.467912 0)
(-0.301681 -0.349394 0)
(-0.442157 -0.455343 0)
(-0.255572 -0.537754 0)
(-0.214843 -0.468831 0)
(-0.140586 -0.415695 0)
(-0.0501428 -0.36324 0)
(0.0426217 -0.300125 0)
(0.142203 -0.231427 0)
(0.221651 -0.182059 0)
(0.368721 -0.132062 0)
(0.437992 -0.0909367 0)
(0.614577 -0.0677647 0)
(0.67286 -0.161688 0)
(0.0151867 -0.51365 0)
(0.04232 -0.503337 0)
(0.0712469 -0.477201 0)
(0.0970955 -0.418709 0)
(0.109702 -0.301526 0)
(0.0810665 -0.0620229 0)
(0.0256148 0.25645 0)
(-0.0576377 0.48604 0)
(-0.0715032 0.693991 0)
(-0.411515 1.11328 0)
(-0.789 1.09557 0)
(-0.479325 -0.00786282 0)
(-0.308557 -0.473282 0)
(-0.167757 -0.553154 0)
(-0.0329379 -0.553682 0)
(0.0230696 -0.507112 0)
(0.101304 -0.457698 0)
(0.183482 -0.405123 0)
(0.26386 -0.389281 0)
(0.354564 -0.355548 0)
(0.424014 -0.32831 0)
(0.460496 -0.369834 0)
(0.472724 -0.218415 0)
(-0.0516642 0.238232 0)
(-0.158269 0.219772 0)
(-0.269309 0.174293 0)
(-0.384841 0.0743225 0)
(-0.493248 -0.107287 0)
(-0.582194 -0.37439 0)
(-0.614844 -0.707908 0)
(-0.584228 -0.892579 0)
(-0.470046 -0.852456 0)
(-0.225041 -0.567783 0)
(0.282869 -0.890588 0)
(0.613404 -0.926643 0)
(0.471504 -0.550107 0)
(0.413555 0.0105102 0)
(0.31697 0.251119 0)
(0.199255 0.233992 0)
(0.127529 0.165865 0)
(0.0770219 0.161342 0)
(0.0655345 0.257536 0)
(-0.00386736 0.469008 0)
(0.0845386 0.945332 0)
(-0.403768 0.76681 0)
(-0.541266 -0.0561673 0)
(-0.031826 -0.832072 0)
(-0.0860461 -0.827864 0)
(-0.116947 -0.812862 0)
(-0.130605 -0.786719 0)
(-0.126585 -0.734897 0)
(-0.0984178 -0.654965 0)
(-0.0751741 -0.539985 0)
(-0.086504 -0.397175 0)
(-0.103467 -0.227409 0)
(-0.0403171 -0.122118 0)
(0.104595 -0.313863 0)
(0.0451438 -0.75528 0)
(-0.0443825 -0.864645 0)
(-0.119103 -0.85398 0)
(-0.0795025 -0.757676 0)
(-0.0831842 -0.625435 0)
(-0.163441 -0.523142 0)
(-0.273264 -0.452573 0)
(-0.362962 -0.539459 0)
(-0.345234 -0.754158 0)
(-0.23858 -0.720123 0)
(0.0776403 -0.422039 0)
(-0.0498027 -0.387842 0)
(-0.0128316 -0.107423 0)
(-0.0330217 -0.128824 0)
(-0.0483216 -0.154706 0)
(-0.0653886 -0.190213 0)
(-0.082037 -0.234851 0)
(-0.0940581 -0.287805 0)
(-0.109187 -0.351697 0)
(-0.129238 -0.397716 0)
(-0.129292 -0.414186 0)
(-0.0746475 -0.40538 0)
(0.0217034 -0.519226 0)
(-0.0808416 -0.57321 0)
(-0.176522 -0.533663 0)
(-0.252728 -0.415632 0)
(-0.271067 -0.320778 0)
(-0.209818 -0.279621 0)
(-0.114091 -0.248453 0)
(-0.00785325 -0.229673 0)
(0.0952128 -0.231473 0)
(0.0363523 -0.161614 0)
(-0.16906 0.181385 0)
(-0.363989 0.36875 0)
(-0.547316 0.224781 0)
(-0.00465573 -0.420305 0)
(-0.0127688 -0.439469 0)
(-0.0208409 -0.452791 0)
(-0.0310276 -0.468613 0)
(-0.0411559 -0.483592 0)
(-0.0535234 -0.497125 0)
(-0.0704479 -0.507745 0)
(-0.0918335 -0.506814 0)
(-0.103809 -0.493458 0)
(-0.0762722 -0.489807 0)
(-0.0646626 -0.517575 0)
(-0.144271 -0.517093 0)
(-0.198334 -0.524379 0)
(-0.231893 -0.460968 0)
(-0.221984 -0.425985 0)
(-0.186978 -0.396345 0)
(-0.164908 -0.35104 0)
(-0.170857 -0.277319 0)
(-0.253106 -0.183612 0)
(-0.471648 -0.116969 0)
(-0.519737 -0.0635837 0)
(-0.454035 0.0182053 0)
(-0.446725 0.0150515 0)
(0.00154347 -0.350706 0)
(0.0037341 -0.366883 0)
(0.00348434 -0.374408 0)
(-0.00276835 -0.385303 0)
(-0.0136279 -0.398199 0)
(-0.0306628 -0.410236 0)
(-0.0538976 -0.418434 0)
(-0.0837792 -0.421046 0)
(-0.112049 -0.418698 0)
(-0.132424 -0.417439 0)
(-0.172468 -0.451528 0)
(-0.211988 -0.479391 0)
(-0.250779 -0.50561 0)
(-0.270709 -0.507141 0)
(-0.283314 -0.517754 0)
(-0.302355 -0.500741 0)
(-0.348344 -0.432723 0)
(-0.426363 -0.305198 0)
(-0.477697 -0.153046 0)
(-0.506852 -0.0296596 0)
(-0.510724 0.0736584 0)
(-0.496706 0.108321 0)
(-0.477936 0.107894 0)
(-0.00102742 -0.318714 0)
(-0.00407773 -0.337751 0)
(-0.0077975 -0.347739 0)
(-0.015483 -0.359658 0)
(-0.0289676 -0.371495 0)
(-0.0487926 -0.382577 0)
(-0.0742482 -0.391695 0)
(-0.104036 -0.397551 0)
(-0.134149 -0.400786 0)
(-0.157872 -0.40762 0)
(-0.189338 -0.423728 0)
(-0.226222 -0.446302 0)
(-0.26505 -0.452249 0)
(-0.307559 -0.436791 0)
(-0.362473 -0.409987 0)
(-0.423541 -0.361664 0)
(-0.483733 -0.273238 0)
(-0.533612 -0.138866 0)
(-0.551544 -0.0584526 0)
(-0.55144 -0.033483 0)
(-0.515856 -0.00886634 0)
(-0.473215 0.0353359 0)
(-0.445273 0.065282 0)
(-0.002358 -0.332674 0)
(-0.00870592 -0.347742 0)
(-0.0180097 -0.351927 0)
(-0.0311686 -0.356934 0)
(-0.0469088 -0.362222 0)
(-0.0659833 -0.367552 0)
(-0.087816 -0.372965 0)
(-0.110719 -0.375719 0)
(-0.131604 -0.376467 0)
(-0.155172 -0.379903 0)
(-0.183714 -0.390066 0)
(-0.226584 -0.400366 0)
(-0.276069 -0.393477 0)
(-0.328355 -0.378479 0)
(-0.390123 -0.362849 0)
(-0.45089 -0.33713 0)
(-0.503379 -0.275815 0)
(-0.524434 -0.179592 0)
(-0.510583 -0.111103 0)
(-0.487336 -0.0781 0)
(-0.460044 -0.0399116 0)
(-0.429771 0.00531949 0)
(-0.400221 0.0337154 0)
(-0.00462059 -0.323153 0)
(-0.0152152 -0.336881 0)
(-0.026777 -0.338955 0)
(-0.0400579 -0.342753 0)
(-0.0550539 -0.346338 0)
(-0.0711428 -0.349 0)
(-0.0888145 -0.350209 0)
(-0.10701 -0.350989 0)
(-0.125333 -0.352546 0)
(-0.146819 -0.357016 0)
(-0.178414 -0.36124 0)
(-0.218447 -0.3567 0)
(-0.255749 -0.3466 0)
(-0.298577 -0.33087 0)
(-0.344047 -0.303829 0)
(-0.395978 -0.273301 0)
(-0.436944 -0.229829 0)
(-0.444539 -0.165612 0)
(-0.432242 -0.111145 0)
(-0.419018 -0.0882577 0)
(-0.406995 -0.0628361 0)
(-0.383377 -0.0215586 0)
(-0.367392 0.00697703 0)
(-0.00508536 -0.313002 0)
(-0.016514 -0.325967 0)
(-0.0285012 -0.327185 0)
(-0.0417564 -0.329536 0)
(-0.0561895 -0.331719 0)
(-0.0717231 -0.333852 0)
(-0.0879954 -0.335691 0)
(-0.104794 -0.336462 0)
(-0.122665 -0.335953 0)
(-0.144871 -0.334166 0)
(-0.171731 -0.328999 0)
(-0.197174 -0.322267 0)
(-0.227379 -0.311974 0)
(-0.257041 -0.292358 0)
(-0.285623 -0.271175 0)
(-0.3138 -0.245719 0)
(-0.339854 -0.21735 0)
(-0.363969 -0.182406 0)
(-0.372184 -0.135299 0)
(-0.362965 -0.0884086 0)
(-0.360725 -0.0662386 0)
(-0.353195 -0.0377422 0)
(-0.347223 0.00680887 0)
(-0.00579013 -0.2999 0)
(-0.0185324 -0.31206 0)
(-0.0315088 -0.311983 0)
(-0.0450716 -0.312487 0)
(-0.0593596 -0.313193 0)
(-0.0746357 -0.313492 0)
(-0.0908728 -0.31314 0)
(-0.108048 -0.311932 0)
(-0.126904 -0.309923 0)
(-0.147504 -0.306532 0)
(-0.16842 -0.300826 0)
(-0.192403 -0.291445 0)
(-0.219107 -0.276908 0)
(-0.244491 -0.263659 0)
(-0.269249 -0.247256 0)
(-0.28861 -0.22053 0)
(-0.305246 -0.18577 0)
(-0.321956 -0.149335 0)
(-0.329179 -0.120649 0)
(-0.336241 -0.101444 0)
(-0.332519 -0.0737877 0)
(-0.329102 -0.0354176 0)
(-0.331725 0.00562207 0)
(-0.0055719 -0.291442 0)
(-0.0176097 -0.30285 0)
(-0.0300965 -0.302797 0)
(-0.0430889 -0.303245 0)
(-0.0568085 -0.303172 0)
(-0.0713622 -0.302628 0)
(-0.0868433 -0.301419 0)
(-0.103539 -0.29938 0)
(-0.122044 -0.296404 0)
(-0.142669 -0.291945 0)
(-0.164813 -0.284025 0)
(-0.185702 -0.27245 0)
(-0.204394 -0.262294 0)
(-0.2255 -0.246399 0)
(-0.247469 -0.22494 0)
(-0.267987 -0.203777 0)
(-0.283791 -0.181179 0)
(-0.292442 -0.154763 0)
(-0.30009 -0.12203 0)
(-0.304992 -0.0882044 0)
(-0.308981 -0.0625427 0)
(-0.312951 -0.0380355 0)
(-0.307162 -0.00298687 0)
(-0.00558867 -0.276681 0)
(-0.0176491 -0.287339 0)
(-0.0299384 -0.28639 0)
(-0.042826 -0.285613 0)
(-0.0564276 -0.284493 0)
(-0.070918 -0.28275 0)
(-0.0863653 -0.280233 0)
(-0.102897 -0.276849 0)
(-0.120401 -0.272333 0)
(-0.138401 -0.266184 0)
(-0.15593 -0.259229 0)
(-0.173095 -0.251236 0)
(-0.191384 -0.237612 0)
(-0.209026 -0.221974 0)
(-0.224029 -0.204753 0)
(-0.239583 -0.183269 0)
(-0.256815 -0.156968 0)
(-0.272852 -0.128852 0)
(-0.280056 -0.105957 0)
(-0.281317 -0.0903503 0)
(-0.28189 -0.0705377 0)
(-0.285728 -0.036964 0)
(-0.285066 -0.00750211 0)
(-0.00562563 -0.268657 0)
(-0.0176848 -0.278923 0)
(-0.0298289 -0.277938 0)
(-0.0422587 -0.277059 0)
(-0.0550069 -0.275584 0)
(-0.0680944 -0.273455 0)
(-0.0815977 -0.270561 0)
(-0.095634 -0.266799 0)
(-0.110438 -0.261978 0)
(-0.126009 -0.25562 0)
(-0.142585 -0.246817 0)
(-0.160227 -0.2349 0)
(-0.177926 -0.222361 0)
(-0.195261 -0.208092 0)
(-0.212769 -0.191323 0)
(-0.226573 -0.173157 0)
(-0.23577 -0.156561 0)
(-0.241477 -0.138872 0)
(-0.248295 -0.114299 0)
(-0.253082 -0.083769 0)
(-0.261299 -0.0567365 0)
(-0.26389 -0.0370624 0)
(-0.260037 -0.0151542 0)
(-0.00542686 -0.253354 0)
(-0.0170723 -0.262957 0)
(-0.028788 -0.261609 0)
(-0.0408032 -0.260171 0)
(-0.0531611 -0.258106 0)
(-0.0659255 -0.255331 0)
(-0.0791106 -0.251718 0)
(-0.0927399 -0.247115 0)
(-0.106755 -0.241285 0)
(-0.12105 -0.233997 0)
(-0.135342 -0.225472 0)
(-0.149369 -0.216642 0)
(-0.162853 -0.205529 0)
(-0.175635 -0.191619 0)
(-0.18697 -0.175704 0)
(-0.198666 -0.158404 0)
(-0.210697 -0.137342 0)
(-0.223263 -0.114841 0)
(-0.232039 -0.0952075 0)
(-0.236253 -0.0797945 0)
(-0.237181 -0.0609756 0)
(-0.239209 -0.0375669 0)
(-0.239725 -0.0158076 0)
(-0.00518578 -0.246173 0)
(-0.0161499 -0.255633 0)
(-0.027201 -0.25428 0)
(-0.0384523 -0.252788 0)
(-0.0499896 -0.250602 0)
(-0.0618815 -0.247671 0)
(-0.0741934 -0.243884 0)
(-0.0869337 -0.239114 0)
(-0.0999903 -0.233198 0)
(-0.113091 -0.225895 0)
(-0.126028 -0.216844 0)
(-0.138974 -0.205825 0)
(-0.152051 -0.193542 0)
(-0.164907 -0.180553 0)
(-0.177236 -0.166323 0)
(-0.187948 -0.150448 0)
(-0.196648 -0.134329 0)
(-0.20276 -0.117025 0)
(-0.207804 -0.0973232 0)
(-0.21286 -0.0756818 0)
(-0.217427 -0.0553918 0)
(-0.22003 -0.0366708 0)
(-0.22006 -0.0175022 0)
(-0.00490909 -0.232727 0)
(-0.015429 -0.241496 0)
(-0.0259407 -0.239885 0)
(-0.0366236 -0.237937 0)
(-0.0474741 -0.23525 0)
(-0.0585032 -0.231785 0)
(-0.0697098 -0.227481 0)
(-0.0810851 -0.222259 0)
(-0.0926299 -0.216045 0)
(-0.104366 -0.208818 0)
(-0.116199 -0.200604 0)
(-0.127819 -0.191356 0)
(-0.138902 -0.180624 0)
(-0.14938 -0.168021 0)
(-0.159244 -0.153986 0)
(-0.168523 -0.138984 0)
(-0.177074 -0.122593 0)
(-0.184923 -0.105477 0)
(-0.191316 -0.0884111 0)
(-0.195615 -0.0715477 0)
(-0.19839 -0.0539392 0)
(-0.200884 -0.0356625 0)
(-0.202013 -0.0174568 0)
(-0.00465352 -0.224953 0)
(-0.0144646 -0.233632 0)
(-0.0242946 -0.232069 0)
(-0.034237 -0.23016 0)
(-0.0443211 -0.227505 0)
(-0.0545685 -0.224059 0)
(-0.0649818 -0.219737 0)
(-0.0755304 -0.21445 0)
(-0.0861397 -0.208093 0)
(-0.0967034 -0.200571 0)
(-0.107146 -0.191817 0)
(-0.117453 -0.181838 0)
(-0.127582 -0.170803 0)
(-0.137311 -0.158886 0)
(-0.146386 -0.145943 0)
(-0.154646 -0.131886 0)
(-0.161953 -0.117006 0)
(-0.168191 -0.101282 0)
(-0.173468 -0.084746 0)
(-0.177714 -0.067708 0)
(-0.180912 -0.0508208 0)
(-0.183477 -0.0340885 0)
(-0.184879 -0.0171068 0)
(-0.00430393 -0.214508 0)
(-0.0134428 -0.222731 0)
(-0.0225677 -0.221066 0)
(-0.0317752 -0.218945 0)
(-0.0410755 -0.216047 0)
(-0.0504739 -0.212353 0)
(-0.0599632 -0.207825 0)
(-0.0695221 -0.20242 0)
(-0.0791164 -0.196108 0)
(-0.0886932 -0.188857 0)
(-0.0981661 -0.180635 0)
(-0.10741 -0.171398 0)
(-0.116302 -0.161066 0)
(-0.124778 -0.149602 0)
(-0.13277 -0.137134 0)
(-0.140148 -0.123799 0)
(-0.146803 -0.109655 0)
(-0.152667 -0.0948879 0)
(-0.157629 -0.0796472 0)
(-0.161533 -0.0640497 0)
(-0.164455 -0.0482493 0)
(-0.166928 -0.0323724 0)
(-0.168592 -0.0163211 0)
(-0.00399597 -0.206604 0)
(-0.0124078 -0.214642 0)
(-0.0208113 -0.212993 0)
(-0.0292671 -0.210845 0)
(-0.0377859 -0.207921 0)
(-0.0463641 -0.204199 0)
(-0.0549903 -0.199639 0)
(-0.0636386 -0.1942 0)
(-0.0722696 -0.187843 0)
(-0.080833 -0.180539 0)
(-0.089271 -0.172274 0)
(-0.0975206 -0.163054 0)
(-0.105502 -0.152919 0)
(-0.113108 -0.141911 0)
(-0.120232 -0.130047 0)
(-0.126793 -0.117371 0)
(-0.132711 -0.103985 0)
(-0.137932 -0.0899813 0)
(-0.142423 -0.0754694 0)
(-0.146092 -0.0605963 0)
(-0.14892 -0.0455833 0)
(-0.151286 -0.0305369 0)
(-0.15305 -0.0153149 0)
(-0.00364367 -0.198451 0)
(-0.0113038 -0.206207 0)
(-0.0189632 -0.204547 0)
(-0.0266491 -0.202327 0)
(-0.0343794 -0.199327 0)
(-0.0421456 -0.195538 0)
(-0.0499351 -0.190938 0)
(-0.0577246 -0.185508 0)
(-0.0654798 -0.179231 0)
(-0.0731551 -0.172092 0)
(-0.0806941 -0.16408 0)
(-0.088031 -0.155193 0)
(-0.0950972 -0.145436 0)
(-0.101827 -0.134833 0)
(-0.10815 -0.123439 0)
(-0.113994 -0.111323 0)
(-0.119294 -0.0985626 0)
(-0.124002 -0.0852541 0)
(-0.128083 -0.0714923 0)
(-0.131475 -0.0573798 0)
(-0.134144 -0.0430681 0)
(-0.136377 -0.0286884 0)
(-0.138166 -0.014165 0)
(-0.00330017 -0.191451 0)
(-0.0101913 -0.199009 0)
(-0.0171 -0.197366 0)
(-0.0240142 -0.195116 0)
(-0.0309612 -0.192091 0)
(-0.0379258 -0.188283 0)
(-0.0448953 -0.183678 0)
(-0.0518476 -0.178264 0)
(-0.0587519 -0.172029 0)
(-0.0655699 -0.164969 0)
(-0.0722557 -0.157085 0)
(-0.0787579 -0.148387 0)
(-0.0850193 -0.138898 0)
(-0.0909793 -0.128647 0)
(-0.0965783 -0.117677 0)
(-0.101762 -0.106043 0)
(-0.10648 -0.0938133 0)
(-0.110695 -0.0810703 0)
(-0.114385 -0.0678995 0)
(-0.117506 -0.0543921 0)
(-0.120016 -0.0406725 0)
(-0.12211 -0.0268653 0)
(-0.123868 -0.0129376 0)
(-0.00294188 -0.185011 0)
(-0.00904884 -0.192366 0)
(-0.0152026 -0.190742 0)
(-0.0213421 -0.188462 0)
(-0.0275116 -0.185414 0)
(-0.0336903 -0.181595 0)
(-0.0398665 -0.176997 0)
(-0.0460199 -0.171619 0)
(-0.0521223 -0.165458 0)
(-0.0581391 -0.158516 0)
(-0.0640299 -0.150799 0)
(-0.0697504 -0.142318 0)
(-0.075254 -0.133094 0)
(-0.0804937 -0.123158 0)
(-0.085423 -0.112552 0)
(-0.0899972 -0.101329 0)
(-0.0941778 -0.089553 0)
(-0.0979347 -0.0772951 0)
(-0.10125 -0.0646319 0)
(-0.104098 -0.0516417 0)
(-0.106436 -0.0384252 0)
(-0.108391 -0.0251012 0)
(-0.110086 -0.0116763 0)
(-0.00257435 -0.179401 0)
(-0.00788644 -0.186575 0)
(-0.0132863 -0.184973 0)
(-0.0186516 -0.182669 0)
(-0.0240499 -0.179605 0)
(-0.0294534 -0.175779 0)
(-0.0348532 -0.171191 0)
(-0.0402323 -0.165843 0)
(-0.0455649 -0.159744 0)
(-0.0508197 -0.152899 0)
(-0.0559612 -0.145319 0)
(-0.0609512 -0.137019 0)
(-0.0657508 -0.12802 0)
(-0.0703217 -0.118354 0)
(-0.0746268 -0.108059 0)
(-0.0786316 -0.0971856 0)
(-0.0823056 -0.0857895 0)
(-0.0856263 -0.0739345 0)
(-0.0885811 -0.0616903 0)
(-0.0911549 -0.0491275 0)
(-0.0933154 -0.036331 0)
(-0.095136 -0.0234092 0)
(-0.0967548 -0.0104006 0)
(-0.00218531 -0.174546 0)
(-0.00669475 -0.181529 0)
(-0.0113502 -0.179946 0)
(-0.0159425 -0.177616 0)
(-0.0205729 -0.174538 0)
(-0.0252066 -0.170706 0)
(-0.0298397 -0.166123 0)
(-0.0344631 -0.160804 0)
(-0.0390545 -0.154763 0)
(-0.0435845 -0.14801 0)
(-0.0480192 -0.140557 0)
(-0.0523232 -0.13242 0)
(-0.056463 -0.123619 0)
(-0.0604081 -0.114182 0)
(-0.0641292 -0.10415 0)
(-0.0675981 -0.0935693 0)
(-0.0707915 -0.0824891 0)
(-0.0736938 -0.0709668 0)
(-0.0762975 -0.0590657 0)
(-0.0785968 -0.0468511 0)
(-0.0805716 -0.0343963 0)
(-0.0822623 -0.0218006 0)
(-0.0837948 -0.00912674 0)
(-0.00176563 -0.170473 0)
(-0.00547784 -0.177218 0)
(-0.00941978 -0.175657 0)
(-0.0132472 -0.17331 0)
(-0.017109 -0.170227 0)
(-0.0209657 -0.166401 0)
(-0.0248137 -0.161836 0)
(-0.02866 -0.156551 0)
(-0.0324977 -0.150558 0)
(-0.0363111 -0.143873 0)
(-0.0400713 -0.136517 0)
(-0.0437395 -0.128508 0)
(-0.0472772 -0.119866 0)
(-0.050652 -0.110617 0)
(-0.0538407 -0.100805 0)
(-0.0568165 -0.0904675 0)
(-0.059559 -0.0796448 0)
(-0.0620611 -0.0683876 0)
(-0.0643227 -0.0567569 0)
(-0.0663457 -0.044815 0)
(-0.0681264 -0.0326241 0)
(-0.0696914 -0.0202755 0)
(-0.0711468 -0.00784944 0)
(-0.00130736 -0.167277 0)
(-0.00428117 -0.173667 0)
(-0.00761505 -0.17214 0)
(-0.0107322 -0.169804 0)
(-0.0138547 -0.166741 0)
(-0.0169475 -0.162959 0)
(-0.0199237 -0.158404 0)
(-0.0228008 -0.153081 0)
(-0.0256595 -0.147038 0)
(-0.0285695 -0.140324 0)
(-0.0315757 -0.132982 0)
(-0.0346612 -0.125051 0)
(-0.037759 -0.116558 0)
(-0.0407367 -0.107504 0)
(-0.0435007 -0.097897 0)
(-0.046086 -0.0877842 0)
(-0.0484604 -0.0771991 0)
(-0.0506157 -0.066174 0)
(-0.052565 -0.0547649 0)
(-0.0543202 -0.0430321 0)
(-0.0558962 -0.0310251 0)
(-0.0573305 -0.0188506 0)
(-0.0587236 -0.0066026 0)
(-0.000843772 -0.165218 0)
(-0.00328229 -0.17108 0)
(-0.00626536 -0.169609 0)
(-0.00886641 -0.167318 0)
(-0.0114364 -0.164291 0)
(-0.0139087 -0.160542 0)
(-0.0162463 -0.156032 0)
(-0.0184851 -0.150767 0)
(-0.0205669 -0.144723 0)
(-0.022448 -0.137908 0)
(-0.0242029 -0.130421 0)
(-0.0259541 -0.122329 0)
(-0.0278137 -0.113693 0)
(-0.0298683 -0.104567 0)
(-0.0321648 -0.0950054 0)
(-0.0345449 -0.0850392 0)
(-0.0368929 -0.0747135 0)
(-0.0390374 -0.0640316 0)
(-0.040813 -0.0529417 0)
(-0.0423774 -0.0414561 0)
(-0.0437857 -0.0295778 0)
(-0.0451174 -0.0173667 0)
(-0.0464109 -0.00507618 0)
(-0.000556089 -0.163548 0)
(-0.00288012 -0.168503 0)
(-0.00589316 -0.167121 0)
(-0.00839578 -0.164958 0)
(-0.0108586 -0.162047 0)
(-0.0131174 -0.158369 0)
(-0.015394 -0.154049 0)
(-0.0175161 -0.149007 0)
(-0.0194413 -0.143245 0)
(-0.0211385 -0.136761 0)
(-0.0225135 -0.129495 0)
(-0.0235035 -0.12147 0)
(-0.0242066 -0.112822 0)
(-0.024684 -0.103609 0)
(-0.0250069 -0.0938613 0)
(-0.0253507 -0.0836252 0)
(-0.0258937 -0.0729835 0)
(-0.026825 -0.0620485 0)
(-0.0282683 -0.0509315 0)
(-0.0298495 -0.0396698 0)
(-0.0313184 -0.028311 0)
(-0.0326306 -0.0166691 0)
(-0.0342209 -0.00444589 0)
(-0.000668027 -0.159965 0)
(-0.00334614 -0.163073 0)
(-0.00671252 -0.161834 0)
(-0.00957736 -0.159955 0)
(-0.0124164 -0.157371 0)
(-0.0150267 -0.154085 0)
(-0.017331 -0.150081 0)
(-0.0193704 -0.145428 0)
(-0.0211291 -0.140129 0)
(-0.0225896 -0.134185 0)
(-0.0237307 -0.127598 0)
(-0.024533 -0.120348 0)
(-0.0248969 -0.112356 0)
(-0.0248737 -0.10366 0)
(-0.0244927 -0.094302 0)
(-0.023769 -0.0843145 0)
(-0.0227606 -0.0737134 0)
(-0.0215678 -0.0625273 0)
(-0.0203561 -0.0508132 0)
(-0.0194853 -0.0386281 0)
(-0.0193255 -0.0260906 0)
(-0.0200226 -0.0134798 0)
(-0.0214829 -0.00122357 0)
(-0.000761296 -0.158153 0)
(-0.00359426 -0.160064 0)
(-0.00712596 -0.158906 0)
(-0.0101135 -0.157171 0)
(-0.0130497 -0.154747 0)
(-0.0157753 -0.151663 0)
(-0.0182688 -0.147925 0)
(-0.020496 -0.143533 0)
(-0.0224335 -0.138497 0)
(-0.0240533 -0.132824 0)
(-0.0253243 -0.126518 0)
(-0.0262159 -0.11959 0)
(-0.0266842 -0.112039 0)
(-0.0266867 -0.103867 0)
(-0.0262095 -0.0950872 0)
(-0.0252574 -0.0857117 0)
(-0.0238417 -0.0757452 0)
(-0.0219893 -0.065188 0)
(-0.0197562 -0.0540321 0)
(-0.0172468 -0.0422591 0)
(-0.0146388 -0.0297865 0)
(-0.012262 -0.0164981 0)
(-0.010601 -0.00233178 0)
(0.435442 0.993887 0)
(-0.407641 0.31341 0)
(0.246568 -1.67926 0)
(-0.634966 1.4737 0)
(0.493349 0.941671 0)
(0.533866 0.808666 0)
(0.316482 0.605481 0)
(-0.282525 1.07473 0)
(0.663156 0.91599 0)
(0.683177 0.854304 0)
(0.681531 0.78972 0)
(0.670475 0.726424 0)
(0.934503 0.989941 0)
(0.897345 0.866853 0)
(0.906073 0.791749 0)
(0.934733 0.70535 0)
(1.13955 1.00315 0)
(1.15066 0.865107 0)
(1.13537 0.758155 0)
(1.14114 0.664569 0)
(1.08988 0.858851 0)
(1.19043 0.794294 0)
(1.24665 0.690975 0)
(1.29195 0.586154 0)
(0.904434 0.49968 0)
(1.02874 0.524139 0)
(1.1291 0.483041 0)
(1.21984 0.425717 0)
(0.807996 0.341586 0)
(0.897219 0.339798 0)
(0.976643 0.302431 0)
(1.05364 0.266934 0)
(0.790239 0.153524 0)
(0.846335 0.143236 0)
(0.9148 0.124025 0)
(0.967968 0.0793621 0)
(0.734251 0.0852573 0)
(0.811072 0.10335 0)
(0.887503 0.0977217 0)
(0.905308 0.0349649 0)
(0.719633 -0.169376 0)
(0.766694 -0.189595 0)
(0.757142 -0.236901 0)
(0.738814 -0.340593 0)
(0.604008 0.443149 0)
(0.340038 1.34462 0)
(-0.34799 1.41524 0)
(-0.327049 0.687904 0)
(-0.45557 0.634791 0)
(-0.303838 0.992496 0)
(-0.357903 0.0380006 0)
(-0.0116311 -0.546085 0)
(-0.319907 0.326011 0)
(-0.122135 0.591712 0)
(-0.0437428 0.264223 0)
(-0.158988 0.217972 0)
(-0.526128 0.289401 0)
(-0.392361 0.303775 0)
(-0.327436 0.171299 0)
(-0.343257 0.119935 0)
(-0.432065 0.152159 0)
(-0.397289 0.16891 0)
(-0.384055 0.162987 0)
(-0.381667 0.156329 0)
(-0.459789 0.130516 0)
(-0.426537 0.128232 0)
(-0.40648 0.127026 0)
(-0.389154 0.126432 0)
(-0.423704 0.0768039 0)
(-0.402833 0.0757155 0)
(-0.39218 0.0859899 0)
(-0.379747 0.0912519 0)
(-0.380267 0.0347079 0)
(-0.375575 0.0509206 0)
(-0.371281 0.0671193 0)
(-0.364894 0.0720536 0)
(-0.360109 0.0292924 0)
(-0.360104 0.0486412 0)
(-0.35878 0.0556552 0)
(-0.347566 0.0631874 0)
(-0.347858 0.0293511 0)
(-0.342219 0.0364099 0)
(-0.340059 0.0403863 0)
(-0.33213 0.0473878 0)
(-0.323193 0.0217372 0)
(-0.320286 0.0249646 0)
(-0.31929 0.0308871 0)
(-0.310089 0.0379704 0)
(-0.299325 0.0145139 0)
(-0.294566 0.0157343 0)
(-0.29472 0.0225165 0)
(-0.291402 0.0298225 0)
(-0.275926 0.00537722 0)
(-0.27147 0.00969637 0)
(-0.271492 0.0145746 0)
(-0.271305 0.0249104 0)
(-0.256266 0.000996416 0)
(-0.252509 0.0056542 0)
(-0.252197 0.01259 0)
(-0.25391 0.0214139 0)
(-0.236847 -0.00320714 0)
(-0.234733 0.00407746 0)
(-0.2341 0.0109736 0)
(-0.235681 0.0191083 0)
(-0.218659 -0.00419822 0)
(-0.21763 0.00295881 0)
(-0.216578 0.0102654 0)
(-0.218193 0.0179024 0)
(-0.201263 -0.00484607 0)
(-0.200789 0.0026125 0)
(-0.199794 0.00985155 0)
(-0.200996 0.0171419 0)
(-0.18461 -0.00485994 0)
(-0.184511 0.0025281 0)
(-0.183635 0.00971471 0)
(-0.184453 0.016739 0)
(-0.168645 -0.00459528 0)
(-0.16878 0.00266192 0)
(-0.168112 0.00973928 0)
(-0.168591 0.0165668 0)
(-0.153325 -0.00408933 0)
(-0.153604 0.00295915 0)
(-0.153172 0.00989326 0)
(-0.153402 0.0165576 0)
(-0.138603 -0.00340837 0)
(-0.138961 0.00340255 0)
(-0.138757 0.0101592 0)
(-0.138834 0.0166739 0)
(-0.124427 -0.0026041 0)
(-0.124827 0.00396824 0)
(-0.124822 0.0105295 0)
(-0.124828 0.0168956 0)
(-0.110739 -0.0017162 0)
(-0.111158 0.00463607 0)
(-0.111316 0.0109996 0)
(-0.111317 0.0172167 0)
(-0.0974804 -0.000755864 0)
(-0.0979061 0.00539833 0)
(-0.0981937 0.0115723 0)
(-0.0982404 0.0176425 0)
(-0.0845868 0.000256487 0)
(-0.0850335 0.00624551 0)
(-0.0854148 0.0122512 0)
(-0.0855381 0.018183 0)
(-0.0719897 0.00132428 0)
(-0.0724587 0.00718389 0)
(-0.07292 0.0130494 0)
(-0.0731483 0.0188585 0)
(-0.0596226 0.00245942 0)
(-0.0601305 0.00823079 0)
(-0.0606622 0.0139907 0)
(-0.0610117 0.0196964 0)
(-0.0473336 0.003815 0)
(-0.0479416 0.00949046 0)
(-0.0485722 0.015147 0)
(-0.049078 0.0207616 0)
(-0.0354159 0.00480425 0)
(-0.036041 0.0105871 0)
(-0.0366894 0.0163081 0)
(-0.0372756 0.0219235 0)
(-0.0223729 0.00741213 0)
(-0.0235153 0.0129684 0)
(-0.0246764 0.0184722 0)
(-0.0258554 0.0239133 0)
(-0.0106587 0.00778341 0)
(-0.0106515 0.0141781 0)
(-0.0108459 0.0202312 0)
(-0.0111614 0.0260257 0)
(-0.849773 1.90368 0)
(0.670404 0.56435 0)
(1.14606 0.171274 0)
(0.381848 -0.0575965 0)
(0.722134 -0.975347 0)
(0.635436 -1.25797 0)
(0.693077 -1.28966 0)
(0.857805 -1.28766 0)
(1.0465 -1.18139 0)
(1.22122 -1.0318 0)
(1.40795 -0.885678 0)
(1.54599 -0.723366 0)
(1.68261 -0.535396 0)
(1.74071 -0.333744 0)
(1.72959 0.00689492 0)
(1.56619 0.495886 0)
(1.36862 1.12676 0)
(1.03537 1.63773 0)
(0.453662 1.67264 0)
(0.340385 1.3084 0)
(2.13437 -0.326298 0)
(0.827844 -0.258108 0)
(0.906127 -0.207839 0)
(1.02644 -0.916207 0)
(0.920422 -1.29993 0)
(0.939498 -1.39053 0)
(1.01026 -1.38723 0)
(1.14021 -1.3098 0)
(1.26403 -1.19677 0)
(1.43033 -0.940307 0)
(1.50202 -0.688838 0)
(1.4617 -0.0660843 0)
(1.55422 1.5539 0)
(0.988829 1.71583 0)
(0.79101 1.40461 0)
(0.97778 1.39792 0)
(0.731536 2.01848 0)
(0.36732 2.24313 0)
(0.859226 0.434632 0)
(1.07083 0.0573602 0)
(0.866966 0.10151 0)
(1.08472 -0.245772 0)
(1.20068 -0.914693 0)
(1.13511 -1.28412 0)
(1.07982 -1.40526 0)
(1.0902 -1.41313 0)
(1.08945 -1.34124 0)
(1.21234 -1.06361 0)
(1.29648 -0.172501 0)
(0.990446 0.354915 0)
(0.574565 -0.0989379 0)
(0.444409 -0.775254 0)
(0.729891 -0.275774 0)
(0.743549 1.13005 0)
(-0.000721601 1.93672 0)
(0.471062 2.13863 0)
(0.227455 2.6975 0)
(1.00688 0.549061 0)
(1.0495 0.346974 0)
(1.07954 0.106294 0)
(1.29171 -0.382775 0)
(1.40628 -0.862373 0)
(1.3083 -1.19056 0)
(1.20971 -1.31678 0)
(1.08414 -1.35616 0)
(0.864493 -1.37996 0)
(0.662728 -1.02906 0)
(0.57373 -0.862427 0)
(0.363405 -0.690068 0)
(0.629873 -0.301047 0)
(0.495165 0.682149 0)
(0.186706 0.651589 0)
(1.00768 1.01498 0)
(-0.769562 2.8255 0)
(0.34922 2.22928 0)
(0.250168 2.97386 0)
(1.18561 0.496288 0)
(1.23476 0.24275 0)
(1.3638 -0.0775486 0)
(1.50559 -0.476773 0)
(1.50469 -0.842157 0)
(1.38565 -1.09702 0)
(1.24769 -1.18755 0)
(0.975715 -1.23181 0)
(0.52474 -1.30978 0)
(0.344339 -1.00225 0)
(0.0650857 -0.347061 0)
(-0.0544131 -0.0295851 0)
(-0.116631 -0.166537 0)
(-0.114147 -0.0987235 0)
(0.355919 -0.0759896 0)
(0.510414 1.20741 0)
(-0.241069 1.99361 0)
(0.149528 2.47658 0)
(0.3477 3.14381 0)
(1.33717 0.428938 0)
(1.42455 0.160318 0)
(1.53652 -0.150977 0)
(1.59464 -0.511533 0)
(1.50881 -0.763748 0)
(1.37791 -0.938656 0)
(1.16798 -1.03736 0)
(0.875803 -1.17566 0)
(0.510045 -0.744035 0)
(0.0626623 -0.43911 0)
(-0.140637 -0.350207 0)
(-0.129644 -0.33268 0)
(0.0183871 -0.214839 0)
(-0.183542 -0.00451756 0)
(0.275036 0.106993 0)
(-0.158404 1.33142 0)
(0.289665 1.76653 0)
(-0.198276 2.72147 0)
(0.443231 3.20728 0)
(1.32727 0.320495 0)
(1.47243 0.0560454 0)
(1.52181 -0.236759 0)
(1.48322 -0.465476 0)
(1.41521 -0.676068 0)
(1.2806 -0.885678 0)
(1.06452 -1.05936 0)
(0.768578 -0.688711 0)
(0.148923 -0.307559 0)
(-0.0112594 -0.369631 0)
(-0.114161 -0.267137 0)
(-0.169354 -0.240456 0)
(-0.0824265 -0.248769 0)
(-0.257148 -0.228246 0)
(0.246104 -0.0109787 0)
(-0.208874 1.1561 0)
(0.735314 1.79259 0)
(-0.458753 2.94911 0)
(0.531107 3.17877 0)
(1.20138 0.158776 0)
(1.30969 -0.0401484 0)
(1.36192 -0.187315 0)
(1.36107 -0.386658 0)
(1.34749 -0.637407 0)
(1.23652 -0.797727 0)
(0.717551 -0.588984 0)
(0.0741128 -0.224293 0)
(-0.0372617 -0.137807 0)
(-0.119807 -0.193858 0)
(-0.190748 -0.224638 0)
(-0.194332 -0.257128 0)
(-0.128397 -0.258133 0)
(-0.274392 -0.286329 0)
(0.21776 -0.0145519 0)
(-0.217833 0.775137 0)
(1.22505 1.7493 0)
(-0.773101 3.30868 0)
(0.753757 3.04825 0)
(1.06419 0.0453635 0)
(1.15823 -0.0331535 0)
(1.29869 -0.244879 0)
(1.24033 -0.489925 0)
(1.04752 -0.429369 0)
(0.57355 -0.0728252 0)
(0.0683182 -0.13307 0)
(-0.100282 -0.107967 0)
(-0.129704 -0.103336 0)
(-0.179458 -0.174109 0)
(-0.217268 -0.204341 0)
(-0.228188 -0.254538 0)
(-0.202183 -0.303332 0)
(-0.301371 -0.367717 0)
(0.157226 -0.110095 0)
(-0.297316 0.36521 0)
(1.40133 1.8094 0)
(-1.20328 3.8641 0)
(1.02526 3.02663 0)
(1.0819 -0.0702766 0)
(1.08435 -0.31837 0)
(0.909913 -0.350925 0)
(0.821747 0.425266 0)
(0.149338 0.0674732 0)
(0.0409196 0.0561326 0)
(-0.081862 -0.0255787 0)
(-0.154682 -0.0185256 0)
(-0.198945 -0.0658946 0)
(-0.224374 -0.125253 0)
(-0.256994 -0.177689 0)
(-0.278714 -0.240281 0)
(-0.292079 -0.321851 0)
(-0.339278 -0.408035 0)
(0.0151639 -0.23511 0)
(-0.394947 -0.10008 0)
(1.3146 1.76007 0)
(-0.484759 3.86071 0)
(1.27293 3.31699 0)
(0.689679 -0.275774 0)
(0.799096 0.957936 0)
(-0.0887243 0.512256 0)
(-0.059334 0.0044342 0)
(-0.071239 0.163265 0)
(-0.161919 0.102147 0)
(-0.163972 0.0565734 0)
(-0.222168 0.00411901 0)
(-0.236079 -0.0432259 0)
(-0.266196 -0.0986425 0)
(-0.306508 -0.145439 0)
(-0.343801 -0.212541 0)
(-0.388765 -0.303423 0)
(-0.421608 -0.407665 0)
(-0.288805 -0.384931 0)
(-0.589339 -0.438885 0)
(0.742491 1.43762 0)
(0.0904198 3.58146 0)
(1.79423 4.26929 0)
(-0.552857 0.190181 0)
(-0.228092 0.0461973 0)
(-0.14477 0.0867674 0)
(-0.167298 0.177298 0)
(-0.205335 0.128348 0)
(-0.216219 0.127723 0)
(-0.226181 0.0668864 0)
(-0.252078 0.0301944 0)
(-0.272724 -0.0184484 0)
(-0.310284 -0.058981 0)
(-0.355282 -0.105324 0)
(-0.408724 -0.163726 0)
(-0.477642 -0.241263 0)
(-0.546227 -0.342221 0)
(-0.651362 -0.440655 0)
(-0.888273 -0.483682 0)
(-0.157871 0.970929 0)
(-0.737121 2.93312 0)
(2.36743 5.25665 0)
(-0.17219 -0.278348 0)
(-0.203041 0.163478 0)
(-0.260626 0.209553 0)
(-0.262539 0.175344 0)
(-0.262886 0.151929 0)
(-0.264317 0.124671 0)
(-0.260124 0.0841674 0)
(-0.281636 0.0465914 0)
(-0.306839 0.0131909 0)
(-0.345669 -0.0208723 0)
(-0.395487 -0.0561276 0)
(-0.460413 -0.0992294 0)
(-0.548249 -0.153209 0)
(-0.663174 -0.225708 0)
(-0.863743 -0.325232 0)
(-1.16393 -0.313339 0)
(-1.0421 0.577096 0)
(-1.57498 2.29143 0)
(1.53524 4.86603 0)
(-0.334929 0.222943 0)
(-0.370279 0.175067 0)
(-0.332659 0.186845 0)
(-0.301815 0.16439 0)
(-0.289755 0.144221 0)
(-0.28845 0.121233 0)
(-0.284173 0.0935524 0)
(-0.309374 0.0663737 0)
(-0.33025 0.0441003 0)
(-0.372027 0.0189414 0)
(-0.422039 -0.00231311 0)
(-0.492016 -0.0267266 0)
(-0.587505 -0.0513979 0)
(-0.722355 -0.0795507 0)
(-0.933245 -0.109725 0)
(-1.26686 -0.0488464 0)
(-1.54564 0.473451 0)
(-1.64955 1.92663 0)
(-0.21174 4.43276 0)
(-0.346382 0.105709 0)
(-0.35187 0.151853 0)
(-0.335101 0.164515 0)
(-0.31549 0.148581 0)
(-0.305166 0.1356 0)
(-0.304057 0.121413 0)
(-0.302303 0.102082 0)
(-0.328174 0.0867407 0)
(-0.344705 0.0725626 0)
(-0.387229 0.0587711 0)
(-0.433613 0.0509338 0)
(-0.501581 0.0455272 0)
(-0.591495 0.0485936 0)
(-0.716679 0.064053 0)
(-0.89625 0.105142 0)
(-1.1646 0.224145 0)
(-1.49446 0.577032 0)
(-1.43406 1.55804 0)
(-0.875998 2.98755 0)
(-0.369675 0.146596 0)
(-0.353868 0.145849 0)
(-0.333443 0.142359 0)
(-0.3227 0.138414 0)
(-0.313499 0.12918 0)
(-0.314121 0.122734 0)
(-0.313534 0.110619 0)
(-0.337467 0.105867 0)
(-0.351557 0.0982971 0)
(-0.390997 0.0960727 0)
(-0.431725 0.0995973 0)
(-0.491719 0.110549 0)
(-0.567235 0.135052 0)
(-0.666546 0.180934 0)
(-0.793376 0.264792 0)
(-0.954471 0.422296 0)
(-1.13003 0.73903 0)
(-0.995024 1.38505 0)
(-0.653511 1.96659 0)
(-0.364345 0.125824 0)
(-0.347168 0.123129 0)
(-0.337529 0.133141 0)
(-0.321609 0.130302 0)
(-0.316672 0.124572 0)
(-0.318993 0.125144 0)
(-0.317841 0.118987 0)
(-0.33982 0.121816 0)
(-0.350756 0.121544 0)
(-0.3854 0.128415 0)
(-0.418806 0.141218 0)
(-0.467681 0.164188 0)
(-0.525298 0.202483 0)
(-0.59538 0.264235 0)
(-0.67324 0.362902 0)
(-0.750219 0.519537 0)
(-0.802151 0.774509 0)
(-0.631535 1.19804 0)
(-0.345479 1.43376 0)
(-0.356708 0.0995571 0)
(-0.344637 0.112532 0)
(-0.336054 0.125244 0)
(-0.317095 0.121957 0)
(-0.313137 0.122426 0)
(-0.318753 0.127188 0)
(-0.316262 0.125385 0)
(-0.335665 0.136352 0)
(-0.344279 0.140437 0)
(-0.372237 0.155149 0)
(-0.398191 0.174363 0)
(-0.434884 0.205009 0)
(-0.474966 0.250235 0)
(-0.518842 0.316807 0)
(-0.558783 0.4134 0)
(-0.582178 0.55023 0)
(-0.569197 0.739496 0)
(-0.411251 0.99844 0)
(-0.186422 1.10645 0)
(-0.34848 0.0836419 0)
(-0.34113 0.104711 0)
(-0.323759 0.112403 0)
(-0.314011 0.108607 0)
(-0.311703 0.125129 0)
(-0.311537 0.13134 0)
(-0.311692 0.130944 0)
(-0.325662 0.14831 0)
(-0.333314 0.15542 0)
(-0.353838 0.175666 0)
(-0.372815 0.198983 0)
(-0.39798 0.233506 0)
(-0.42294 0.280525 0)
(-0.446163 0.344926 0)
(-0.459927 0.431159 0)
(-0.45308 0.542611 0)
(-0.411964 0.678537 0)
(-0.282823 0.835155 0)
(-0.114147 0.889577 0)
(-0.340698 0.0741811 0)
(-0.327627 0.0893166 0)
(-0.311275 0.103563 0)
(-0.304024 0.104645 0)
(-0.307971 0.122756 0)
(-0.29819 0.127815 0)
(-0.307036 0.138491 0)
(-0.310741 0.154999 0)
(-0.319275 0.167383 0)
(-0.332177 0.190008 0)
(-0.345133 0.215825 0)
(-0.360337 0.251307 0)
(-0.373315 0.296826 0)
(-0.38156 0.355443 0)
(-0.378716 0.428729 0)
(-0.356526 0.516427 0)
(-0.30636 0.61345 0)
(-0.204204 0.710584 0)
(-0.0768546 0.738982 0)
(-0.321908 0.0620348 0)
(-0.309525 0.0775048 0)
(-0.298983 0.0935075 0)
(-0.298627 0.103912 0)
(-0.294129 0.12176 0)
(-0.288502 0.126581 0)
(-0.294835 0.144355 0)
(-0.295486 0.158364 0)
(-0.302107 0.17605 0)
(-0.309246 0.198947 0)
(-0.316841 0.225992 0)
(-0.324108 0.260473 0)
(-0.328124 0.302707 0)
(-0.32617 0.354198 0)
(-0.313525 0.414909 0)
(-0.284616 0.483016 0)
(-0.234243 0.552872 0)
(-0.153163 0.615225 0)
(-0.0547091 0.62925 0)
(-0.301819 0.0500107 0)
(-0.293751 0.0665922 0)
(-0.285717 0.0900865 0)
(-0.29001 0.102317 0)
(-0.275025 0.113696 0)
(-0.281292 0.128711 0)
(-0.277862 0.145368 0)
(-0.28035 0.160997 0)
(-0.282881 0.180848 0)
(-0.286252 0.203648 0)
(-0.289124 0.230656 0)
(-0.290466 0.263072 0)
(-0.288082 0.301237 0)
(-0.27959 0.345569 0)
(-0.261658 0.395272 0)
(-0.230753 0.448084 0)
(-0.183904 0.499157 0)
(-0.118685 0.540581 0)
(-0.0404983 0.545918 0)
(-0.280876 0.0385145 0)
(-0.279385 0.0622076 0)
(-0.275981 0.0874888 0)
(-0.271648 0.0963115 0)
(-0.262602 0.110594 0)
(-0.267444 0.129772 0)
(-0.261665 0.143992 0)
(-0.263839 0.162488 0)
(-0.263174 0.182367 0)
(-0.263712 0.20502 0)
(-0.262793 0.231027 0)
(-0.25989 0.260924 0)
(-0.25316 0.29486 0)
(-0.240763 0.332654 0)
(-0.220414 0.373233 0)
(-0.189954 0.414423 0)
(-0.147884 0.45245 0)
(-0.0940509 0.481128 0)
(-0.0316585 0.481092 0)
(-0.26422 0.038624 0)
(-0.263901 0.0566946 0)
(-0.262836 0.0824713 0)
(-0.251631 0.0915097 0)
(-0.252507 0.108494 0)
(-0.249993 0.128165 0)
(-0.246432 0.142436 0)
(-0.246242 0.162109 0)
(-0.243816 0.181586 0)
(-0.241971 0.203739 0)
(-0.238282 0.228242 0)
(-0.232439 0.255503 0)
(-0.222936 0.285416 0)
(-0.208438 0.317543 0)
(-0.187416 0.350784 0)
(-0.158592 0.383267 0)
(-0.121321 0.412136 0)
(-0.0762036 0.43281 0)
(-0.0254836 0.429518 0)
(-0.248588 0.0353432 0)
(-0.246335 0.0548696 0)
(-0.247188 0.0765703 0)
(-0.235296 0.0885082 0)
(-0.238886 0.106679 0)
(-0.233022 0.124996 0)
(-0.230855 0.140695 0)
(-0.228528 0.16006 0)
(-0.225055 0.179183 0)
(-0.22132 0.200432 0)
(-0.215733 0.223255 0)
(-0.207952 0.247941 0)
(-0.196837 0.274219 0)
(-0.181437 0.30157 0)
(-0.160756 0.328988 0)
(-0.134075 0.354948 0)
(-0.101199 0.37731 0)
(-0.0629338 0.392671 0)
(-0.0209093 0.387351 0)
(-0.233029 0.0338034 0)
(-0.229191 0.0526859 0)
(-0.230143 0.0716859 0)
(-0.221044 0.086175 0)
(-0.222946 0.104434 0)
(-0.217124 0.121625 0)
(-0.214846 0.138352 0)
(-0.211263 0.156916 0)
(-0.207009 0.175584 0)
(-0.201934 0.195689 0)
(-0.195117 0.216817 0)
(-0.186166 0.239092 0)
(-0.174264 0.262184 0)
(-0.158746 0.285573 0)
(-0.138978 0.30839 0)
(-0.114585 0.329429 0)
(-0.085602 0.347103 0)
(-0.0528185 0.358824 0)
(-0.0174447 0.352294 0)
(-0.216919 0.0318684 0)
(-0.212657 0.0505412 0)
(-0.213273 0.0682009 0)
(-0.206851 0.0839786 0)
(-0.206686 0.101776 0)
(-0.20176 0.118402 0)
(-0.198873 0.135375 0)
(-0.194649 0.153117 0)
(-0.189796 0.171136 0)
(-0.183867 0.190014 0)
(-0.176323 0.209503 0)
(-0.166777 0.229586 0)
(-0.154665 0.249933 0)
(-0.139524 0.270062 0)
(-0.120968 0.289249 0)
(-0.0988243 0.306552 0)
(-0.0732373 0.320797 0)
(-0.0449105 0.329981 0)
(-0.0147562 0.32281 0)
(-0.200791 0.0304598 0)
(-0.196807 0.0485341 0)
(-0.196984 0.0655634 0)
(-0.192318 0.0817376 0)
(-0.190877 0.0989422 0)
(-0.186678 0.115231 0)
(-0.183281 0.131946 0)
(-0.178749 0.148921 0)
(-0.173495 0.166141 0)
(-0.167096 0.183801 0)
(-0.159203 0.201746 0)
(-0.149484 0.219874 0)
(-0.137552 0.237881 0)
(-0.123092 0.255337 0)
(-0.105881 0.27165 0)
(-0.0858642 0.286091 0)
(-0.0632288 0.297786 0)
(-0.0385825 0.305154 0)
(-0.0126194 0.297696 0)
(-0.184891 0.0293589 0)
(-0.181486 0.0468416 0)
(-0.181299 0.0634316 0)
(-0.17771 0.0795214 0)
(-0.175654 0.096113 0)
(-0.171911 0.112054 0)
(-0.168233 0.128265 0)
(-0.163586 0.144502 0)
(-0.158133 0.160853 0)
(-0.151553 0.177346 0)
(-0.143597 0.193867 0)
(-0.134004 0.210274 0)
(-0.12251 0.226294 0)
(-0.108909 0.241555 0)
(-0.09308 0.25558 0)
(-0.0750378 0.267805 0)
(-0.054977 0.27757 0)
(-0.0334164 0.283607 0)
(-0.0108865 0.276076 0)
(-0.169379 0.0285839 0)
(-0.166626 0.0454334 0)
(-0.166173 0.0616156 0)
(-0.16329 0.0773936 0)
(-0.161002 0.0933832 0)
(-0.157561 0.108899 0)
(-0.153797 0.124502 0)
(-0.149167 0.140003 0)
(-0.143694 0.155472 0)
(-0.137147 0.170873 0)
(-0.129341 0.1861 0)
(-0.120084 0.201002 0)
(-0.109195 0.215337 0)
(-0.0965471 0.228792 0)
(-0.0820845 0.240982 0)
(-0.065859 0.251469 0)
(-0.0480572 0.259752 0)
(-0.02912 0.264796 0)
(-0.00945398 0.257328 0)
(-0.15433 0.0280638 0)
(-0.1522 0.0442844 0)
(-0.151586 0.0600274 0)
(-0.149207 0.075392 0)
(-0.146897 0.0907944 0)
(-0.143703 0.105819 0)
(-0.139996 0.120778 0)
(-0.135487 0.135551 0)
(-0.130136 0.15016 0)
(-0.123781 0.164547 0)
(-0.116283 0.178609 0)
(-0.107504 0.1922 0)
(-0.097324 0.205107 0)
(-0.0856697 0.217069 0)
(-0.072528 0.227776 0)
(-0.0579685 0.236885 0)
(-0.0421626 0.244015 0)
(-0.0254846 0.248308 0)
(-0.0082485 0.240985 0)
(-0.139776 0.0277485 0)
(-0.138201 0.0433644 0)
(-0.137521 0.0586385 0)
(-0.135538 0.0735461 0)
(-0.133325 0.0883758 0)
(-0.130373 0.10287 0)
(-0.126825 0.117186 0)
(-0.122523 0.131246 0)
(-0.117405 0.145037 0)
(-0.111359 0.158492 0)
(-0.10428 0.171513 0)
(-0.0960731 0.183962 0)
(-0.0866623 0.195657 0)
(-0.07601 0.206378 0)
(-0.0641294 0.215876 0)
(-0.0510977 0.223882 0)
(-0.0370686 0.230102 0)
(-0.0223605 0.233816 0)
(-0.00721751 0.226686 0)
(-0.125718 0.0276008 0)
(-0.124624 0.042652 0)
(-0.123961 0.0574442 0)
(-0.122313 0.0718807 0)
(-0.120275 0.0861555 0)
(-0.117581 0.100104 0)
(-0.114267 0.113795 0)
(-0.110242 0.127168 0)
(-0.105442 0.140192 0)
(-0.0997887 0.152797 0)
(-0.0932068 0.16489 0)
(-0.0856317 0.176345 0)
(-0.0770191 0.187005 0)
(-0.0673561 0.196689 0)
(-0.0566716 0.205193 0)
(-0.0450437 0.212306 0)
(-0.0326084 0.217798 0)
(-0.0196379 0.221062 0)
(-0.00632327 0.214147 0)
(-0.112138 0.0276007 0)
(-0.111459 0.0421358 0)
(-0.110882 0.0564508 0)
(-0.10954 0.0704189 0)
(-0.107729 0.0841611 0)
(-0.10532 0.0975689 0)
(-0.102297 0.110658 0)
(-0.0986029 0.123381 0)
(-0.0941843 0.135692 0)
(-0.0889844 0.147526 0)
(-0.0829509 0.158793 0)
(-0.0760428 0.169382 0)
(-0.0682377 0.179158 0)
(-0.0595392 0.18797 0)
(-0.0499851 0.195651 0)
(-0.0396509 0.202035 0)
(-0.0286564 0.206939 0)
(-0.0172349 0.209847 0)
(-0.00553752 0.203155 0)
(-0.0990032 0.0277432 0)
(-0.0986872 0.0418142 0)
(-0.0982556 0.0556706 0)
(-0.0972095 0.0691837 0)
(-0.0956685 0.0824189 0)
(-0.0935705 0.0953015 0)
(-0.0908819 0.10782 0)
(-0.0875636 0.11993 0)
(-0.0835722 0.131584 0)
(-0.0788678 0.142718 0)
(-0.0734158 0.15325 0)
(-0.0671926 0.163081 0)
(-0.0601909 0.172096 0)
(-0.0524256 0.180167 0)
(-0.0439384 0.18716 0)
(-0.034801 0.19294 0)
(-0.0251181 0.197362 0)
(-0.0150905 0.199985 0)
(-0.00483971 0.193514 0)
(-0.0862734 0.0280354 0)
(-0.0862858 0.0416942 0)
(-0.0860508 0.0551198 0)
(-0.0853051 0.0681975 0)
(-0.0840674 0.0809531 0)
(-0.0823073 0.0933337 0)
(-0.0799867 0.105314 0)
(-0.0770764 0.116854 0)
(-0.0735433 0.127906 0)
(-0.0693606 0.138409 0)
(-0.0645071 0.14829 0)
(-0.0589725 0.15746 0)
(-0.0527604 0.165823 0)
(-0.0458929 0.173268 0)
(-0.0384134 0.179687 0)
(-0.0303886 0.184967 0)
(-0.0219108 0.188994 0)
(-0.0131513 0.19139 0)
(-0.00421082 0.185128 0)
(-0.0739013 0.0284971 0)
(-0.074227 0.0417945 0)
(-0.0742374 0.0548228 0)
(-0.0738082 0.0674887 0)
(-0.0729067 0.0797932 0)
(-0.071514 0.0916973 0)
(-0.069594 0.103171 0)
(-0.0671236 0.114178 0)
(-0.0640787 0.124673 0)
(-0.0604418 0.1346 0)
(-0.0562018 0.143893 0)
(-0.0513573 0.152477 0)
(-0.0459192 0.160265 0)
(-0.0399133 0.167167 0)
(-0.033383 0.173092 0)
(-0.0263897 0.177947 0)
(-0.0190138 0.181642 0)
(-0.011405 0.183847 0)
(-0.00364705 0.177782 0)
(-0.0618375 0.0291523 0)
(-0.0624764 0.0421295 0)
(-0.0627729 0.0547886 0)
(-0.062672 0.0670618 0)
(-0.0621184 0.0789388 0)
(-0.0610947 0.0903917 0)
(-0.0595704 0.101393 0)
(-0.0575292 0.111911 0)
(-0.0549573 0.121904 0)
(-0.0518478 0.131322 0)
(-0.0482005 0.140106 0)
(-0.0440229 0.148187 0)
(-0.0393326 0.155492 0)
(-0.0341586 0.161941 0)
(-0.0285431 0.167457 0)
(-0.0225426 0.171964 0)
(-0.0162301 0.175385 0)
(-0.00972624 0.177446 0)
(-0.00310633 0.171558 0)
(-0.050052 0.0300678 0)
(-0.0510492 0.0427754 0)
(-0.0517191 0.0551051 0)
(-0.0520359 0.0670142 0)
(-0.0519366 0.0784885 0)
(-0.0513967 0.0895098 0)
(-0.0503846 0.100057 0)
(-0.048882 0.110104 0)
(-0.0468766 0.119616 0)
(-0.0443643 0.12855 0)
(-0.0413489 0.136855 0)
(-0.0378427 0.144471 0)
(-0.033867 0.151335 0)
(-0.0294525 0.157378 0)
(-0.0246402 0.162535 0)
(-0.0194804 0.166742 0)
(-0.0140316 0.169935 0)
(-0.00840977 0.171855 0)
(-0.00267953 0.166122 0)
(-0.0383702 0.0311557 0)
(-0.0396069 0.0436109 0)
(-0.0404819 0.0556206 0)
(-0.0409806 0.0671788 0)
(-0.0410715 0.0782756 0)
(-0.0407497 0.0889009 0)
(-0.0400058 0.0990412 0)
(-0.0388386 0.108676 0)
(-0.0372493 0.117775 0)
(-0.0352414 0.126298 0)
(-0.0328226 0.1342 0)
(-0.0300054 0.141424 0)
(-0.0268085 0.147912 0)
(-0.023258 0.153602 0)
(-0.01939 0.158431 0)
(-0.0152565 0.162344 0)
(-0.0109371 0.1653 0)
(-0.00654747 0.167127 0)
(-0.00208696 0.161548 0)
(-0.0277572 0.0329131 0)
(-0.0301037 0.0450617 0)
(-0.0320538 0.0566895 0)
(-0.0334753 0.0678294 0)
(-0.0343074 0.0785046 0)
(-0.0345836 0.0887199 0)
(-0.0343361 0.0984621 0)
(-0.0336005 0.107709 0)
(-0.0324103 0.11643 0)
(-0.0307974 0.124589 0)
(-0.0287919 0.132143 0)
(-0.0264234 0.139045 0)
(-0.0237221 0.145245 0)
(-0.0207205 0.150694 0)
(-0.0174531 0.155344 0)
(-0.0139494 0.159162 0)
(-0.0101933 0.162107 0)
(-0.00615369 0.163835 0)
(-0.00194378 0.158333 0)
(-0.0120575 0.0353642 0)
(-0.013551 0.0475159 0)
(-0.0150601 0.0589141 0)
(-0.0165022 0.0696652 0)
(-0.0177588 0.0798437 0)
(-0.0187222 0.0895001 0)
(-0.0193301 0.0986571 0)
(-0.0195496 0.107319 0)
(-0.0193708 0.115472 0)
(-0.0188014 0.123093 0)
(-0.0178609 0.130144 0)
(-0.016577 0.136582 0)
(-0.0149833 0.142359 0)
(-0.0131162 0.14742 0)
(-0.0110121 0.151713 0)
(-0.00871299 0.155177 0)
(-0.00619341 0.15777 0)
(-0.00373911 0.15933 0)
(-0.00116249 0.153985 0)
)
;

boundaryField
{
    leftWall
    {
        type            calculated;
        value           uniform (0 0 0);
    }
    rightWall
    {
        type            calculated;
        value           uniform (0 0 0);
    }
    lowerWall
    {
        type            calculated;
        value           uniform (0 0 0);
    }
    atmosphere
    {
        type            calculated;
        value           nonuniform List<vector> 
46
(
(-0.000761296 -0.158126 0)
(-0.00359426 -0.160019 0)
(-0.00712596 -0.158862 0)
(-0.0101135 -0.15713 0)
(-0.0130497 -0.15471 0)
(-0.0157753 -0.15163 0)
(-0.0182688 -0.147895 0)
(-0.020496 -0.143508 0)
(-0.0224335 -0.138477 0)
(-0.0240533 -0.132809 0)
(-0.0253243 -0.126508 0)
(-0.0262159 -0.119585 0)
(-0.0266842 -0.112038 0)
(-0.0266867 -0.103869 0)
(-0.0262095 -0.095092 0)
(-0.0252574 -0.08572 0)
(-0.0238417 -0.0757572 0)
(-0.0219893 -0.0652036 0)
(-0.0197562 -0.0540511 0)
(-0.0172468 -0.0422805 0)
(-0.0146388 -0.0298087 0)
(-0.012262 -0.0165177 0)
(-0.010601 -0.00234142 0)
(-0.0106587 0.00777639 0)
(-0.0106515 0.0141749 0)
(-0.0108459 0.020232 0)
(-0.0111614 0.0260299 0)
(-0.0120575 0.035372 0)
(-0.013551 0.0475257 0)
(-0.0150601 0.0589254 0)
(-0.0165022 0.0696774 0)
(-0.0177588 0.0798553 0)
(-0.0187222 0.0895102 0)
(-0.0193301 0.0986653 0)
(-0.0195496 0.107325 0)
(-0.0193708 0.115477 0)
(-0.0188014 0.123096 0)
(-0.0178609 0.130146 0)
(-0.016577 0.136583 0)
(-0.0149833 0.142358 0)
(-0.0131162 0.147419 0)
(-0.0110121 0.151711 0)
(-0.00871299 0.155175 0)
(-0.00619341 0.157768 0)
(-0.00373911 0.159328 0)
(-0.00116249 0.153983 0)
)
;
    }
    defaultFaces
    {
        type            empty;
    }
}


// ************************************************************************* //
